id,district_id,electoral_district_id,eligible_voters,voters,question_1_invalid_votes,question_1_valid_votes,question_1_vote_yes,question_1_vote_no,question_2_invalid_votes,question_2_valid_votes,question_2_vote_yes,question_2_vote_no,voter_turnout,question_1_invalid_votes_percentage,question_1_valid_votes_percentage,question_1_vote_yes_percentage,question_1_vote_no_percentage,question_2_invalid_votes_percentage,question_2_valid_votes_percentage,question_2_vote_yes_percentage,question_2_vote_no_percentage
01100,01,100,1267,454,20,434,271,163,21,433,187,246,35.83267561168114,4.405286343612335,95.59471365638767,59.691629955947135,35.90308370044053,4.6255506607929515,95.37444933920705,41.18942731277533,54.18502202643172
01101,01,101,1146,373,16,357,221,136,25,348,166,182,32.54799301919721,4.289544235924933,95.71045576407506,59.24932975871313,36.46112600536193,6.702412868632708,93.2975871313673,44.50402144772118,48.793565683646115
01102,01,102,1028,391,13,378,289,89,33,358,129,229,38.035019455252915,3.324808184143223,96.67519181585678,73.91304347826086,22.762148337595907,8.439897698209718,91.56010230179028,32.992327365728904,58.567774936061376
01103,01,103,1317,471,23,448,257,191,31,440,216,224,35.7630979498861,4.8832271762208075,95.1167728237792,54.56475583864119,40.552016985138,6.581740976645436,93.41825902335457,45.85987261146497,47.5583864118896
01104,01,104,1087,269,10,259,211,48,16,253,85,168,24.747010119595217,3.717472118959108,96.28252788104089,78.43866171003717,17.843866171003718,5.947955390334572,94.05204460966543,31.59851301115242,62.45353159851301
01105,01,105,1087,430,20,410,269,141,22,408,184,224,39.55841766329347,4.651162790697675,95.34883720930233,62.558139534883715,32.79069767441861,5.116279069767442,94.88372093023256,42.7906976744186,52.093023255813954
01106,01,106,1210,462,9,453,279,174,18,444,205,239,38.18181818181819,1.948051948051948,98.05194805194806,60.3896103896104,37.66233766233766,3.896103896103896,96.1038961038961,44.37229437229438,51.73160173160173
01107,01,107,1023,516,16,500,339,161,25,491,185,306,50.43988269794721,3.10077519379845,96.89922480620154,65.69767441860465,31.2015503875969,4.844961240310078,95.15503875968993,35.85271317829458,59.30232558139535
01108,01,108,1035,448,18,430,279,151,23,425,159,266,43.28502415458937,4.017857142857143,95.98214285714286,62.27678571428571,33.705357142857146,5.133928571428571,94.86607142857143,35.49107142857143,59.375
01109,01,109,645,259,9,250,185,65,19,240,92,148,40.15503875968992,3.474903474903475,96.52509652509652,71.42857142857143,25.096525096525095,7.335907335907336,92.66409266409266,35.521235521235525,57.14285714285714
01110,01,110,1188,549,16,533,381,152,35,514,173,341,46.21212121212121,2.914389799635701,97.0856102003643,69.39890710382514,27.686703096539162,6.375227686703097,93.6247723132969,31.51183970856102,62.11293260473588
01111,01,111,1517,685,28,657,462,195,40,645,261,384,45.15491100856954,4.087591240875913,95.91240875912409,67.44525547445257,28.467153284671532,5.839416058394161,94.16058394160584,38.1021897810219,56.058394160583944
01112,01,112,1080,487,15,472,319,153,31,456,175,281,45.092592592592595,3.0800821355236137,96.91991786447639,65.50308008213553,31.416837782340863,6.365503080082135,93.63449691991786,35.93429158110883,57.70020533880903
01113,01,113,1124,441,16,425,296,129,29,412,149,263,39.23487544483986,3.6281179138321997,96.3718820861678,67.12018140589569,29.25170068027211,6.575963718820861,93.42403628117914,33.78684807256236,59.63718820861678
01114,01,114,912,431,16,415,289,126,41,390,138,252,47.25877192982456,3.7122969837587005,96.2877030162413,67.05336426914154,29.23433874709977,9.51276102088167,90.48723897911833,32.01856148491879,58.46867749419954
01115,01,115,1126,462,16,446,305,141,28,434,161,273,41.03019538188277,3.463203463203463,96.53679653679653,66.01731601731602,30.519480519480517,6.0606060606060606,93.93939393939394,34.84848484848485,59.09090909090909
01116,01,116,1178,495,15,480,321,159,28,467,192,275,42.02037351443124,3.0303030303030303,96.96969696969697,64.84848484848484,32.121212121212125,5.656565656565657,94.34343434343434,38.78787878787879,55.55555555555556
01117,01,117,1016,401,16,385,274,111,25,376,153,223,39.468503937007874,3.99002493765586,96.00997506234414,68.3291770573566,27.680798004987533,6.234413965087282,93.76558603491272,38.15461346633416,55.61097256857855
01118,01,118,521,205,8,197,143,54,12,193,70,123,39.34740882917466,3.902439024390244,96.09756097560975,69.7560975609756,26.34146341463415,5.853658536585367,94.14634146341463,34.146341463414636,60.0
01119,01,119,1242,503,12,491,347,144,16,487,160,327,40.49919484702094,2.3856858846918487,97.61431411530815,68.98608349900597,28.628230616302186,3.180914512922465,96.81908548707754,31.809145129224653,65.00994035785288
01120,01,120,1221,321,16,305,210,95,33,288,146,142,26.289926289926292,4.984423676012461,95.01557632398755,65.42056074766354,29.595015576323984,10.2803738317757,89.7196261682243,45.482866043613704,44.23676012461059
01121,01,121,691,295,9,286,196,90,22,273,100,173,42.6917510853835,3.050847457627119,96.94915254237289,66.44067796610169,30.508474576271187,7.457627118644068,92.54237288135593,33.89830508474576,58.644067796610166
01122,01,122,885,269,14,255,187,68,16,253,103,150,30.395480225988702,5.204460966542751,94.79553903345726,69.51672862453532,25.27881040892193,5.947955390334572,94.05204460966543,38.28996282527881,55.762081784386616
01123,01,123,1187,445,13,432,281,151,27,418,159,259,37.48946925021062,2.9213483146067416,97.07865168539325,63.146067415730336,33.93258426966292,6.067415730337078,93.93258426966293,35.73033707865169,58.20224719101124
01124,01,124,1153,235,14,221,158,63,23,212,105,107,20.38161318300087,5.957446808510639,94.04255319148936,67.23404255319149,26.80851063829787,9.787234042553191,90.2127659574468,44.680851063829785,45.53191489361702
01125,01,125,578,243,5,238,136,102,10,233,105,128,42.04152249134948,2.05761316872428,97.94238683127571,55.96707818930041,41.9753086419753,4.11522633744856,95.88477366255144,43.20987654320987,52.674897119341566
01126,01,126,835,348,12,336,224,112,22,326,125,201,41.67664670658683,3.4482758620689653,96.55172413793103,64.36781609195403,32.18390804597701,6.321839080459771,93.67816091954023,35.91954022988506,57.758620689655174
01127,01,127,574,240,5,235,179,56,17,223,87,136,41.81184668989547,2.083333333333333,97.91666666666666,74.58333333333333,23.333333333333332,7.083333333333333,92.91666666666667,36.25,56.666666666666664
01128,01,128,1177,297,22,275,187,88,30,267,126,141,25.233644859813083,7.4074074074074066,92.5925925925926,62.96296296296296,29.629629629629626,10.1010101010101,89.8989898989899,42.42424242424242,47.474747474747474
01129,01,129,1206,367,18,349,241,108,34,333,135,198,30.43117744610282,4.904632152588556,95.09536784741145,65.66757493188011,29.427792915531338,9.264305177111716,90.73569482288828,36.78474114441417,53.950953678474114
01130,01,130,901,229,9,220,156,64,13,216,92,124,25.41620421753607,3.9301310043668125,96.06986899563319,68.12227074235808,27.947598253275107,5.676855895196507,94.32314410480349,40.174672489082965,54.14847161572053
01131,01,131,1030,229,8,221,159,62,22,207,94,113,22.233009708737864,3.4934497816593884,96.50655021834062,69.43231441048034,27.074235807860266,9.606986899563319,90.39301310043668,41.04803493449782,49.34497816593886
011A,01,1A,0,890,45,845,510,335,46,844,434,410,inf,5.056179775280898,94.9438202247191,57.30337078651685,37.640449438202246,5.168539325842696,94.83146067415731,48.764044943820224,46.06741573033708
011B,01,1B,0,617,31,586,380,206,37,580,308,272,inf,5.024311183144246,94.97568881685575,61.58833063209076,33.38735818476499,5.9967585089141,94.0032414910859,49.91896272285251,44.08427876823339
011C,01,1C,0,823,31,792,510,282,50,773,382,391,inf,3.766707168894289,96.23329283110571,61.96840826245443,34.264884568651276,6.075334143377885,93.92466585662211,46.41555285540705,47.50911300121506
011D,01,1D,0,939,31,908,613,295,50,889,391,498,inf,3.301384451544196,96.6986155484558,65.28221512247072,31.416400425985092,5.324813631522897,94.6751863684771,41.640042598509055,53.03514376996805
011E,01,1E,0,852,27,825,530,295,32,820,318,502,inf,3.169014084507042,96.83098591549296,62.20657276995305,34.624413145539904,3.755868544600939,96.24413145539906,37.32394366197183,58.920187793427225
011F,01,1F,0,520,26,494,321,173,26,494,255,239,inf,5.0,95.0,61.73076923076923,33.26923076923077,5.0,95.0,49.03846153846153,45.96153846153846
01200,01,200,878,304,30,274,130,144,25,279,177,102,34.62414578587699,9.868421052631579,90.13157894736842,42.76315789473684,47.368421052631575,8.223684210526317,91.77631578947368,58.223684210526315,33.55263157894737
01201,01,201,1170,399,23,376,214,162,22,377,200,177,34.1025641025641,5.764411027568922,94.23558897243107,53.63408521303258,40.6015037593985,5.513784461152882,94.48621553884712,50.125313283208015,44.3609022556391
01202,01,202,1113,368,19,349,203,146,35,333,169,164,33.06379155435759,5.163043478260869,94.83695652173914,55.16304347826087,39.67391304347826,9.510869565217392,90.48913043478261,45.92391304347826,44.565217391304344
01203,01,203,1136,385,11,374,204,170,11,374,187,187,33.890845070422536,2.857142857142857,97.14285714285714,52.98701298701298,44.15584415584416,2.857142857142857,97.14285714285714,48.57142857142857,48.57142857142857
01204,01,204,1338,421,40,381,227,154,38,383,202,181,31.46487294469357,9.501187648456057,90.49881235154395,53.919239904988125,36.57957244655582,9.026128266033254,90.97387173396675,47.980997624703086,42.99287410926366
01205,01,205,1153,361,29,332,221,111,25,336,155,181,31.309627059843887,8.033240997229916,91.96675900277008,61.21883656509696,30.747922437673132,6.9252077562326875,93.07479224376732,42.93628808864266,50.13850415512465
01206,01,206,918,260,23,237,146,91,31,229,121,108,28.322440087145967,8.846153846153847,91.15384615384615,56.15384615384615,35.0,11.923076923076923,88.07692307692308,46.53846153846154,41.53846153846154
01207,01,207,1213,403,36,367,218,149,34,369,189,180,33.22341302555647,8.933002481389577,91.06699751861042,54.09429280397022,36.972704714640194,8.436724565756824,91.56327543424318,46.898263027295286,44.66501240694789
01208,01,208,907,305,18,287,180,107,28,277,143,134,33.62734288864388,5.901639344262295,94.09836065573771,59.01639344262295,35.08196721311476,9.180327868852459,90.81967213114754,46.885245901639344,43.9344262295082
01209,01,209,906,354,22,332,210,122,17,337,155,182,39.0728476821192,6.214689265536723,93.78531073446328,59.32203389830508,34.463276836158194,4.80225988700565,95.19774011299435,43.78531073446328,51.41242937853108
01210,01,210,921,295,9,286,207,79,13,282,99,183,32.03040173724212,3.050847457627119,96.94915254237289,70.16949152542374,26.779661016949152,4.406779661016949,95.59322033898306,33.559322033898304,62.03389830508475
01211,01,211,629,185,4,181,118,63,11,174,74,100,29.411764705882355,2.1621621621621623,97.83783783783784,63.78378378378379,34.054054054054056,5.9459459459459465,94.05405405405406,40.0,54.054054054054056
01212,01,212,651,182,12,170,105,65,12,170,95,75,27.956989247311824,6.593406593406594,93.4065934065934,57.692307692307686,35.714285714285715,6.593406593406594,93.4065934065934,52.197802197802204,41.208791208791204
01213,01,213,1101,378,51,327,199,128,42,336,199,137,34.332425068119896,13.492063492063492,86.5079365079365,52.64550264550265,33.86243386243386,11.11111111111111,88.88888888888889,52.64550264550265,36.24338624338625
01214,01,214,997,356,35,321,188,133,41,315,185,130,35.70712136409227,9.831460674157304,90.1685393258427,52.80898876404494,37.359550561797754,11.51685393258427,88.48314606741573,51.96629213483146,36.51685393258427
01215,01,215,1115,323,28,295,189,106,44,279,150,129,28.968609865470853,8.6687306501548,91.3312693498452,58.51393188854489,32.81733746130031,13.622291021671826,86.37770897832817,46.43962848297213,39.93808049535604
01216,01,216,1134,344,31,313,217,96,43,301,136,165,30.335097001763668,9.011627906976743,90.98837209302324,63.08139534883721,27.906976744186046,12.5,87.5,39.53488372093023,47.96511627906977
01217,01,217,874,234,30,204,132,72,26,208,112,96,26.773455377574372,12.82051282051282,87.17948717948718,56.41025641025641,30.76923076923077,11.11111111111111,88.88888888888889,47.863247863247864,41.02564102564102
01218,01,218,1351,518,15,503,315,188,26,492,196,296,38.34196891191709,2.8957528957528957,97.1042471042471,60.810810810810814,36.293436293436294,5.019305019305019,94.98069498069498,37.83783783783784,57.14285714285714
01219,01,219,856,283,25,258,185,73,22,261,122,139,33.0607476635514,8.8339222614841,91.16607773851591,65.37102473498233,25.795053003533567,7.773851590106007,92.226148409894,43.109540636042404,49.11660777385159
01220,01,220,1290,473,39,434,249,185,50,423,223,200,36.666666666666664,8.24524312896406,91.75475687103594,52.64270613107822,39.112050739957716,10.570824524312897,89.4291754756871,47.14587737843552,42.28329809725159
01221,01,221,963,323,3,320,209,111,3,320,168,152,33.54101765316719,0.9287925696594427,99.07120743034056,64.70588235294117,34.36532507739938,0.9287925696594427,99.07120743034056,52.012383900928796,47.05882352941176
01222,01,222,1167,358,30,328,224,104,44,314,160,154,30.676949443016284,8.379888268156424,91.62011173184358,62.56983240223464,29.05027932960894,12.290502793296088,87.70949720670392,44.6927374301676,43.01675977653631
01223,01,223,641,262,11,251,174,77,13,249,88,161,40.87363494539781,4.198473282442748,95.80152671755725,66.41221374045801,29.389312977099237,4.961832061068702,95.0381679389313,33.587786259541986,61.45038167938931
01224,01,224,1178,435,28,407,271,136,30,405,156,249,36.92699490662139,6.436781609195402,93.5632183908046,62.29885057471264,31.264367816091955,6.896551724137931,93.10344827586206,35.86206896551724,57.24137931034483
01225,01,225,865,261,24,237,155,82,32,229,123,106,30.173410404624278,9.195402298850574,90.80459770114942,59.38697318007663,31.417624521072796,12.260536398467432,87.73946360153256,47.12643678160919,40.61302681992337
01226,01,226,449,104,6,98,61,37,12,92,47,45,23.16258351893096,5.769230769230769,94.23076923076923,58.65384615384615,35.57692307692308,11.538461538461538,88.46153846153845,45.19230769230769,43.269230769230774
01227,01,227,1524,556,33,523,300,223,37,519,238,281,36.48293963254593,5.935251798561151,94.06474820143885,53.956834532374096,40.10791366906475,6.654676258992806,93.34532374100719,42.805755395683455,50.53956834532374
01228,01,228,967,379,21,358,224,134,25,354,155,199,39.193381592554296,5.540897097625329,94.45910290237467,59.10290237467019,35.35620052770449,6.596306068601583,93.40369393139841,40.89709762532981,52.5065963060686
01229,01,229,933,357,20,337,226,111,23,334,133,201,38.263665594855304,5.602240896358544,94.39775910364145,63.305322128851536,31.092436974789916,6.442577030812324,93.55742296918767,37.254901960784316,56.30252100840336
01230,01,230,628,273,10,263,182,81,15,258,97,161,43.47133757961784,3.6630036630036633,96.33699633699634,66.66666666666666,29.67032967032967,5.4945054945054945,94.5054945054945,35.53113553113553,58.97435897435898
01231,01,231,661,256,16,240,162,78,20,236,98,138,38.72919818456884,6.25,93.75,63.28125,30.46875,7.8125,92.1875,38.28125,53.90625
012A,01,2A,0,943,56,887,547,340,64,879,468,411,inf,5.938494167550371,94.06150583244963,58.006362672322375,36.05514316012725,6.786850477200425,93.21314952279958,49.62884411452811,43.584305408271476
012B,01,2B,0,1225,86,1139,593,546,81,1144,718,426,inf,7.020408163265306,92.9795918367347,48.40816326530612,44.57142857142857,6.612244897959184,93.38775510204081,58.61224489795919,34.775510204081634
012C,01,2C,0,1085,66,1019,576,443,86,999,614,385,inf,6.082949308755761,93.91705069124424,53.08755760368664,40.82949308755761,7.92626728110599,92.07373271889401,56.58986175115207,35.483870967741936
012D,01,2D,0,951,61,890,528,362,57,894,499,395,inf,6.414300736067298,93.5856992639327,55.520504731861195,38.06519453207151,5.993690851735016,94.00630914826499,52.47108307045215,41.53522607781283
012E,01,2E,0,868,47,821,458,363,55,813,485,328,inf,5.414746543778802,94.5852534562212,52.764976958525345,41.82027649769585,6.336405529953917,93.66359447004609,55.875576036866356,37.78801843317972
01300,01,300,1172,404,24,380,192,188,24,380,192,188,34.470989761092156,5.9405940594059405,94.05940594059405,47.524752475247524,46.53465346534654,5.9405940594059405,94.05940594059405,47.524752475247524,46.53465346534654
01301,01,301,879,322,16,306,213,93,15,307,119,188,36.6325369738339,4.968944099378882,95.03105590062113,66.14906832298136,28.88198757763975,4.658385093167702,95.34161490683229,36.95652173913043,58.38509316770186
01302,01,302,1106,368,25,343,207,136,53,315,158,157,33.273056057866185,6.7934782608695645,93.20652173913044,56.25,36.95652173913043,14.402173913043478,85.59782608695652,42.934782608695656,42.66304347826087
01303,01,303,890,313,18,295,189,106,26,287,128,159,35.168539325842694,5.7507987220447285,94.24920127795528,60.383386581469644,33.86581469648562,8.30670926517572,91.69329073482429,40.894568690095845,50.798722044728436
01304,01,304,768,268,21,247,158,89,22,246,103,143,34.89583333333333,7.835820895522389,92.16417910447761,58.95522388059702,33.2089552238806,8.208955223880597,91.7910447761194,38.43283582089552,53.35820895522389
01305,01,305,1058,466,23,443,297,146,30,436,255,181,44.045368620037806,4.935622317596566,95.06437768240343,63.73390557939914,31.330472103004293,6.437768240343347,93.56223175965665,54.72103004291845,38.8412017167382
01306,01,306,934,371,20,351,241,110,35,336,55,281,39.72162740899358,5.3908355795148255,94.60916442048517,64.95956873315365,29.649595687331537,9.433962264150944,90.56603773584906,14.824797843665769,75.74123989218329
01307,01,307,1034,386,9,377,284,93,30,356,123,233,37.33075435203095,2.33160621761658,97.66839378238342,73.57512953367875,24.093264248704664,7.772020725388601,92.2279792746114,31.865284974093267,60.362694300518136
01308,01,308,1314,391,10,381,287,94,21,370,155,215,29.75646879756469,2.557544757033248,97.44245524296676,73.40153452685422,24.04092071611253,5.3708439897698215,94.62915601023018,39.64194373401534,54.987212276214834
01309,01,309,924,364,7,357,260,97,27,337,107,230,39.39393939393939,1.9230769230769231,98.07692307692307,71.42857142857143,26.64835164835165,7.417582417582418,92.58241758241759,29.395604395604398,63.18681318681318
01310,01,310,920,260,12,248,194,54,19,241,82,159,28.26086956521739,4.615384615384616,95.38461538461539,74.61538461538461,20.76923076923077,7.307692307692308,92.6923076923077,31.538461538461537,61.15384615384616
01311,01,311,916,385,20,365,257,108,42,343,135,208,42.03056768558952,5.194805194805195,94.8051948051948,66.75324675324676,28.05194805194805,10.909090909090908,89.0909090909091,35.064935064935064,54.02597402597402
01312,01,312,1342,594,23,571,404,167,35,559,196,363,44.26229508196721,3.872053872053872,96.12794612794613,68.01346801346801,28.114478114478114,5.892255892255893,94.10774410774411,32.996632996633,61.111111111111114
01313,01,313,1282,626,21,605,419,186,38,588,210,378,48.829953198127924,3.3546325878594248,96.64536741214057,66.93290734824281,29.712460063897762,6.070287539936102,93.9297124600639,33.54632587859425,60.383386581469644
01314,01,314,1125,526,29,497,318,179,41,485,188,297,46.75555555555555,5.513307984790875,94.48669201520913,60.45627376425855,34.030418250950575,7.79467680608365,92.20532319391636,35.741444866920155,56.463878326996195
01315,01,315,1106,463,24,439,280,159,39,424,178,246,41.8625678119349,5.183585313174946,94.81641468682506,60.475161987041034,34.34125269978402,8.423326133909287,91.5766738660907,38.44492440604751,53.131749460043196
01316,01,316,1162,551,31,520,360,160,36,515,222,293,47.418244406196216,5.626134301270418,94.37386569872959,65.33575317604355,29.038112522686028,6.533575317604355,93.46642468239564,40.29038112522686,53.17604355716878
01317,01,317,1031,418,25,393,230,163,37,381,169,212,40.543161978661495,5.980861244019139,94.01913875598086,55.02392344497608,38.995215311004785,8.851674641148326,91.14832535885168,40.430622009569376,50.717703349282296
01318,01,318,1125,455,32,423,258,165,28,427,206,221,40.44444444444444,7.032967032967033,92.96703296703296,56.7032967032967,36.26373626373626,6.153846153846154,93.84615384615384,45.27472527472528,48.57142857142857
01319,01,319,779,282,21,261,181,80,35,247,201,46,36.2002567394095,7.446808510638298,92.5531914893617,64.18439716312056,28.368794326241137,12.411347517730496,87.58865248226951,71.27659574468085,16.312056737588655
01320,01,320,627,307,26,281,154,127,23,284,134,150,48.963317384370015,8.469055374592834,91.53094462540716,50.1628664495114,41.36807817589577,7.491856677524431,92.50814332247556,43.648208469055376,48.85993485342019
01321,01,321,1069,325,28,297,179,118,25,300,146,154,30.402245088868103,8.615384615384615,91.38461538461539,55.07692307692308,36.30769230769231,7.6923076923076925,92.3076923076923,44.92307692307692,47.38461538461539
01322,01,322,1208,341,25,316,191,125,31,310,164,146,28.228476821192057,7.331378299120235,92.66862170087975,56.01173020527859,36.65689149560117,9.090909090909092,90.9090909090909,48.09384164222874,42.81524926686217
01323,01,323,1042,287,21,266,186,80,11,276,137,139,27.543186180422264,7.317073170731707,92.6829268292683,64.80836236933798,27.874564459930312,3.8327526132404177,96.16724738675958,47.73519163763066,48.43205574912892
01324,01,324,1129,435,27,408,288,120,29,406,168,238,38.52967227635075,6.206896551724138,93.79310344827586,66.20689655172414,27.586206896551722,6.666666666666667,93.33333333333333,38.62068965517241,54.71264367816092
01325,01,325,1392,524,12,512,362,150,42,482,153,329,37.64367816091954,2.2900763358778624,97.70992366412213,69.08396946564885,28.62595419847328,8.015267175572518,91.98473282442748,29.198473282442748,62.786259541984734
01326,01,326,1580,435,16,419,257,162,28,407,201,206,27.531645569620256,3.67816091954023,96.32183908045977,59.08045977011495,37.24137931034483,6.436781609195402,93.5632183908046,46.206896551724135,47.356321839080465
01327,01,327,864,282,13,269,189,80,19,263,106,157,32.63888888888889,4.609929078014184,95.39007092198581,67.02127659574468,28.368794326241137,6.73758865248227,93.26241134751773,37.5886524822695,55.673758865248224
01328,01,328,1308,356,7,349,277,72,20,336,110,226,27.217125382262996,1.9662921348314606,98.03370786516854,77.80898876404494,20.224719101123593,5.617977528089887,94.3820224719101,30.89887640449438,63.48314606741573
01329,01,329,976,329,26,303,221,82,47,282,141,141,33.709016393442624,7.90273556231003,92.09726443768997,67.17325227963525,24.924012158054712,14.285714285714285,85.71428571428571,42.857142857142854,42.857142857142854
01330,01,330,1209,363,31,332,221,111,28,335,177,158,30.024813895781637,8.539944903581267,91.46005509641874,60.88154269972452,30.57851239669421,7.7134986225895315,92.28650137741047,48.760330578512395,43.52617079889807
013A,01,3A,0,706,38,668,412,256,42,664,347,317,inf,5.382436260623229,94.61756373937678,58.35694050991501,36.26062322946176,5.94900849858357,94.05099150141642,49.15014164305949,44.90084985835694
013B,01,3B,0,906,37,869,569,300,62,844,426,418,inf,4.083885209713024,95.91611479028698,62.80353200883002,33.11258278145696,6.843267108167771,93.15673289183223,47.019867549668874,46.13686534216336
013C,01,3C,0,827,66,761,431,330,43,784,429,355,inf,7.980652962515116,92.01934703748489,52.11608222490931,39.90326481257557,5.199516324062878,94.80048367593712,51.87424425634825,42.926239419588875
013D,01,3D,0,982,64,918,596,322,62,920,600,320,inf,6.517311608961303,93.48268839103869,60.692464358452135,32.79022403258656,6.313645621181263,93.68635437881873,61.099796334012225,32.586558044806516
013E,01,3E,0,558,20,538,368,170,25,533,241,292,inf,3.584229390681003,96.415770609319,65.94982078853047,30.46594982078853,4.480286738351254,95.51971326164875,43.18996415770609,52.32974910394266
013F,01,3F,0,774,43,731,473,258,54,720,376,344,inf,5.555555555555555,94.44444444444444,61.111111111111114,33.33333333333333,6.976744186046512,93.02325581395348,48.57881136950905,44.44444444444444
01400,01,400,1326,365,10,355,273,82,20,345,118,227,27.526395173454,2.73972602739726,97.26027397260275,74.79452054794521,22.465753424657535,5.47945205479452,94.52054794520548,32.32876712328767,62.19178082191781
01401,01,401,954,337,6,331,256,75,28,309,116,193,35.324947589098535,1.7804154302670623,98.21958456973294,75.96439169139467,22.255192878338278,8.30860534124629,91.69139465875371,34.42136498516321,57.27002967359051
01402,01,402,1324,406,18,388,301,87,32,374,148,226,30.664652567975832,4.433497536945813,95.56650246305419,74.13793103448276,21.428571428571427,7.8817733990147785,92.11822660098522,36.45320197044335,55.66502463054187
01403,01,403,986,369,17,352,268,84,21,348,110,238,37.42393509127789,4.607046070460704,95.39295392953929,72.62872628726286,22.76422764227642,5.691056910569105,94.3089430894309,29.81029810298103,64.49864498644986
01404,01,404,736,204,12,192,156,36,14,190,66,124,27.717391304347828,5.88235294117647,94.11764705882352,76.47058823529412,17.647058823529413,6.862745098039216,93.13725490196079,32.35294117647059,60.78431372549019
01405,01,405,785,263,4,259,189,70,4,259,86,173,33.503184713375795,1.520912547528517,98.47908745247148,71.86311787072243,26.61596958174905,1.520912547528517,98.47908745247148,32.69961977186312,65.77946768060836
01406,01,406,890,331,16,315,218,97,16,315,115,200,37.19101123595506,4.833836858006042,95.16616314199395,65.86102719033232,29.305135951661633,4.833836858006042,95.16616314199395,34.74320241691843,60.42296072507553
01407,01,407,1186,437,29,408,294,114,36,401,148,253,36.846543001686335,6.636155606407322,93.36384439359267,67.27688787185355,26.08695652173913,8.237986270022883,91.76201372997713,33.86727688787185,57.89473684210527
01408,01,408,1017,424,17,407,300,107,33,391,139,252,41.69124877089479,4.009433962264151,95.99056603773585,70.75471698113208,25.235849056603776,7.783018867924528,92.21698113207547,32.78301886792453,59.43396226415094
01409,01,409,964,387,2,385,308,77,2,385,127,258,40.14522821576764,0.516795865633075,99.48320413436691,79.58656330749353,19.896640826873384,0.516795865633075,99.48320413436691,32.81653746770026,66.66666666666666
01410,01,410,1213,466,18,448,331,117,30,436,150,286,38.417147568013185,3.862660944206009,96.13733905579399,71.03004291845494,25.10729613733906,6.437768240343347,93.56223175965665,32.18884120171674,61.37339055793991
01411,01,411,1041,377,9,368,267,101,29,348,126,222,36.21517771373679,2.3872679045092835,97.61273209549071,70.82228116710876,26.790450928381965,7.6923076923076925,92.3076923076923,33.42175066312997,58.88594164456234
01412,01,412,921,371,15,356,249,107,30,341,129,212,40.28230184581976,4.0431266846361185,95.95687331536388,67.11590296495957,28.84097035040431,8.086253369272237,91.91374663072777,34.77088948787062,57.14285714285714
01413,01,413,850,289,16,273,204,69,28,261,96,165,34.0,5.536332179930796,94.4636678200692,70.58823529411765,23.875432525951556,9.688581314878892,90.3114186851211,33.21799307958477,57.09342560553633
01414,01,414,1136,379,12,367,267,100,23,356,120,236,33.36267605633803,3.16622691292876,96.83377308707124,70.44854881266491,26.385224274406333,6.068601583113456,93.93139841688655,31.6622691292876,62.26912928759894
01415,01,415,1157,316,15,301,222,79,27,289,98,191,27.31201382886776,4.746835443037975,95.25316455696202,70.25316455696202,25.0,8.544303797468354,91.45569620253164,31.0126582278481,60.44303797468354
01416,01,416,1355,456,9,447,350,97,18,438,140,298,33.65313653136531,1.9736842105263157,98.02631578947368,76.75438596491229,21.271929824561404,3.9473684210526314,96.05263157894737,30.701754385964914,65.35087719298247
01417,01,417,807,262,17,245,175,70,19,243,114,129,32.465923172242874,6.488549618320611,93.51145038167938,66.79389312977099,26.717557251908396,7.251908396946565,92.74809160305344,43.51145038167939,49.23664122137404
01418,01,418,957,370,10,360,272,88,22,348,278,70,38.662486938349005,2.7027027027027026,97.2972972972973,73.51351351351352,23.783783783783786,5.9459459459459465,94.05405405405406,75.13513513513513,18.91891891891892
01419,01,419,1312,501,12,489,138,351,28,473,150,323,38.1859756097561,2.3952095808383236,97.60479041916167,27.54491017964072,70.05988023952095,5.588822355289421,94.41117764471058,29.94011976047904,64.47105788423154
01420,01,420,1035,380,15,365,279,86,28,352,146,206,36.71497584541063,3.9473684210526314,96.05263157894737,73.42105263157895,22.63157894736842,7.368421052631578,92.63157894736842,38.421052631578945,54.21052631578947
01421,01,421,1352,569,12,557,393,164,34,535,179,356,42.08579881656805,2.10896309314587,97.89103690685414,69.06854130052724,28.822495606326886,5.975395430579964,94.02460456942003,31.45869947275923,62.56590509666081
01422,01,422,841,359,18,341,144,197,20,339,71,268,42.687277051129605,5.013927576601671,94.98607242339833,40.11142061281337,54.874651810584965,5.571030640668524,94.42896935933148,19.77715877437326,74.65181058495823
01423,01,423,845,325,10,315,246,69,15,310,92,218,38.46153846153847,3.076923076923077,96.92307692307692,75.6923076923077,21.23076923076923,4.615384615384616,95.38461538461539,28.307692307692307,67.07692307692308
01424,01,424,1220,387,9,378,277,101,17,370,119,251,31.721311475409834,2.3255813953488373,97.67441860465115,71.57622739018088,26.098191214470283,4.3927648578811365,95.60723514211887,30.749354005167955,64.85788113695091
01425,01,425,922,296,15,281,214,67,22,274,108,166,32.10412147505423,5.0675675675675675,94.93243243243244,72.2972972972973,22.635135135135133,7.4324324324324325,92.56756756756756,36.486486486486484,56.08108108108109
01426,01,426,821,258,8,250,191,59,18,240,68,172,31.425091352009744,3.10077519379845,96.89922480620154,74.03100775193798,22.868217054263564,6.976744186046512,93.02325581395348,26.356589147286826,66.66666666666666
01427,01,427,849,287,4,283,210,73,13,274,99,175,33.80447585394582,1.3937282229965158,98.60627177700349,73.17073170731707,25.435540069686414,4.529616724738676,95.47038327526133,34.494773519163765,60.97560975609756
01428,01,428,1013,407,17,390,322,68,26,381,117,264,40.17769002961501,4.176904176904177,95.82309582309583,79.11547911547912,16.707616707616708,6.388206388206388,93.61179361179362,28.746928746928745,64.86486486486487
01429,01,429,1235,445,16,429,333,96,24,421,137,284,36.032388663967616,3.5955056179775284,96.40449438202248,74.8314606741573,21.573033707865168,5.393258426966292,94.6067415730337,30.786516853932582,63.82022471910113
01430,01,430,1230,459,19,440,338,102,25,434,143,291,37.31707317073171,4.139433551198257,95.86056644880175,73.63834422657952,22.22222222222222,5.446623093681917,94.55337690631809,31.154684095860567,63.39869281045751
01431,01,431,1146,385,13,372,298,74,24,361,114,247,33.595113438045374,3.3766233766233764,96.62337662337663,77.40259740259741,19.22077922077922,6.233766233766234,93.76623376623377,29.61038961038961,64.15584415584415
01432,01,432,1108,352,13,339,272,67,27,325,99,226,31.768953068592058,3.6931818181818183,96.30681818181817,77.27272727272727,19.03409090909091,7.670454545454546,92.32954545454545,28.125,64.20454545454545
01433,01,433,1065,379,14,365,260,105,29,350,149,201,35.586854460093896,3.6939313984168867,96.30606860158312,68.60158311345647,27.70448548812665,7.651715039577836,92.34828496042216,39.31398416886543,53.03430079155673
014A,01,4A,0,643,35,608,450,158,39,604,233,371,inf,5.443234836702955,94.55676516329704,69.98444790046656,24.57231726283048,6.065318818040436,93.93468118195956,36.236391912908246,57.698289269051315
014B,01,4B,0,538,14,524,376,148,27,511,208,303,inf,2.6022304832713754,97.39776951672863,69.88847583643123,27.509293680297397,5.018587360594796,94.9814126394052,38.66171003717472,56.31970260223048
014C,01,4C,0,700,50,650,452,198,69,631,265,366,inf,7.142857142857142,92.85714285714286,64.57142857142857,28.285714285714285,9.857142857142858,90.14285714285715,37.857142857142854,52.28571428571429
014D,01,4D,0,445,18,427,294,133,25,420,188,232,inf,4.044943820224719,95.95505617977528,66.06741573033707,29.8876404494382,5.617977528089887,94.3820224719101,42.247191011235955,52.13483146067416
014E,01,4E,0,766,42,724,537,187,74,692,262,430,inf,5.483028720626632,94.51697127937337,70.10443864229765,24.412532637075717,9.660574412532636,90.33942558746736,34.20365535248042,56.13577023498695
014F,01,4F,0,670,17,653,486,167,36,634,236,398,inf,2.5373134328358207,97.46268656716418,72.53731343283583,24.925373134328357,5.3731343283582085,94.6268656716418,35.223880597014926,59.40298507462687
01500,01,500,1044,261,15,246,171,75,21,240,105,135,25.0,5.747126436781609,94.25287356321839,65.51724137931035,28.735632183908045,8.045977011494253,91.95402298850574,40.229885057471265,51.724137931034484
01501,01,501,837,243,24,219,152,67,29,214,105,109,29.03225806451613,9.876543209876543,90.12345679012346,62.55144032921811,27.572016460905353,11.934156378600823,88.06584362139918,43.20987654320987,44.8559670781893
01502,01,502,566,137,10,127,83,44,15,122,58,64,24.204946996466433,7.2992700729927,92.7007299270073,60.58394160583942,32.11678832116788,10.948905109489052,89.05109489051095,42.33576642335766,46.715328467153284
01503,01,503,687,150,5,145,108,37,14,136,53,83,21.83406113537118,3.3333333333333335,96.66666666666667,72.0,24.666666666666668,9.333333333333334,90.66666666666666,35.333333333333336,55.333333333333336
01504,01,504,954,264,14,250,185,65,36,228,104,124,27.67295597484277,5.303030303030303,94.6969696969697,70.07575757575758,24.62121212121212,13.636363636363635,86.36363636363636,39.39393939393939,46.96969696969697
01505,01,505,1130,379,46,333,175,158,50,329,203,126,33.53982300884956,12.137203166226913,87.86279683377309,46.17414248021108,41.68865435356201,13.192612137203167,86.80738786279683,53.562005277044854,33.24538258575198
01506,01,506,1026,302,31,271,163,108,37,265,142,123,29.434697855750485,10.264900662251655,89.73509933774835,53.973509933774835,35.76158940397351,12.251655629139073,87.74834437086093,47.019867549668874,40.728476821192054
01507,01,507,570,189,26,163,97,66,33,156,90,66,33.1578947368421,13.756613756613756,86.24338624338624,51.32275132275132,34.92063492063492,17.46031746031746,82.53968253968253,47.61904761904761,34.92063492063492
01508,01,508,1174,435,30,405,224,181,36,399,195,204,37.052810902896084,6.896551724137931,93.10344827586206,51.49425287356322,41.60919540229885,8.275862068965518,91.72413793103448,44.827586206896555,46.89655172413793
01509,01,509,1033,216,19,197,141,56,23,193,100,93,20.90997095837367,8.796296296296296,91.20370370370371,65.27777777777779,25.925925925925924,10.648148148148149,89.35185185185185,46.2962962962963,43.05555555555556
01510,01,510,1054,257,23,234,158,76,33,224,106,118,24.383301707779886,8.949416342412452,91.05058365758755,61.478599221789885,29.571984435797667,12.840466926070038,87.15953307392996,41.245136186770424,45.91439688715953
01511,01,511,1122,233,15,218,154,64,26,207,91,116,20.766488413547236,6.437768240343347,93.56223175965665,66.09442060085837,27.467811158798284,11.158798283261802,88.8412017167382,39.05579399141631,49.78540772532189
01512,01,512,1302,465,23,442,329,113,35,430,150,280,35.714285714285715,4.946236559139785,95.05376344086022,70.75268817204301,24.301075268817204,7.526881720430108,92.47311827956989,32.25806451612903,60.215053763440864
01513,01,513,1418,351,23,328,247,81,33,318,137,181,24.75317348377997,6.552706552706552,93.44729344729345,70.37037037037037,23.076923076923077,9.401709401709402,90.5982905982906,39.03133903133903,51.566951566951566
01514,01,514,1022,245,20,225,168,57,17,228,102,126,23.972602739726025,8.16326530612245,91.83673469387756,68.57142857142857,23.26530612244898,6.938775510204081,93.06122448979592,41.63265306122449,51.42857142857142
01515,01,515,1196,375,18,357,263,94,22,353,138,215,31.354515050167226,4.8,95.19999999999999,70.13333333333334,25.066666666666666,5.866666666666666,94.13333333333334,36.8,57.333333333333336
01516,01,516,980,246,8,238,164,74,18,228,96,132,25.102040816326532,3.2520325203252036,96.7479674796748,66.66666666666666,30.081300813008134,7.317073170731707,92.6829268292683,39.02439024390244,53.65853658536586
01517,01,517,871,285,19,266,186,80,30,255,92,163,32.721010332950634,6.666666666666667,93.33333333333333,65.26315789473685,28.07017543859649,10.526315789473683,89.47368421052632,32.280701754385966,57.19298245614035
01518,01,518,1469,517,21,496,384,112,18,499,137,362,35.19400953029271,4.061895551257253,95.93810444874275,74.27466150870407,21.663442940038685,3.481624758220503,96.5183752417795,26.4990328820116,70.01934235976789
01519,01,519,824,304,10,294,224,70,24,280,87,193,36.89320388349515,3.289473684210526,96.71052631578947,73.68421052631578,23.026315789473685,7.894736842105263,92.10526315789474,28.618421052631575,63.48684210526315
01520,01,520,686,213,30,183,91,92,33,180,120,60,31.049562682215743,14.084507042253522,85.91549295774648,42.72300469483568,43.1924882629108,15.492957746478872,84.50704225352112,56.33802816901409,28.169014084507044
01521,01,521,958,334,18,316,246,70,27,307,95,212,34.864300626304804,5.389221556886228,94.61077844311377,73.65269461077844,20.958083832335326,8.08383233532934,91.91616766467065,28.443113772455092,63.47305389221557
01522,01,522,1070,251,16,235,171,64,24,227,104,123,23.457943925233646,6.374501992031872,93.62549800796812,68.12749003984064,25.49800796812749,9.56175298804781,90.43824701195219,41.43426294820717,49.00398406374502
01523,01,523,1333,263,32,231,157,74,62,201,131,70,19.72993248312078,12.167300380228136,87.83269961977186,59.6958174904943,28.13688212927757,23.574144486692013,76.42585551330798,49.80988593155893,26.61596958174905
01524,01,524,1388,485,16,469,377,92,29,456,135,321,34.94236311239193,3.2989690721649487,96.70103092783505,77.7319587628866,18.969072164948454,5.979381443298969,94.02061855670102,27.835051546391753,66.18556701030927
01525,01,525,941,274,6,268,215,53,19,255,76,179,29.11795961742827,2.18978102189781,97.8102189781022,78.46715328467153,19.34306569343066,6.934306569343065,93.06569343065694,27.73722627737226,65.32846715328468
01526,01,526,1223,350,7,343,273,70,23,327,105,222,28.618152085036797,2.0,98.0,78.0,20.0,6.571428571428571,93.42857142857143,30.0,63.42857142857142
01527,01,527,916,281,10,271,194,77,18,263,100,163,30.67685589519651,3.558718861209965,96.44128113879003,69.03914590747331,27.402135231316727,6.405693950177936,93.59430604982207,35.587188612099645,58.00711743772242
01528,01,528,1371,519,16,503,394,109,42,477,153,324,37.85557986870897,3.0828516377649327,96.91714836223507,75.91522157996147,21.001926782273603,8.092485549132949,91.90751445086705,29.47976878612717,62.42774566473989
01529,01,529,1288,482,13,469,373,96,25,457,115,342,37.422360248447205,2.6970954356846475,97.30290456431536,77.38589211618257,19.91701244813278,5.186721991701245,94.81327800829875,23.858921161825727,70.95435684647303
01530,01,530,812,210,8,202,150,52,16,194,69,125,25.862068965517242,3.8095238095238098,96.19047619047619,71.42857142857143,24.761904761904763,7.6190476190476195,92.38095238095238,32.857142857142854,59.523809523809526
015A,01,5A,0,559,28,531,357,174,39,520,254,266,inf,5.008944543828265,94.99105545617174,63.864042933810374,31.12701252236136,6.976744186046512,93.02325581395348,45.43828264758497,47.58497316636851
015B,01,5B,0,706,58,648,438,210,40,666,308,358,inf,8.21529745042493,91.78470254957507,62.03966005665722,29.745042492917843,5.6657223796034,94.3342776203966,43.626062322946176,50.70821529745042
015C,01,5C,0,677,55,622,379,243,43,634,354,280,inf,8.124076809453472,91.87592319054653,55.98227474150664,35.89364844903989,6.3515509601181686,93.64844903988183,52.28951255539144,41.3589364844904
015D,01,5D,0,427,30,397,255,142,22,405,229,176,inf,7.02576112412178,92.97423887587823,59.71896955503513,33.25526932084309,5.152224824355972,94.84777517564403,53.62997658079626,41.21779859484778
015E,01,5E,0,747,38,709,518,191,46,701,294,407,inf,5.087014725568943,94.91298527443107,69.34404283801874,25.568942436412318,6.157965194109773,93.84203480589022,39.3574297188755,54.48460508701473
01600,01,600,1323,406,20,386,292,94,27,379,145,234,30.687830687830687,4.926108374384237,95.07389162561576,71.92118226600985,23.15270935960591,6.65024630541872,93.34975369458128,35.714285714285715,57.635467980295566
01601,01,601,1513,397,6,391,317,74,31,366,199,167,26.23925974884336,1.5113350125944585,98.48866498740554,79.84886649874056,18.639798488664987,7.8085642317380355,92.19143576826197,50.12594458438288,42.0654911838791
01602,01,602,1091,401,17,384,299,85,33,368,139,229,36.755270394133824,4.239401496259352,95.76059850374065,74.56359102244389,21.197007481296758,8.229426433915211,91.77057356608479,34.66334164588529,57.107231920199496
01603,01,603,1119,248,14,234,175,59,15,233,111,122,22.162645218945485,5.64516129032258,94.35483870967742,70.56451612903226,23.790322580645164,6.048387096774194,93.95161290322581,44.75806451612903,49.193548387096776
01604,01,604,879,231,7,224,174,50,24,207,83,124,26.27986348122867,3.0303030303030303,96.96969696969697,75.32467532467533,21.645021645021643,10.38961038961039,89.6103896103896,35.93073593073593,53.67965367965368
01605,01,605,1128,326,16,310,238,72,24,302,106,196,28.900709219858157,4.9079754601226995,95.0920245398773,73.00613496932516,22.085889570552148,7.361963190184049,92.63803680981594,32.515337423312886,60.122699386503065
01606,01,606,1063,311,12,299,231,68,25,286,111,175,29.25682031984948,3.858520900321544,96.14147909967846,74.27652733118971,21.864951768488748,8.038585209003216,91.96141479099678,35.69131832797427,56.27009646302251
01607,01,607,981,285,6,279,233,46,15,270,143,127,29.051987767584098,2.1052631578947367,97.89473684210527,81.75438596491227,16.140350877192983,5.263157894736842,94.73684210526315,50.175438596491226,44.56140350877193
01608,01,608,872,240,8,232,153,79,19,221,105,116,27.522935779816514,3.3333333333333335,96.66666666666667,63.74999999999999,32.916666666666664,7.916666666666666,92.08333333333333,43.75,48.333333333333336
01609,01,609,773,140,10,130,101,29,11,129,50,79,18.111254851228978,7.142857142857142,92.85714285714286,72.14285714285714,20.714285714285715,7.857142857142857,92.14285714285714,35.714285714285715,56.42857142857143
01610,01,610,995,318,8,310,264,46,27,291,83,208,31.959798994974875,2.515723270440252,97.48427672955975,83.01886792452831,14.465408805031446,8.49056603773585,91.50943396226415,26.10062893081761,65.40880503144653
01611,01,611,839,189,1,188,163,25,6,183,37,146,22.526817640047675,0.5291005291005291,99.47089947089947,86.24338624338624,13.227513227513226,3.1746031746031744,96.82539682539682,19.576719576719576,77.24867724867724
01612,01,612,985,244,10,234,184,50,20,224,64,160,24.771573604060915,4.098360655737705,95.90163934426229,75.40983606557377,20.491803278688526,8.19672131147541,91.80327868852459,26.229508196721312,65.57377049180327
01613,01,613,1065,301,8,293,235,58,15,286,76,210,28.262910798122064,2.6578073089700998,97.34219269102991,78.07308970099668,19.269102990033225,4.983388704318937,95.01661129568106,25.249169435215947,69.76744186046511
01614,01,614,1268,270,6,264,212,52,15,255,83,172,21.293375394321767,2.2222222222222223,97.77777777777777,78.51851851851852,19.25925925925926,5.555555555555555,94.44444444444444,30.74074074074074,63.70370370370371
01615,01,615,1134,378,9,369,301,68,16,362,96,266,33.33333333333333,2.380952380952381,97.61904761904762,79.62962962962963,17.989417989417987,4.232804232804233,95.76719576719577,25.396825396825395,70.37037037037037
01616,01,616,1337,401,11,390,311,79,17,384,114,270,29.9925205684368,2.7431421446384037,97.2568578553616,77.55610972568579,19.70074812967581,4.239401496259352,95.76059850374065,28.428927680798004,67.33167082294264
01617,01,617,907,230,5,225,168,57,9,221,74,147,25.358324145534727,2.1739130434782608,97.82608695652173,73.04347826086956,24.782608695652176,3.91304347826087,96.08695652173913,32.17391304347826,63.91304347826087
01618,01,618,797,196,8,188,139,49,22,174,57,117,24.592220828105397,4.081632653061225,95.91836734693877,70.91836734693877,25.0,11.224489795918368,88.77551020408163,29.081632653061224,59.693877551020414
01619,01,619,1026,273,15,258,209,49,26,247,93,154,26.608187134502927,5.4945054945054945,94.5054945054945,76.55677655677655,17.94871794871795,9.523809523809524,90.47619047619048,34.065934065934066,56.41025641025641
01620,01,620,1249,305,16,289,255,34,66,239,44,195,24.419535628502803,5.245901639344262,94.75409836065573,83.60655737704919,11.147540983606557,21.639344262295083,78.36065573770492,14.426229508196723,63.934426229508205
01621,01,621,695,126,7,119,84,35,11,115,45,70,18.1294964028777,5.555555555555555,94.44444444444444,66.66666666666666,27.77777777777778,8.73015873015873,91.26984126984127,35.714285714285715,55.55555555555556
01622,01,622,906,224,10,214,159,55,27,197,119,78,24.724061810154527,4.464285714285714,95.53571428571429,70.98214285714286,24.553571428571427,12.053571428571429,87.94642857142857,53.125,34.82142857142857
01623,01,623,909,241,12,229,153,76,26,215,105,110,26.512651265126514,4.979253112033195,95.0207468879668,63.48547717842323,31.535269709543567,10.78838174273859,89.21161825726142,43.56846473029046,45.643153526970956
01624,01,624,902,191,3,188,6,182,54,137,30,107,21.175166297117517,1.5706806282722512,98.42931937172776,3.1413612565445024,95.28795811518324,28.272251308900525,71.72774869109948,15.706806282722512,56.02094240837696
01625,01,625,985,199,10,189,126,63,23,176,79,97,20.20304568527919,5.025125628140704,94.9748743718593,63.31658291457286,31.65829145728643,11.557788944723619,88.44221105527639,39.698492462311556,48.743718592964825
01626,01,626,1060,310,15,295,214,81,25,285,105,180,29.245283018867923,4.838709677419355,95.16129032258065,69.03225806451613,26.129032258064516,8.064516129032258,91.93548387096774,33.87096774193548,58.06451612903226
01627,01,627,1036,309,14,295,229,66,25,284,109,175,29.82625482625483,4.53074433656958,95.46925566343042,74.11003236245955,21.35922330097087,8.090614886731391,91.9093851132686,35.275080906148865,56.63430420711975
01628,01,628,1001,287,10,277,236,41,17,270,79,191,28.671328671328673,3.484320557491289,96.51567944250871,82.22996515679442,14.285714285714285,5.923344947735192,94.07665505226481,27.526132404181187,66.55052264808361
01629,01,629,827,266,20,246,175,71,31,235,101,134,32.16444981862152,7.518796992481203,92.4812030075188,65.78947368421053,26.691729323308273,11.654135338345863,88.34586466165413,37.96992481203007,50.37593984962406
01630,01,630,1008,217,7,210,151,59,16,201,83,118,21.52777777777778,3.225806451612903,96.7741935483871,69.5852534562212,27.188940092165897,7.373271889400922,92.62672811059907,38.24884792626728,54.377880184331794
01631,01,631,820,192,12,180,140,40,17,175,74,101,23.414634146341466,6.25,93.75,72.91666666666666,20.833333333333336,8.854166666666668,91.14583333333334,38.54166666666667,52.604166666666664
01632,01,632,1060,337,17,320,247,73,26,311,109,202,31.79245283018868,5.044510385756676,94.95548961424333,73.29376854599407,21.66172106824926,7.71513353115727,92.28486646884274,32.34421364985163,59.940652818991104
01633,01,633,1267,433,16,417,315,102,33,400,148,252,34.17521704814522,3.695150115473441,96.30484988452656,72.74826789838336,23.556581986143186,7.621247113163972,92.37875288683603,34.18013856812933,58.198614318706696
01634,01,634,1434,489,12,477,365,112,27,462,146,316,34.10041841004184,2.4539877300613497,97.54601226993866,74.64212678936605,22.903885480572598,5.521472392638037,94.47852760736197,29.85685071574642,64.62167689161554
01635,01,635,1450,484,11,473,374,99,22,462,161,301,33.37931034482759,2.272727272727273,97.72727272727273,77.27272727272727,20.454545454545457,4.545454545454546,95.45454545454545,33.264462809917354,62.1900826446281
016A,01,6A,0,503,32,471,359,112,40,463,174,289,inf,6.36182902584493,93.63817097415506,71.37176938369781,22.266401590457257,7.952286282306163,92.04771371769384,34.59244532803181,57.45526838966203
016B,01,6B,0,409,22,387,302,85,18,391,148,243,inf,5.378973105134474,94.62102689486552,73.83863080684596,20.78239608801956,4.400977995110025,95.59902200488997,36.18581907090464,59.41320293398533
016C,01,6C,0,529,21,508,367,141,24,505,215,290,inf,3.9697542533081283,96.03024574669186,69.37618147448015,26.65406427221172,4.536862003780719,95.46313799621929,40.64272211720227,54.82041587901701
016D,01,6D,0,414,8,406,275,131,8,406,206,200,inf,1.932367149758454,98.06763285024155,66.42512077294685,31.642512077294686,1.932367149758454,98.06763285024155,49.75845410628019,48.309178743961354
016E,01,6E,0,624,18,606,443,163,33,591,234,357,inf,2.8846153846153846,97.11538461538461,70.99358974358975,26.121794871794872,5.288461538461538,94.71153846153845,37.5,57.21153846153846
016F,01,6F,0,594,51,543,383,160,71,523,227,296,inf,8.585858585858585,91.41414141414141,64.47811447811448,26.936026936026934,11.952861952861953,88.04713804713805,38.215488215488215,49.831649831649834
02101,02,101,1859,494,15,479,332,147,32,462,165,297,26.573426573426573,3.0364372469635628,96.96356275303644,67.20647773279353,29.75708502024291,6.477732793522267,93.52226720647774,33.40080971659919,60.12145748987854
02102,02,102,1651,555,8,547,435,112,32,523,136,387,33.61599030890369,1.4414414414414414,98.55855855855856,78.37837837837837,20.18018018018018,5.7657657657657655,94.23423423423424,24.504504504504503,69.72972972972973
02103,02,103,1613,411,17,394,305,89,41,370,138,232,25.480471171729697,4.13625304136253,95.86374695863748,74.20924574209245,21.654501216545015,9.975669099756692,90.02433090024331,33.57664233576642,56.447688564476884
02104,02,104,2032,872,18,854,604,250,56,816,199,617,42.91338582677165,2.064220183486239,97.93577981651376,69.26605504587155,28.6697247706422,6.422018348623854,93.57798165137615,22.821100917431192,70.75688073394495
02105,02,105,1999,975,15,960,818,142,55,920,130,790,48.774387193596795,1.5384615384615385,98.46153846153847,83.8974358974359,14.564102564102562,5.641025641025641,94.35897435897435,13.333333333333334,81.02564102564102
02106,02,106,2015,970,21,949,776,173,49,921,192,729,48.13895781637717,2.1649484536082473,97.83505154639175,80.0,17.835051546391753,5.051546391752577,94.94845360824742,19.79381443298969,75.15463917525773
02107,02,107,1731,829,13,816,651,165,44,785,172,613,47.89139225880994,1.5681544028950543,98.43184559710495,78.52834740651387,19.903498190591073,5.307599517490953,94.69240048250904,20.747889022919182,73.94451145958986
02108,02,108,1831,845,19,826,697,129,28,817,141,676,46.14964500273075,2.2485207100591715,97.75147928994082,82.48520710059172,15.266272189349111,3.3136094674556213,96.68639053254438,16.68639053254438,80.0
02109,02,109,2200,1000,25,975,792,183,37,963,180,783,45.45454545454545,2.5,97.5,79.2,18.3,3.6999999999999997,96.3,18.0,78.3
02110,02,110,1830,880,14,866,754,112,52,828,130,698,48.08743169398907,1.5909090909090908,98.4090909090909,85.68181818181819,12.727272727272727,5.909090909090909,94.0909090909091,14.772727272727273,79.31818181818183
02111,02,111,1952,1041,18,1023,879,144,50,991,164,827,53.329918032786885,1.729106628242075,98.27089337175792,84.43804034582134,13.8328530259366,4.803073967339097,95.1969260326609,15.754082612872239,79.44284341978867
02112,02,112,2127,1061,16,1045,935,110,59,1002,123,879,49.882463563704746,1.5080113100848256,98.49198868991517,88.124410933082,10.367577756833176,5.5607917059377945,94.43920829406221,11.592836946277098,82.84637134778511
02113,02,113,1981,977,22,955,830,125,44,933,144,789,49.318525996971225,2.2517911975435005,97.7482088024565,84.95394063459571,12.794268167860798,4.503582395087001,95.49641760491299,14.73899692937564,80.75742067553736
02114,02,114,1878,951,73,878,826,52,39,912,100,812,50.638977635782744,7.676130389064142,92.32386961093586,86.8559411146162,5.467928496319663,4.100946372239748,95.89905362776025,10.515247108307046,85.3838065194532
02115,02,115,1949,1007,16,991,853,138,60,947,159,788,51.66752180605438,1.5888778550148956,98.41112214498511,84.70705064548163,13.704071499503476,5.958291956305859,94.04170804369414,15.789473684210526,78.25223435948362
021A,02,1A,0,493,30,463,334,129,32,461,172,289,inf,6.085192697768763,93.91480730223124,67.74847870182555,26.16632860040568,6.490872210953347,93.50912778904666,34.88843813387424,58.620689655172406
021B,02,1B,0,368,15,353,275,78,36,332,111,221,inf,4.076086956521739,95.92391304347827,74.72826086956522,21.195652173913043,9.782608695652174,90.21739130434783,30.16304347826087,60.05434782608695
021C,02,1C,0,616,5,611,535,76,37,579,117,462,inf,0.8116883116883116,99.18831168831169,86.85064935064936,12.337662337662337,6.0064935064935066,93.9935064935065,18.993506493506494,75.0
021D,02,1D,0,357,5,352,272,80,17,340,105,235,inf,1.400560224089636,98.59943977591037,76.19047619047619,22.408963585434176,4.761904761904762,95.23809523809523,29.411764705882355,65.82633053221288
021E,02,1E,0,574,18,556,446,110,46,528,137,391,inf,3.1358885017421603,96.86411149825784,77.70034843205575,19.16376306620209,8.013937282229964,91.98606271777004,23.86759581881533,68.1184668989547
021F,02,1F,0,782,15,767,626,141,46,736,171,565,inf,1.9181585677749362,98.08184143222506,80.05115089514067,18.0306905370844,5.88235294117647,94.11764705882352,21.86700767263427,72.25063938618926
021G,02,1G,0,630,21,609,547,62,46,584,97,487,inf,3.3333333333333335,96.66666666666667,86.82539682539682,9.841269841269842,7.301587301587302,92.6984126984127,15.396825396825397,77.3015873015873
021H,02,1H,0,412,11,401,347,54,40,372,74,298,inf,2.669902912621359,97.33009708737865,84.22330097087378,13.106796116504855,9.70873786407767,90.29126213592234,17.96116504854369,72.33009708737865
021I,02,1I,0,348,11,337,279,58,20,328,74,254,inf,3.1609195402298855,96.83908045977012,80.17241379310344,16.666666666666664,5.747126436781609,94.25287356321839,21.26436781609195,72.98850574712644
02201,02,201,1989,999,19,980,838,142,54,945,129,816,50.2262443438914,1.9019019019019021,98.09809809809809,83.88388388388388,14.214214214214213,5.405405405405405,94.5945945945946,12.912912912912914,81.68168168168168
02202,02,202,1986,897,14,883,787,96,46,851,136,715,45.16616314199396,1.560758082497213,98.43924191750278,87.73690078037905,10.702341137123746,5.128205128205128,94.87179487179486,15.16164994425864,79.71014492753623
02203,02,203,1808,778,16,762,685,77,41,737,112,625,43.030973451327434,2.056555269922879,97.94344473007712,88.04627249357327,9.897172236503856,5.269922879177378,94.73007712082261,14.395886889460154,80.33419023136247
02204,02,204,1899,778,7,771,698,73,48,730,106,624,40.96893101632438,0.8997429305912596,99.10025706940874,89.7172236503856,9.383033419023135,6.169665809768637,93.83033419023135,13.624678663239074,80.20565552699229
02205,02,205,1874,894,14,880,766,114,57,837,148,689,47.705442902881536,1.5659955257270695,98.43400447427292,85.68232662192393,12.751677852348994,6.375838926174497,93.6241610738255,16.55480984340045,77.06935123042506
02206,02,206,1906,797,24,773,632,141,50,747,169,578,41.81532004197272,3.0112923462986196,96.98870765370138,79.297365119197,17.691342534504393,6.273525721455458,93.72647427854454,21.20451693851945,72.5219573400251
02207,02,207,1879,754,16,738,647,91,40,714,140,574,40.12772751463544,2.122015915119363,97.87798408488064,85.80901856763926,12.068965517241379,5.305039787798409,94.6949602122016,18.56763925729443,76.12732095490716
02208,02,208,1770,758,17,741,632,109,43,715,130,585,42.824858757062145,2.242744063324538,97.75725593667546,83.37730870712402,14.379947229551451,5.672823218997362,94.32717678100263,17.150395778364118,77.17678100263852
02209,02,209,1973,860,22,838,727,111,48,812,163,649,43.58844399391789,2.558139534883721,97.44186046511628,84.53488372093022,12.906976744186046,5.5813953488372094,94.41860465116278,18.953488372093023,75.46511627906976
02210,02,210,2009,983,19,964,821,143,47,936,164,772,48.929815828770536,1.9328585961342828,98.06714140386572,83.51983723296033,14.547304170905392,4.781281790437437,95.21871820956255,16.683621566632755,78.5350966429298
02211,02,211,1941,851,22,829,711,118,57,794,148,646,43.84337970118495,2.5851938895417157,97.41480611045829,83.54876615746181,13.866039952996475,6.698002350176263,93.30199764982373,17.391304347826086,75.91069330199764
02212,02,212,1912,818,8,810,727,83,40,778,120,658,42.78242677824268,0.9779951100244498,99.02200488997555,88.87530562347187,10.146699266503667,4.88997555012225,95.11002444987776,14.66992665036675,80.440097799511
02213,02,213,1971,866,13,853,757,96,44,822,112,710,43.93708777270421,1.5011547344110854,98.49884526558893,87.4133949191686,11.085450346420323,5.080831408775981,94.91916859122402,12.933025404157044,81.98614318706697
02214,02,214,1748,793,13,780,674,106,51,742,138,604,45.36613272311213,1.639344262295082,98.36065573770492,84.9936948297604,13.366960907944513,6.431273644388398,93.5687263556116,17.402269861286253,76.16645649432535
02215,02,215,2029,995,24,971,854,117,52,943,169,774,49.03893543617546,2.4120603015075375,97.58793969849246,85.82914572864323,11.758793969849247,5.226130653266332,94.77386934673366,16.984924623115578,77.78894472361809
022A,02,2A,0,429,18,411,342,69,31,398,96,302,inf,4.195804195804196,95.8041958041958,79.72027972027972,16.083916083916083,7.226107226107226,92.77389277389277,22.377622377622377,70.3962703962704
022B,02,2B,0,602,14,588,507,81,32,570,118,452,inf,2.3255813953488373,97.67441860465115,84.21926910299004,13.455149501661129,5.3156146179401995,94.6843853820598,19.601328903654487,75.08305647840533
022C,02,2C,0,533,7,526,454,72,23,510,91,419,inf,1.3133208255159476,98.68667917448406,85.17823639774859,13.50844277673546,4.315196998123827,95.68480300187618,17.073170731707318,78.61163227016885
022D,02,2D,0,509,20,489,418,71,45,464,107,357,inf,3.9292730844793713,96.07072691552064,82.12180746561886,13.948919449901767,8.840864440078585,91.15913555992141,21.021611001964637,70.13752455795678
022E,02,2E,0,490,21,469,393,76,45,445,103,342,inf,4.285714285714286,95.71428571428572,80.20408163265306,15.510204081632653,9.183673469387756,90.81632653061224,21.020408163265305,69.79591836734694
022F,02,2F,0,556,24,532,453,79,47,509,100,409,inf,4.316546762589928,95.68345323741008,81.4748201438849,14.20863309352518,8.453237410071942,91.54676258992805,17.985611510791365,73.56115107913669
022G,02,2G,0,524,5,519,441,78,28,496,116,380,inf,0.9541984732824428,99.04580152671755,84.16030534351145,14.885496183206106,5.343511450381679,94.65648854961832,22.137404580152673,72.51908396946564
022H,02,2H,0,441,6,435,364,71,30,411,94,317,inf,1.3605442176870748,98.63945578231292,82.53968253968253,16.099773242630384,6.802721088435375,93.19727891156462,21.31519274376417,71.88208616780045
02301,02,301,1792,513,33,480,353,127,43,470,177,293,28.627232142857146,6.432748538011696,93.56725146198829,68.81091617933723,24.756335282651072,8.382066276803119,91.61793372319687,34.50292397660819,57.1150097465887
02302,02,302,1758,567,23,544,428,116,28,539,177,362,32.25255972696246,4.056437389770723,95.94356261022926,75.48500881834215,20.458553791887123,4.938271604938271,95.06172839506173,31.216931216931215,63.844797178130506
02303,02,303,1955,918,19,899,777,122,54,864,159,705,46.95652173913044,2.0697167755991286,97.93028322440087,84.640522875817,13.28976034858388,5.88235294117647,94.11764705882352,17.320261437908496,76.79738562091504
02304,02,304,1764,791,17,774,651,123,59,732,146,586,44.84126984126984,2.1491782553729455,97.85082174462705,82.30088495575221,15.549936788874842,7.458912768647282,92.54108723135272,18.45764854614412,74.08343868520859
02305,02,305,1953,478,27,451,368,83,56,422,141,281,24.47516641065028,5.648535564853557,94.35146443514645,76.98744769874477,17.364016736401673,11.715481171548117,88.28451882845188,29.497907949790797,58.78661087866108
02306,02,306,2044,493,33,460,359,101,36,457,164,293,24.119373776908024,6.693711967545639,93.30628803245436,72.81947261663286,20.486815415821503,7.302231237322515,92.69776876267748,33.2657200811359,59.43204868154158
02307,02,307,1802,416,24,392,302,90,33,383,174,209,23.085460599334073,5.769230769230769,94.23076923076923,72.59615384615384,21.634615384615387,7.9326923076923075,92.0673076923077,41.82692307692308,50.24038461538461
02308,02,308,1627,446,13,433,363,70,42,404,125,279,27.412415488629378,2.914798206278027,97.08520179372198,81.39013452914799,15.695067264573993,9.417040358744394,90.5829596412556,28.02690582959641,62.5560538116592
02309,02,309,1669,547,17,530,434,96,40,507,109,398,32.774116237267826,3.1078610603290677,96.89213893967093,79.3418647166362,17.550274223034734,7.312614259597806,92.68738574040219,19.926873857404022,72.76051188299817
02310,02,310,1928,781,18,763,666,97,56,725,118,607,40.50829875518672,2.3047375160051216,97.69526248399488,85.2752880921895,12.419974391805377,7.170294494238156,92.82970550576184,15.108834827144687,77.72087067861716
02311,02,311,1641,638,11,627,562,65,36,602,103,499,38.878732480195005,1.7241379310344827,98.27586206896551,88.08777429467085,10.18808777429467,5.6426332288401255,94.35736677115987,16.144200626959247,78.21316614420063
02312,02,312,1494,518,3,515,452,63,33,485,81,404,34.67202141900937,0.5791505791505791,99.42084942084942,87.25868725868726,12.162162162162163,6.370656370656371,93.62934362934364,15.637065637065636,77.99227799227799
02313,02,313,1775,873,16,857,728,129,58,815,144,671,49.183098591549296,1.8327605956471937,98.1672394043528,83.39060710194731,14.776632302405499,6.643757159221077,93.35624284077892,16.49484536082474,76.86139747995419
02314,02,314,1824,657,26,631,525,106,35,622,166,456,36.01973684210527,3.95738203957382,96.04261796042618,79.90867579908677,16.13394216133942,5.32724505327245,94.67275494672755,25.266362252663622,69.40639269406392
02315,02,315,1702,819,12,807,696,111,38,781,135,646,48.11985898942421,1.465201465201465,98.53479853479854,84.98168498168498,13.553113553113553,4.63980463980464,95.36019536019536,16.483516483516482,78.87667887667888
023A,02,3A,0,470,40,430,297,133,54,416,179,237,inf,8.51063829787234,91.48936170212765,63.191489361702125,28.297872340425535,11.48936170212766,88.51063829787233,38.08510638297872,50.42553191489362
023B,02,3B,0,518,10,508,428,80,29,489,109,380,inf,1.9305019305019304,98.06949806949807,82.62548262548263,15.444015444015443,5.598455598455598,94.4015444015444,21.042471042471043,73.35907335907336
023C,02,3C,0,392,15,377,275,102,23,369,147,222,inf,3.826530612244898,96.1734693877551,70.1530612244898,26.02040816326531,5.86734693877551,94.13265306122449,37.5,56.63265306122449
023D,02,3D,0,551,16,535,467,68,36,515,128,387,inf,2.9038112522686026,97.09618874773139,84.75499092558984,12.341197822141561,6.533575317604355,93.46642468239564,23.23049001814882,70.23593466424683
023E,02,3E,0,401,3,398,344,54,34,367,68,299,inf,0.7481296758104738,99.25187032418953,85.785536159601,13.466334164588527,8.478802992518704,91.52119700748129,16.957605985037407,74.56359102244389
023F,02,3F,0,399,14,385,323,62,25,374,97,277,inf,3.508771929824561,96.49122807017544,80.95238095238095,15.538847117794486,6.265664160401002,93.734335839599,24.31077694235589,69.42355889724311
02401,02,401,2131,630,57,573,348,225,58,572,310,262,29.563585171281087,9.047619047619047,90.95238095238095,55.23809523809524,35.714285714285715,9.206349206349207,90.7936507936508,49.2063492063492,41.58730158730159
02402,02,402,2015,555,57,498,328,170,60,495,245,250,27.543424317617866,10.27027027027027,89.72972972972974,59.09909909909909,30.630630630630627,10.81081081081081,89.1891891891892,44.14414414414414,45.04504504504504
02403,02,403,2175,759,33,726,498,228,45,714,312,402,34.89655172413793,4.3478260869565215,95.65217391304348,65.61264822134387,30.039525691699602,5.928853754940711,94.0711462450593,41.10671936758894,52.96442687747036
02404,02,404,2131,720,56,664,425,239,66,654,315,339,33.7869544814641,7.777777777777778,92.22222222222223,59.02777777777778,33.19444444444444,9.166666666666666,90.83333333333333,43.75,47.083333333333336
02405,02,405,1840,645,45,600,399,201,60,585,301,284,35.05434782608695,6.976744186046512,93.02325581395348,61.86046511627907,31.16279069767442,9.30232558139535,90.69767441860465,46.666666666666664,44.031007751937985
02406,02,406,2228,855,18,837,679,158,40,815,244,571,38.37522441651706,2.1052631578947367,97.89473684210527,79.41520467836257,18.47953216374269,4.678362573099415,95.32163742690058,28.538011695906434,66.78362573099416
02407,02,407,2323,1016,28,988,704,284,50,966,367,599,43.73654756780026,2.7559055118110236,97.24409448818898,69.29133858267717,27.95275590551181,4.921259842519685,95.07874015748031,36.12204724409449,58.95669291338582
02408,02,408,2052,899,19,880,643,237,50,849,298,551,43.810916179337234,2.1134593993325916,97.8865406006674,71.52391546162403,26.362625139043384,5.561735261401557,94.43826473859845,33.14794215795328,61.29032258064516
02409,02,409,2188,851,55,796,590,206,71,780,305,475,38.89396709323583,6.462984723854288,93.53701527614571,69.33019976498237,24.206815511163338,8.343125734430082,91.65687426556993,35.84018801410106,55.81668625146886
02410,02,410,2227,701,27,674,491,183,35,666,229,437,31.477323753929053,3.851640513552068,96.14835948644793,70.04279600570614,26.105563480741793,4.9928673323823105,95.00713266761768,32.66761768901569,62.339514978602
02411,02,411,2232,682,59,623,430,193,73,609,299,310,30.555555555555557,8.651026392961878,91.34897360703812,63.049853372434015,28.299120234604107,10.703812316715542,89.29618768328446,43.841642228739005,45.45454545454545
02412,02,412,2036,615,54,561,331,230,60,555,296,259,30.206286836935163,8.780487804878048,91.21951219512195,53.82113821138211,37.39837398373984,9.75609756097561,90.2439024390244,48.13008130081301,42.113821138211385
02413,02,413,1823,583,31,552,364,188,56,527,244,283,31.980252331321996,5.317324185248713,94.68267581475128,62.43567753001715,32.24699828473413,9.605488850771868,90.39451114922812,41.852487135506,48.54202401372213
02414,02,414,1459,401,20,381,252,129,19,382,181,201,27.484578478409873,4.987531172069826,95.01246882793018,62.84289276807981,32.16957605985037,4.738154613466334,95.26184538653366,45.137157107231914,50.12468827930174
02415,02,415,846,304,7,297,221,76,14,290,98,192,35.9338061465721,2.302631578947368,97.69736842105263,72.69736842105263,25.0,4.605263157894736,95.39473684210526,32.23684210526316,63.1578947368421
024A,02,4A,0,466,41,425,252,173,30,436,258,178,inf,8.798283261802576,91.20171673819742,54.077253218884124,37.1244635193133,6.437768240343347,93.56223175965665,55.36480686695279,38.197424892703864
024B,02,4B,0,566,42,524,325,199,39,527,283,244,inf,7.420494699646643,92.57950530035336,57.42049469964664,35.159010600706715,6.890459363957597,93.1095406360424,50.0,43.109540636042404
024C,02,4C,0,554,14,540,386,154,25,529,190,339,inf,2.527075812274368,97.47292418772562,69.67509025270758,27.79783393501805,4.512635379061372,95.48736462093864,34.29602888086642,61.191335740072205
024D,02,4D,0,553,23,530,375,155,26,527,223,304,inf,4.159132007233273,95.84086799276673,67.8119349005425,28.028933092224236,4.701627486437613,95.29837251356238,40.3254972875226,54.97287522603978
024E,02,4E,0,331,33,298,189,109,23,308,169,139,inf,9.969788519637463,90.03021148036254,57.09969788519638,32.93051359516616,6.948640483383686,93.05135951661632,51.057401812688816,41.99395770392749
024F,02,4F,0,427,34,393,285,108,39,388,174,214,inf,7.962529274004685,92.03747072599532,66.7447306791569,25.292740046838407,9.133489461358314,90.86651053864169,40.749414519906324,50.11709601873536
024G,02,4G,0,517,39,478,289,189,54,463,267,196,inf,7.543520309477756,92.45647969052224,55.89941972920697,36.55705996131528,10.444874274661508,89.55512572533848,51.64410058027079,37.9110251450677
024H,02,4H,0,479,49,430,262,168,41,438,258,180,inf,10.22964509394572,89.77035490605428,54.69728601252609,35.07306889352819,8.559498956158663,91.44050104384134,53.86221294363257,37.578288100208766
02501,02,501,1741,717,20,697,573,124,33,684,208,476,41.18322802986789,2.789400278940028,97.21059972105998,79.9163179916318,17.294281729428175,4.602510460251046,95.39748953974896,29.009762900976288,66.38772663877266
02502,02,502,1831,796,10,786,625,161,35,761,349,412,43.47351174221737,1.256281407035176,98.74371859296483,78.5175879396985,20.22613065326633,4.396984924623116,95.60301507537689,43.84422110552764,51.75879396984925
02503,02,503,2012,896,33,863,708,155,46,850,232,618,44.53280318091451,3.6830357142857144,96.31696428571429,79.01785714285714,17.299107142857142,5.133928571428571,94.86607142857143,25.892857142857146,68.97321428571429
02504,02,504,1851,745,17,728,582,146,38,707,216,491,40.248514316585634,2.2818791946308723,97.71812080536913,78.12080536912752,19.59731543624161,5.100671140939597,94.8993288590604,28.993288590604028,65.90604026845638
02505,02,505,1322,636,10,626,516,110,36,600,161,439,48.1089258698941,1.5723270440251573,98.42767295597484,81.13207547169812,17.29559748427673,5.660377358490567,94.33962264150944,25.31446540880503,69.0251572327044
02506,02,506,1649,717,16,701,558,143,30,687,178,509,43.480897513644635,2.2315202231520224,97.76847977684798,77.82426778242679,19.9442119944212,4.184100418410042,95.81589958158996,24.825662482566248,70.99023709902372
02507,02,507,1759,750,15,735,580,155,43,707,178,529,42.63786242183058,2.0,98.0,77.33333333333333,20.666666666666668,5.733333333333333,94.26666666666667,23.733333333333334,70.53333333333333
02508,02,508,1486,652,14,638,502,136,40,612,156,456,43.87617765814266,2.147239263803681,97.85276073619632,76.99386503067484,20.858895705521473,6.134969325153374,93.86503067484662,23.92638036809816,69.93865030674846
02509,02,509,1762,714,17,697,539,158,29,685,200,485,40.52213393870602,2.380952380952381,97.61904761904762,75.49019607843137,22.128851540616246,4.061624649859944,95.93837535014006,28.011204481792717,67.92717086834735
02510,02,510,1832,761,11,750,609,141,28,733,188,545,41.53930131004367,1.445466491458607,98.5545335085414,80.02628120893561,18.528252299605782,3.679369250985545,96.32063074901446,24.704336399474375,71.61629434954008
02511,02,511,2201,1043,26,1017,798,219,52,991,289,702,47.38755111313039,2.4928092042186005,97.5071907957814,76.51006711409396,20.99712368168744,4.985618408437201,95.0143815915628,27.708533077660597,67.3058485139022
02512,02,512,1928,808,15,793,654,139,30,778,171,607,41.90871369294606,1.8564356435643563,98.14356435643565,80.94059405940595,17.2029702970297,3.7128712871287126,96.28712871287128,21.16336633663366,75.12376237623762
02513,02,513,1918,746,19,727,580,147,39,707,193,514,38.894681960375394,2.546916890080429,97.45308310991958,77.7479892761394,19.70509383378016,5.227882037533512,94.77211796246648,25.871313672922252,68.90080428954424
02514,02,514,1768,767,13,754,604,150,30,737,192,545,43.38235294117647,1.694915254237288,98.30508474576271,78.748370273794,19.556714471968707,3.911342894393742,96.08865710560626,25.03259452411995,71.05606258148632
02515,02,515,2042,863,21,842,658,184,45,818,242,576,42.26248775710088,2.4333719582850524,97.56662804171495,76.24565469293162,21.320973348783316,5.214368482039398,94.7856315179606,28.041714947856317,66.74391657010429
02516,02,516,1860,754,12,742,597,145,41,713,178,535,40.53763440860215,1.5915119363395225,98.40848806366049,79.17771883289124,19.230769230769234,5.437665782493369,94.56233421750663,23.607427055702917,70.95490716180372
025A,02,5A,0,478,10,468,368,100,18,460,163,297,inf,2.092050209205021,97.90794979079497,76.98744769874477,20.920502092050206,3.765690376569038,96.23430962343096,34.10041841004184,62.13389121338913
025B,02,5B,0,472,18,454,352,102,19,453,178,275,inf,3.8135593220338984,96.1864406779661,74.57627118644068,21.610169491525426,4.025423728813559,95.97457627118644,37.71186440677966,58.26271186440678
025C,02,5C,0,433,11,422,331,91,32,401,139,262,inf,2.5404157043879905,97.45958429561202,76.44341801385681,21.016166281755197,7.390300230946882,92.60969976905312,32.10161662817552,60.5080831408776
025D,02,5D,0,476,7,469,372,97,18,458,159,299,inf,1.4705882352941175,98.52941176470588,78.15126050420169,20.3781512605042,3.7815126050420167,96.21848739495799,33.403361344537814,62.81512605042017
025E,02,5E,0,478,10,468,358,110,14,464,142,322,inf,2.092050209205021,97.90794979079497,74.89539748953975,23.01255230125523,2.928870292887029,97.07112970711297,29.707112970711297,67.36401673640168
025F,02,5F,0,538,12,526,402,124,26,512,166,346,inf,2.2304832713754648,97.76951672862454,74.72118959107806,23.04832713754647,4.83271375464684,95.16728624535315,30.855018587360593,64.31226765799256
025G,02,5G,0,459,8,451,359,92,20,439,141,298,inf,1.7429193899782136,98.25708061002179,78.21350762527233,20.043572984749456,4.357298474945534,95.64270152505446,30.718954248366014,64.92374727668845
025H,02,5H,0,507,15,492,396,96,22,485,153,332,inf,2.9585798816568047,97.0414201183432,78.10650887573965,18.93491124260355,4.339250493096647,95.66074950690336,30.17751479289941,65.48323471400394
02601,02,601,1997,760,41,719,508,211,51,709,284,425,38.057085628442664,5.394736842105264,94.60526315789474,66.84210526315789,27.76315789473684,6.7105263157894735,93.28947368421052,37.368421052631575,55.92105263157895
02602,02,602,1964,794,35,759,576,183,50,744,241,503,40.42769857433808,4.408060453400504,95.59193954659949,72.544080604534,23.047858942065492,6.297229219143577,93.70277078085643,30.35264483627204,63.35012594458438
02603,02,603,2157,933,25,908,667,241,30,903,314,589,43.254520166898466,2.679528403001072,97.32047159699893,71.4898177920686,25.830653804930332,3.215434083601286,96.78456591639872,33.654876741693464,63.12968917470525
02604,02,604,2267,899,15,884,699,185,44,855,210,645,39.65593295103661,1.668520578420467,98.33147942157953,77.75305895439377,20.57842046718576,4.894327030033371,95.10567296996662,23.35928809788654,71.7463848720801
02605,02,605,2173,864,14,850,673,177,52,812,200,612,39.760699493787385,1.6203703703703702,98.37962962962963,77.89351851851852,20.48611111111111,6.018518518518518,93.98148148148148,23.14814814814815,70.83333333333334
02606,02,606,1896,849,20,829,658,171,41,808,212,596,44.778481012658226,2.3557126030624262,97.64428739693759,77.50294464075382,20.141342756183743,4.829210836277975,95.17078916372202,24.97055359246172,70.20023557126031
02607,02,607,2045,928,21,907,734,173,18,910,220,690,45.37897310513447,2.2629310344827585,97.73706896551724,79.09482758620689,18.642241379310345,1.9396551724137931,98.0603448275862,23.70689655172414,74.35344827586206
02608,02,608,2043,972,22,950,773,177,47,925,235,690,47.57709251101321,2.263374485596708,97.7366255144033,79.52674897119341,18.209876543209877,4.8353909465020575,95.16460905349794,24.17695473251029,70.98765432098766
02609,02,609,1732,696,19,677,550,127,50,646,187,459,40.184757505773675,2.7298850574712645,97.27011494252874,79.02298850574712,18.24712643678161,7.183908045977011,92.81609195402298,26.867816091954023,65.94827586206897
02610,02,610,2121,973,15,958,800,158,33,940,187,753,45.87458745874587,1.5416238437821173,98.45837615621788,82.21993833504625,16.238437821171633,3.391572456320658,96.60842754367934,19.218910585817063,77.38951695786228
02611,02,611,2257,1064,28,1036,818,218,88,976,266,710,47.142224191404516,2.631578947368421,97.36842105263158,76.8796992481203,20.48872180451128,8.270676691729323,91.72932330827066,25.0,66.72932330827066
02612,02,612,1459,595,17,578,449,129,30,565,179,386,40.781357093899935,2.857142857142857,97.14285714285714,75.46218487394958,21.680672268907564,5.042016806722689,94.9579831932773,30.084033613445378,64.87394957983193
02613,02,613,1937,642,16,626,492,134,39,603,203,400,33.144037170882804,2.4922118380062304,97.50778816199377,76.63551401869158,20.87227414330218,6.074766355140187,93.92523364485982,31.61993769470405,62.30529595015576
02614,02,614,1433,558,9,549,437,112,27,531,179,352,38.93928820655967,1.6129032258064515,98.38709677419355,78.31541218637993,20.07168458781362,4.838709677419355,95.16129032258065,32.07885304659498,63.08243727598566
02615,02,615,1045,394,8,386,263,123,18,376,137,239,37.70334928229665,2.030456852791878,97.96954314720813,66.75126903553299,31.218274111675125,4.568527918781726,95.43147208121827,34.77157360406091,60.659898477157356
02616,02,616,1333,605,33,572,341,231,43,562,287,275,45.38634658664667,5.454545454545454,94.54545454545455,56.36363636363636,38.18181818181819,7.107438016528926,92.89256198347108,47.43801652892562,45.45454545454545
026A,02,6A,0,535,28,507,331,176,26,509,233,276,inf,5.233644859813085,94.76635514018692,61.86915887850467,32.89719626168225,4.859813084112149,95.14018691588785,43.55140186915888,51.58878504672897
026B,02,6B,0,556,42,514,385,129,55,501,193,308,inf,7.553956834532374,92.44604316546763,69.24460431654677,23.201438848920862,9.892086330935252,90.10791366906474,34.71223021582734,55.39568345323741
026C,02,6C,0,420,19,401,309,92,38,382,110,272,inf,4.523809523809524,95.47619047619048,73.57142857142858,21.904761904761905,9.047619047619047,90.95238095238095,26.190476190476193,64.76190476190476
026D,02,6D,0,588,11,577,466,111,25,563,161,402,inf,1.870748299319728,98.12925170068027,79.25170068027211,18.877551020408163,4.2517006802721085,95.74829931972789,27.380952380952383,68.36734693877551
026E,02,6E,0,561,9,552,437,115,27,534,169,365,inf,1.6042780748663104,98.3957219251337,77.89661319073083,20.499108734402853,4.81283422459893,95.18716577540107,30.124777183600713,65.06238859180036
026F,02,6F,0,503,8,495,380,115,22,481,163,318,inf,1.5904572564612325,98.40954274353876,75.54671968190854,22.86282306163022,4.3737574552683895,95.62624254473161,32.40556660039761,63.22067594433399
026G,02,6G,0,527,19,508,390,118,33,494,230,264,inf,3.6053130929791273,96.39468690702088,74.00379506641366,22.39089184060721,6.261859582542694,93.7381404174573,43.643263757115754,50.094876660341555
026H,02,6H,0,463,18,445,304,141,24,439,202,237,inf,3.8876889848812093,96.11231101511879,65.65874730021598,30.45356371490281,5.183585313174946,94.81641468682506,43.628509719222464,51.18790496760259
03101,03,101,1849,573,44,529,340,189,49,524,266,258,30.989724175229856,7.678883071553229,92.32111692844677,59.33682373472949,32.98429319371728,8.55148342059337,91.44851657940663,46.42233856893543,45.0261780104712
03102,03,102,1902,471,34,437,270,167,48,423,231,192,24.76340694006309,7.218683651804671,92.78131634819533,57.324840764331206,35.45647558386412,10.191082802547772,89.80891719745223,49.044585987261144,40.76433121019109
03103,03,103,1922,462,54,408,282,126,62,400,260,140,24.037460978147763,11.688311688311687,88.31168831168831,61.038961038961034,27.27272727272727,13.41991341991342,86.58008658008657,56.27705627705628,30.303030303030305
03104,03,104,1605,523,64,459,288,171,55,468,295,173,32.585669781931465,12.237093690248566,87.76290630975143,55.06692160611855,32.69598470363289,10.51625239005736,89.48374760994264,56.40535372848948,33.07839388145315
03105,03,105,2007,394,35,359,256,103,43,351,195,156,19.63129048330842,8.883248730964468,91.11675126903553,64.9746192893401,26.14213197969543,10.913705583756345,89.08629441624365,49.49238578680203,39.59390862944163
03106,03,106,1850,530,60,470,313,157,85,445,285,160,28.64864864864865,11.320754716981133,88.67924528301887,59.056603773584904,29.62264150943396,16.037735849056602,83.9622641509434,53.77358490566038,30.18867924528302
03107,03,107,1548,366,30,336,212,124,29,337,193,144,23.643410852713178,8.19672131147541,91.80327868852459,57.92349726775956,33.87978142076503,7.923497267759563,92.07650273224044,52.732240437158474,39.34426229508197
03108,03,108,1570,470,43,427,228,199,36,434,273,161,29.936305732484076,9.148936170212766,90.85106382978724,48.51063829787234,42.340425531914896,7.659574468085106,92.34042553191489,58.08510638297872,34.25531914893617
03109,03,109,1577,394,32,362,209,153,34,360,224,136,24.98414711477489,8.121827411167512,91.87817258883248,53.045685279187815,38.83248730964467,8.629441624365482,91.37055837563452,56.852791878172596,34.51776649746193
03110,03,110,1213,375,27,348,172,176,16,359,224,135,30.915086562242372,7.199999999999999,92.80000000000001,45.86666666666667,46.93333333333333,4.266666666666667,95.73333333333333,59.73333333333334,36.0
03111,03,111,1159,457,36,421,219,202,47,410,222,188,39.43054357204487,7.87746170678337,92.12253829321662,47.921225382932164,44.201312910284464,10.284463894967178,89.71553610503283,48.57768052516411,41.13785557986871
03112,03,112,1713,666,36,630,336,294,42,624,374,250,38.879159369527144,5.405405405405405,94.5945945945946,50.45045045045045,44.14414414414414,6.306306306306306,93.69369369369369,56.15615615615616,37.53753753753754
03113,03,113,1781,689,38,651,359,292,47,642,345,297,38.68613138686132,5.515239477503629,94.48476052249637,52.1044992743106,42.380261248185775,6.821480406386067,93.17851959361393,50.07256894049347,43.10595065312046
03114,03,114,1501,537,42,495,288,207,48,489,273,216,35.7761492338441,7.82122905027933,92.17877094972067,53.63128491620112,38.547486033519554,8.938547486033519,91.06145251396647,50.83798882681564,40.22346368715084
03115,03,115,1798,564,35,529,309,220,34,530,297,233,31.368186874304783,6.205673758865248,93.79432624113475,54.78723404255319,39.00709219858156,6.028368794326241,93.97163120567376,52.659574468085104,41.312056737588655
03116,03,116,1388,427,34,393,242,151,39,388,233,155,30.763688760806918,7.962529274004685,92.03747072599532,56.674473067915685,35.36299765807963,9.133489461358314,90.86651053864169,54.56674473067916,36.29976580796253
03117,03,117,1821,528,60,468,300,168,44,484,265,219,28.995057660626028,11.363636363636363,88.63636363636364,56.81818181818182,31.818181818181817,8.333333333333332,91.66666666666666,50.189393939393945,41.47727272727273
03118,03,118,1469,417,23,394,223,171,33,384,224,160,28.386657590197412,5.515587529976019,94.48441247002398,53.47721822541966,41.007194244604314,7.913669064748201,92.08633093525181,53.71702637889688,38.36930455635492
03119,03,119,1615,507,45,462,290,172,48,459,268,191,31.39318885448916,8.875739644970414,91.12426035502959,57.1992110453649,33.92504930966469,9.467455621301776,90.53254437869822,52.85996055226825,37.67258382642998
03120,03,120,1091,298,18,280,177,103,25,273,148,125,27.314390467461045,6.0402684563758395,93.95973154362416,59.395973154362416,34.56375838926174,8.389261744966444,91.61073825503355,49.664429530201346,41.946308724832214
03121,03,121,1806,569,43,526,275,251,46,523,313,210,31.50609080841639,7.5571177504393665,92.44288224956063,48.33040421792619,44.112478031634446,8.084358523725834,91.91564147627417,55.008787346221446,36.90685413005272
031A,03,1A,0,757,59,698,404,294,59,698,448,250,inf,7.793923381770146,92.20607661822986,53.36856010568032,38.837516512549534,7.793923381770146,92.20607661822986,59.18097754293263,33.02509907529723
031B,03,1B,0,480,41,439,272,167,30,450,272,178,inf,8.541666666666666,91.45833333333333,56.666666666666664,34.791666666666664,6.25,93.75,56.666666666666664,37.083333333333336
031C,03,1C,0,462,39,423,234,189,28,434,266,168,inf,8.441558441558442,91.55844155844156,50.649350649350644,40.909090909090914,6.0606060606060606,93.93939393939394,57.57575757575758,36.36363636363637
031D,03,1D,0,926,75,851,461,390,53,873,563,310,inf,8.099352051835854,91.90064794816415,49.78401727861771,42.11663066954643,5.723542116630669,94.27645788336933,60.79913606911447,33.477321814254864
031E,03,1E,0,651,35,616,334,282,43,608,379,229,inf,5.376344086021505,94.6236559139785,51.30568356374808,43.31797235023041,6.605222734254992,93.394777265745,58.21812596006144,35.17665130568356
03201,03,201,650,208,28,180,123,57,24,184,116,68,32.0,13.461538461538462,86.53846153846155,59.13461538461539,27.403846153846157,11.538461538461538,88.46153846153845,55.769230769230774,32.69230769230769
03202,03,202,825,246,27,219,148,71,37,209,111,98,29.818181818181817,10.975609756097562,89.02439024390245,60.16260162601627,28.86178861788618,15.040650406504067,84.95934959349594,45.1219512195122,39.83739837398374
03203,03,203,1872,520,47,473,274,199,40,480,296,184,27.77777777777778,9.038461538461538,90.96153846153847,52.69230769230769,38.26923076923077,7.6923076923076925,92.3076923076923,56.92307692307692,35.38461538461539
03204,03,204,1849,495,37,458,260,198,40,455,251,204,26.771227690643588,7.474747474747474,92.52525252525253,52.52525252525253,40.0,8.080808080808081,91.91919191919192,50.70707070707071,41.21212121212121
03205,03,205,1795,437,29,408,249,159,42,395,215,180,24.34540389972145,6.636155606407322,93.36384439359267,56.97940503432495,36.38443935926773,9.610983981693364,90.38901601830663,49.19908466819222,41.18993135011442
03206,03,206,1772,610,42,568,297,271,46,564,332,232,34.42437923250564,6.885245901639345,93.11475409836065,48.68852459016394,44.42622950819673,7.540983606557377,92.45901639344262,54.42622950819672,38.0327868852459
03207,03,207,1741,501,40,461,282,179,50,451,233,218,28.77656519241815,7.984031936127744,92.01596806387225,56.287425149700596,35.728542914171655,9.980039920159681,90.01996007984032,46.506986027944116,43.51297405189621
03208,03,208,1630,505,38,467,291,176,47,458,232,226,30.981595092024538,7.524752475247524,92.47524752475248,57.62376237623762,34.85148514851485,9.306930693069306,90.6930693069307,45.940594059405946,44.75247524752476
03209,03,209,1687,542,42,500,306,194,44,498,244,254,32.12803793716657,7.7490774907749085,92.25092250922509,56.457564575645755,35.79335793357934,8.118081180811808,91.88191881918819,45.018450184501845,46.86346863468634
03210,03,210,1898,691,35,656,411,245,43,648,312,336,36.406743940990516,5.065123010130246,94.93487698986975,59.479015918958034,35.45586107091172,6.2228654124457305,93.77713458755427,45.151953690303905,48.62518089725037
03211,03,211,1801,686,33,653,361,292,43,643,338,305,38.089950027762356,4.810495626822157,95.18950437317784,52.623906705539355,42.565597667638485,6.2682215743440235,93.73177842565597,49.27113702623907,44.460641399416915
03212,03,212,1523,519,36,483,298,185,35,484,237,247,34.07747866053841,6.9364161849710975,93.0635838150289,57.41811175337187,35.64547206165704,6.74373795761079,93.25626204238921,45.664739884393065,47.591522157996145
03213,03,213,1688,642,26,616,392,224,52,590,273,317,38.03317535545024,4.049844236760125,95.95015576323988,61.059190031152646,34.890965732087224,8.09968847352025,91.90031152647975,42.523364485981304,49.37694704049844
03214,03,214,1918,732,40,692,414,278,45,687,342,345,38.16475495307612,5.46448087431694,94.53551912568307,56.557377049180324,37.97814207650273,6.147540983606557,93.85245901639344,46.72131147540984,47.13114754098361
03215,03,215,1876,644,40,604,346,258,46,598,318,280,34.32835820895522,6.211180124223603,93.7888198757764,53.72670807453416,40.06211180124223,7.142857142857142,92.85714285714286,49.378881987577635,43.47826086956522
03216,03,216,1732,597,34,563,352,211,46,551,253,298,34.468822170900694,5.6951423785594635,94.30485762144055,58.96147403685092,35.34338358458962,7.705192629815745,92.29480737018424,42.3785594639866,49.916247906197654
03217,03,217,1762,587,31,556,317,239,35,552,300,252,33.314415437003404,5.281090289608177,94.71890971039181,54.00340715502555,40.71550255536627,5.9625212947189095,94.03747870528109,51.10732538330494,42.93015332197615
03218,03,218,1874,446,6,440,270,170,6,440,243,197,23.799359658484526,1.345291479820628,98.65470852017937,60.53811659192825,38.11659192825112,1.345291479820628,98.65470852017937,54.48430493273543,44.17040358744394
03219,03,219,1389,473,27,446,267,179,51,422,222,200,34.053275737940965,5.708245243128964,94.29175475687104,56.448202959830866,37.84355179704017,10.782241014799155,89.21775898520085,46.93446088794926,42.28329809725159
03220,03,220,1290,525,36,489,301,188,35,490,246,244,40.69767441860465,6.857142857142858,93.14285714285714,57.333333333333336,35.80952380952381,6.666666666666667,93.33333333333333,46.85714285714286,46.476190476190474
032A,03,2A,0,752,51,701,419,282,41,711,405,306,inf,6.781914893617021,93.21808510638297,55.71808510638297,37.5,5.452127659574469,94.54787234042553,53.8563829787234,40.691489361702125
032B,03,2B,0,734,50,684,371,313,50,684,443,241,inf,6.811989100817439,93.18801089918256,50.54495912806539,42.64305177111717,6.811989100817439,93.18801089918256,60.3542234332425,32.833787465940055
032C,03,2C,0,941,93,848,478,370,65,876,545,331,inf,9.883103081827842,90.11689691817216,50.79702444208289,39.319872476089266,6.9075451647183845,93.09245483528161,57.917109458023376,35.17534537725824
032D,03,2D,0,842,58,784,430,354,51,791,472,319,inf,6.88836104513064,93.11163895486936,51.06888361045131,42.042755344418055,6.0570071258907365,93.94299287410927,56.057007125890735,37.88598574821852
032E,03,2E,0,624,46,578,341,237,49,575,337,238,inf,7.371794871794872,92.62820512820514,54.64743589743589,37.980769230769226,7.852564102564102,92.1474358974359,54.006410256410255,38.141025641025635
03301,03,301,1681,507,29,478,239,239,29,478,273,205,30.160618679357526,5.719921104536489,94.28007889546352,47.14003944773176,47.14003944773176,5.719921104536489,94.28007889546352,53.84615384615385,40.433925049309664
03302,03,302,2005,462,38,424,241,183,43,419,237,182,23.042394014962593,8.225108225108226,91.77489177489177,52.16450216450217,39.61038961038961,9.307359307359308,90.6926406926407,51.298701298701296,39.39393939393939
03303,03,303,1700,393,31,362,253,109,50,343,199,144,23.11764705882353,7.888040712468193,92.1119592875318,64.3765903307888,27.735368956743002,12.72264631043257,87.27735368956743,50.63613231552163,36.6412213740458
03304,03,304,1391,434,31,403,236,167,32,402,208,194,31.200575125808772,7.142857142857142,92.85714285714286,54.377880184331794,38.47926267281106,7.373271889400922,92.62672811059907,47.926267281105986,44.70046082949309
03305,03,305,1499,449,35,414,262,152,41,408,211,197,29.953302201467647,7.795100222717149,92.20489977728286,58.35189309576837,33.85300668151447,9.131403118040089,90.8685968819599,46.99331848552338,43.87527839643652
03306,03,306,1798,560,39,521,322,199,45,515,276,239,31.145717463848722,6.964285714285714,93.03571428571429,57.49999999999999,35.535714285714285,8.035714285714286,91.96428571428571,49.28571428571429,42.67857142857142
03307,03,307,1864,624,56,568,376,192,64,560,266,294,33.47639484978541,8.974358974358974,91.02564102564102,60.256410256410255,30.76923076923077,10.256410256410255,89.74358974358975,42.628205128205124,47.11538461538461
03308,03,308,1669,557,24,533,330,203,44,513,250,263,33.373277411623725,4.308797127468582,95.69120287253142,59.245960502692995,36.44524236983842,7.899461400359066,92.10053859964094,44.88330341113106,47.217235188509875
03309,03,309,1913,681,33,648,440,208,57,624,279,345,35.59853633037115,4.845814977973569,95.15418502202643,64.61086637298091,30.54331864904552,8.370044052863436,91.62995594713657,40.969162995594715,50.66079295154186
03310,03,310,1600,641,21,620,419,201,29,612,264,348,40.0625,3.2761310452418098,96.72386895475819,65.36661466458659,31.357254290171603,4.5241809672386895,95.47581903276131,41.18564742589704,54.29017160686428
03311,03,311,1654,657,48,609,398,211,48,609,265,344,39.721886336154775,7.30593607305936,92.69406392694064,60.57838660578386,32.115677321156774,7.30593607305936,92.69406392694064,40.33485540334855,52.35920852359208
03312,03,312,1695,636,35,601,376,225,58,578,281,297,37.52212389380531,5.50314465408805,94.49685534591194,59.11949685534591,35.37735849056604,9.119496855345911,90.88050314465409,44.18238993710692,46.69811320754717
03313,03,313,1852,762,26,736,441,295,62,700,317,383,41.14470842332613,3.4120734908136483,96.58792650918635,57.874015748031496,38.71391076115486,8.136482939632545,91.86351706036746,41.6010498687664,50.26246719160105
03314,03,314,1793,664,34,630,364,266,33,631,296,335,37.032905744562186,5.120481927710843,94.87951807228916,54.81927710843374,40.06024096385542,4.969879518072289,95.03012048192771,44.57831325301205,50.451807228915655
03315,03,315,1599,651,28,623,420,203,35,616,244,372,40.71294559099437,4.301075268817205,95.6989247311828,64.51612903225806,31.182795698924732,5.376344086021505,94.6236559139785,37.48079877112136,57.14285714285714
03316,03,316,1577,649,25,624,404,220,29,620,249,371,41.154090044388084,3.8520801232665636,96.14791987673344,62.249614791987675,33.89830508474576,4.468412942989214,95.53158705701078,38.366718027734976,57.16486902927581
03317,03,317,2095,832,20,812,549,263,38,794,298,496,39.71360381861575,2.403846153846154,97.59615384615384,65.98557692307693,31.610576923076923,4.567307692307692,95.4326923076923,35.81730769230769,59.61538461538461
03318,03,318,1198,391,14,377,271,106,27,364,159,205,32.637729549248746,3.580562659846547,96.41943734015345,69.30946291560103,27.10997442455243,6.905370843989769,93.09462915601023,40.66496163682864,52.42966751918159
03319,03,319,1754,523,56,467,294,173,62,461,252,209,29.817559863169897,10.707456978967496,89.2925430210325,56.21414913957935,33.07839388145315,11.854684512428298,88.14531548757171,48.18355640535373,39.961759082217974
033A,03,3A,0,801,89,712,374,338,69,732,482,250,inf,11.11111111111111,88.88888888888889,46.6916354556804,42.19725343320849,8.614232209737828,91.38576779026218,60.17478152309613,31.210986267166042
033B,03,3B,0,913,89,824,473,351,92,821,515,306,inf,9.748083242059145,90.25191675794085,51.80722891566265,38.4446878422782,10.076670317634173,89.92332968236583,56.40744797371303,33.51588170865279
033C,03,3C,0,1093,61,1032,603,429,59,1034,595,439,inf,5.580969807868252,94.41903019213174,55.16925892040256,39.24977127172918,5.397987191216835,94.60201280878316,54.43732845379689,40.16468435498627
033D,03,3D,0,903,54,849,587,262,57,846,405,441,inf,5.980066445182724,94.01993355481729,65.00553709856035,29.014396456256918,6.312292358803987,93.68770764119601,44.85049833887043,48.837209302325576
033E,03,3E,0,626,39,587,393,194,52,574,304,270,inf,6.230031948881789,93.76996805111821,62.77955271565495,30.990415335463258,8.30670926517572,91.69329073482429,48.56230031948881,43.13099041533546
03401,03,401,1922,473,34,439,282,157,47,426,226,200,24.60978147762747,7.188160676532769,92.81183932346723,59.61945031712473,33.192389006342495,9.936575052854122,90.06342494714588,47.780126849894295,42.28329809725159
03402,03,402,1791,519,36,483,313,170,51,468,252,216,28.97822445561139,6.9364161849710975,93.0635838150289,60.308285163776496,32.75529865125241,9.826589595375722,90.17341040462428,48.554913294797686,41.61849710982659
03403,03,403,1888,624,50,574,362,212,65,559,293,266,33.05084745762712,8.012820512820513,91.98717948717949,58.01282051282052,33.97435897435898,10.416666666666668,89.58333333333334,46.955128205128204,42.628205128205124
03404,03,404,1401,454,31,423,276,147,37,417,193,224,32.405424696645255,6.828193832599119,93.17180616740089,60.792951541850215,32.378854625550666,8.149779735682818,91.85022026431719,42.51101321585903,49.33920704845815
03405,03,405,1691,389,25,364,259,105,33,356,165,191,23.00413956238912,6.426735218508997,93.573264781491,66.58097686375322,26.99228791773779,8.483290488431876,91.51670951156812,42.41645244215938,49.10025706940874
03406,03,406,1776,514,38,476,306,170,56,458,231,227,28.94144144144144,7.392996108949417,92.60700389105058,59.53307392996109,33.07392996108949,10.894941634241246,89.10505836575877,44.94163424124514,44.16342412451362
03407,03,407,1678,392,40,352,230,122,32,360,197,163,23.361144219308702,10.204081632653061,89.79591836734694,58.673469387755105,31.122448979591837,8.16326530612245,91.83673469387756,50.255102040816325,41.58163265306122
03408,03,408,1881,476,50,426,261,165,50,426,239,187,25.3056884635832,10.504201680672269,89.49579831932773,54.83193277310925,34.66386554621849,10.504201680672269,89.49579831932773,50.21008403361344,39.285714285714285
03409,03,409,1298,321,32,289,167,122,30,291,168,123,24.73035439137134,9.968847352024921,90.03115264797508,52.024922118380054,38.006230529595015,9.345794392523365,90.65420560747664,52.336448598130836,38.31775700934579
03410,03,410,1410,379,20,359,283,76,25,354,137,217,26.879432624113477,5.277044854881266,94.72295514511873,74.67018469656992,20.052770448548813,6.596306068601583,93.40369393139841,36.147757255936675,57.25593667546174
03411,03,411,1713,476,22,454,237,217,24,452,248,204,27.78750729713952,4.621848739495799,95.37815126050421,49.78991596638656,45.588235294117645,5.042016806722689,94.9579831932773,52.10084033613446,42.857142857142854
03412,03,412,1621,462,38,424,227,197,40,422,246,176,28.500925354719307,8.225108225108226,91.77489177489177,49.134199134199136,42.64069264069264,8.658008658008658,91.34199134199135,53.246753246753244,38.095238095238095
03413,03,413,2060,554,35,519,292,227,44,510,296,214,26.893203883495147,6.31768953068592,93.68231046931407,52.707581227436826,40.974729241877256,7.9422382671480145,92.05776173285199,53.42960288808665,38.628158844765345
03414,03,414,1918,642,44,598,375,223,58,584,293,291,33.472367049009385,6.853582554517133,93.14641744548287,58.41121495327103,34.73520249221183,9.034267912772584,90.96573208722741,45.638629283489095,45.32710280373832
03415,03,415,1927,508,37,471,291,180,43,465,140,325,26.3622210690192,7.283464566929133,92.71653543307087,57.28346456692913,35.43307086614173,8.46456692913386,91.53543307086615,27.559055118110237,63.976377952755904
03416,03,416,1760,468,5,463,270,193,5,463,223,240,26.590909090909093,1.0683760683760684,98.93162393162393,57.692307692307686,41.23931623931624,1.0683760683760684,98.93162393162393,47.64957264957265,51.28205128205128
03417,03,417,1816,403,46,357,195,162,39,364,234,130,22.191629955947135,11.41439205955335,88.58560794044665,48.38709677419355,40.198511166253105,9.67741935483871,90.32258064516128,58.06451612903226,32.25806451612903
034A,03,4A,0,493,37,456,278,178,33,460,262,198,inf,7.505070993914807,92.49492900608519,56.3894523326572,36.105476673427994,6.693711967545639,93.30628803245436,53.14401622718052,40.16227180527384
034B,03,4B,0,708,44,664,409,255,43,665,376,289,inf,6.214689265536723,93.78531073446328,57.7683615819209,36.016949152542374,6.073446327683616,93.92655367231639,53.10734463276836,40.81920903954802
034C,03,4C,0,621,54,567,320,247,36,585,389,196,inf,8.695652173913043,91.30434782608695,51.52979066022544,39.77455716586151,5.797101449275362,94.20289855072464,62.64090177133655,31.561996779388085
034D,03,4D,0,472,49,423,251,172,43,429,262,167,inf,10.38135593220339,89.61864406779661,53.17796610169492,36.440677966101696,9.110169491525424,90.88983050847457,55.50847457627118,35.38135593220339
034E,03,4E,0,762,45,717,407,310,45,717,454,263,inf,5.905511811023622,94.09448818897637,53.41207349081365,40.68241469816273,5.905511811023622,94.09448818897637,59.580052493438316,34.51443569553806
03501,03,501,1733,573,50,523,348,175,68,505,272,233,33.06405077899596,8.726003490401396,91.2739965095986,60.73298429319372,30.54101221640489,11.8673647469459,88.1326352530541,47.4694589877836,40.66317626527051
03502,03,502,1306,476,24,452,303,149,38,438,197,241,36.447166921898926,5.042016806722689,94.9579831932773,63.65546218487395,31.30252100840336,7.9831932773109235,92.01680672268907,41.38655462184874,50.63025210084034
03503,03,503,1630,614,31,583,388,195,37,577,266,311,37.668711656441715,5.048859934853421,94.95114006514657,63.19218241042345,31.758957654723126,6.026058631921824,93.97394136807817,43.32247557003257,50.65146579804561
03504,03,504,1455,586,61,525,402,123,32,554,197,357,40.27491408934708,10.409556313993173,89.59044368600682,68.60068259385666,20.989761092150168,5.460750853242321,94.53924914675767,33.617747440273035,60.92150170648464
03505,03,505,1321,443,19,424,271,153,41,402,206,196,33.535200605601815,4.288939051918736,95.71106094808127,61.17381489841986,34.537246049661405,9.255079006772009,90.74492099322799,46.50112866817156,44.24379232505643
03506,03,506,1458,472,34,438,299,139,46,426,194,232,32.37311385459534,7.203389830508475,92.79661016949152,63.347457627118644,29.44915254237288,9.745762711864407,90.2542372881356,41.10169491525424,49.152542372881356
03507,03,507,1568,464,48,416,241,175,43,421,234,187,29.591836734693878,10.344827586206897,89.65517241379311,51.939655172413794,37.71551724137931,9.267241379310345,90.73275862068965,50.43103448275862,40.30172413793103
03508,03,508,1521,495,33,462,317,145,32,463,210,253,32.544378698224854,6.666666666666667,93.33333333333333,64.04040404040404,29.292929292929294,6.4646464646464645,93.53535353535354,42.42424242424242,51.11111111111111
03509,03,509,1678,483,30,453,264,189,40,443,227,216,28.784266984505365,6.211180124223603,93.7888198757764,54.6583850931677,39.130434782608695,8.281573498964804,91.7184265010352,46.99792960662526,44.72049689440994
03510,03,510,1461,424,22,402,286,116,33,391,182,209,29.021218343600275,5.188679245283019,94.81132075471697,67.45283018867924,27.358490566037734,7.783018867924528,92.21698113207547,42.924528301886795,49.29245283018868
03511,03,511,1632,604,6,598,381,217,6,598,254,344,37.00980392156863,0.9933774834437087,99.00662251655629,63.079470198675494,35.9271523178808,0.9933774834437087,99.00662251655629,42.05298013245033,56.95364238410596
03512,03,512,1607,458,32,426,300,126,43,415,194,221,28.50031113876789,6.986899563318777,93.01310043668121,65.50218340611353,27.510917030567683,9.388646288209607,90.61135371179039,42.35807860262008,48.25327510917031
03513,03,513,1743,525,40,485,300,185,57,468,249,219,30.120481927710845,7.6190476190476195,92.38095238095238,57.14285714285714,35.23809523809524,10.857142857142858,89.14285714285714,47.42857142857143,41.714285714285715
03514,03,514,1608,407,28,379,268,111,44,363,188,175,25.31094527363184,6.87960687960688,93.12039312039312,65.84766584766585,27.27272727272727,10.81081081081081,89.1891891891892,46.19164619164619,42.997542997543
03515,03,515,1145,352,25,327,185,142,24,328,200,128,30.74235807860262,7.1022727272727275,92.89772727272727,52.55681818181818,40.340909090909086,6.8181818181818175,93.18181818181817,56.81818181818182,36.36363636363637
03516,03,516,1824,601,47,554,285,269,45,556,339,217,32.94956140350877,7.820299500831947,92.17970049916805,47.42096505823628,44.75873544093178,7.487520798668886,92.5124792013311,56.40599001663894,36.10648918469218
03517,03,517,1239,479,31,448,264,184,27,452,265,187,38.660209846650524,6.471816283924843,93.52818371607515,55.11482254697286,38.413361169102295,5.6367432150313155,94.36325678496868,55.323590814196244,39.03966597077244
03518,03,518,1483,489,25,464,313,151,32,457,212,245,32.97370195549561,5.112474437627812,94.88752556237219,64.0081799591002,30.879345603271986,6.5439672801636,93.4560327198364,43.353783231083845,50.10224948875256
03519,03,519,1391,447,23,424,280,144,27,420,187,233,32.13515456506111,5.1454138702460845,94.85458612975391,62.639821029082775,32.21476510067114,6.0402684563758395,93.95973154362416,41.83445190156599,52.12527964205817
03520,03,520,1554,606,22,584,419,165,34,572,202,370,38.996138996138995,3.6303630363036308,96.36963696369637,69.14191419141915,27.22772277227723,5.6105610561056105,94.38943894389439,33.33333333333333,61.05610561056105
035A,03,5A,0,786,60,726,467,259,68,718,381,337,inf,7.633587786259542,92.36641221374046,59.4147582697201,32.95165394402035,8.651399491094146,91.34860050890585,48.473282442748086,42.87531806615776
035B,03,5B,0,689,29,660,430,230,38,651,331,320,inf,4.2089985486211905,95.7910014513788,62.40928882438317,33.38171262699564,5.515239477503629,94.48476052249637,48.040638606676346,46.44412191582003
035C,03,5C,0,798,52,746,498,248,61,737,403,334,inf,6.516290726817042,93.48370927318295,62.40601503759399,31.07769423558897,7.644110275689223,92.35588972431079,50.50125313283208,41.854636591478695
035D,03,5D,0,752,46,706,428,278,51,701,391,310,inf,6.117021276595745,93.88297872340425,56.91489361702128,36.96808510638298,6.781914893617021,93.21808510638297,51.99468085106383,41.22340425531915
035E,03,5E,0,544,46,498,267,231,37,507,327,180,inf,8.455882352941178,91.54411764705883,49.080882352941174,42.463235294117645,6.8014705882352935,93.19852941176471,60.11029411764706,33.088235294117645
03601,03,601,1908,724,15,709,529,180,42,682,234,448,37.9454926624738,2.071823204419889,97.92817679558011,73.06629834254143,24.861878453038674,5.801104972375691,94.1988950276243,32.32044198895028,61.87845303867403
03602,03,602,1820,690,17,673,513,160,42,648,204,444,37.91208791208791,2.4637681159420293,97.53623188405797,74.34782608695653,23.18840579710145,6.086956521739131,93.91304347826087,29.565217391304348,64.34782608695652
03603,03,603,1700,692,31,661,499,162,48,644,223,421,40.705882352941174,4.479768786127168,95.52023121387283,72.10982658959537,23.410404624277454,6.9364161849710975,93.0635838150289,32.22543352601156,60.83815028901734
03604,03,604,1820,833,17,816,596,220,53,780,286,494,45.76923076923077,2.0408163265306123,97.95918367346938,71.54861944777912,26.410564225690276,6.362545018007203,93.63745498199279,34.33373349339736,59.30372148859544
03605,03,605,1913,835,28,807,597,210,40,795,271,524,43.64871928907475,3.3532934131736525,96.64670658682635,71.49700598802396,25.149700598802394,4.790419161676647,95.20958083832335,32.455089820359284,62.75449101796408
03606,03,606,1643,723,35,688,494,194,50,673,248,425,44.00486914181376,4.840940525587829,95.15905947441216,68.32641770401106,26.832641770401107,6.915629322268327,93.08437067773167,34.3015214384509,58.78284923928078
03607,03,607,1598,701,3,698,506,192,3,698,214,484,43.867334167709636,0.42796005706134094,99.57203994293866,72.18259629101283,27.38944365192582,0.42796005706134094,99.57203994293866,30.527817403708983,69.04422253922966
03608,03,608,1641,734,27,707,523,184,42,692,235,457,44.72882388787325,3.6784741144414173,96.32152588555857,71.2534059945504,25.068119891008173,5.722070844686648,94.27792915531336,32.01634877384196,62.26158038147139
03609,03,609,1619,673,12,661,508,153,40,633,234,399,41.56886967263743,1.7830609212481425,98.21693907875185,75.48291233283804,22.73402674591382,5.943536404160475,94.05646359583952,34.76968796433878,59.286775631500745
03610,03,610,1647,693,33,660,481,179,56,637,241,396,42.07650273224044,4.761904761904762,95.23809523809523,69.40836940836941,25.82972582972583,8.080808080808081,91.91919191919192,34.77633477633478,57.14285714285714
03611,03,611,1562,615,15,600,453,147,29,586,180,406,39.372599231754165,2.4390243902439024,97.5609756097561,73.65853658536585,23.902439024390244,4.715447154471545,95.28455284552845,29.268292682926827,66.01626016260163
03612,03,612,1560,704,38,666,494,172,59,645,197,448,45.12820512820513,5.3977272727272725,94.60227272727273,70.17045454545455,24.431818181818183,8.380681818181818,91.61931818181817,27.982954545454547,63.63636363636363
03613,03,613,1527,604,14,590,411,179,38,566,199,367,39.554682383759,2.3178807947019866,97.68211920529801,68.04635761589404,29.635761589403977,6.291390728476822,93.70860927152319,32.94701986754967,60.76158940397352
03614,03,614,1757,738,20,718,539,179,44,694,218,476,42.00341491178145,2.710027100271003,97.289972899729,73.03523035230353,24.254742547425472,5.9620596205962055,94.03794037940379,29.539295392953928,64.49864498644986
03615,03,615,944,425,15,410,332,78,41,384,114,270,45.021186440677965,3.5294117647058822,96.47058823529412,78.11764705882352,18.352941176470587,9.647058823529411,90.3529411764706,26.823529411764707,63.52941176470588
03616,03,616,808,349,9,340,259,81,23,326,95,231,43.193069306930695,2.5787965616045847,97.42120343839542,74.21203438395415,23.20916905444126,6.59025787965616,93.40974212034384,27.22063037249284,66.189111747851
03617,03,617,1621,716,21,695,537,158,48,668,214,454,44.17026526835287,2.9329608938547485,97.06703910614524,75.0,22.067039106145252,6.70391061452514,93.29608938547486,29.88826815642458,63.40782122905028
03618,03,618,1678,693,10,683,518,165,34,659,214,445,41.29916567342074,1.443001443001443,98.55699855699855,74.74747474747475,23.809523809523807,4.9062049062049065,95.0937950937951,30.88023088023088,64.21356421356421
03619,03,619,1514,530,10,520,389,131,28,502,76,426,35.006605019815055,1.8867924528301887,98.11320754716981,73.39622641509433,24.71698113207547,5.283018867924529,94.71698113207547,14.339622641509434,80.37735849056604
03620,03,620,1750,744,18,726,524,202,48,696,224,472,42.51428571428571,2.4193548387096775,97.58064516129032,70.43010752688173,27.1505376344086,6.451612903225806,93.54838709677419,30.107526881720432,63.44086021505376
036A,03,6A,0,920,30,890,649,241,36,884,344,540,inf,3.260869565217391,96.73913043478261,70.54347826086956,26.195652173913043,3.91304347826087,96.08695652173913,37.391304347826086,58.69565217391305
036B,03,6B,0,896,21,875,635,240,46,850,315,535,inf,2.34375,97.65625,70.87053571428571,26.785714285714285,5.133928571428571,94.86607142857143,35.15625,59.70982142857143
036C,03,6C,0,953,29,924,638,286,61,892,371,521,inf,3.04302203567681,96.95697796432319,66.94648478488983,30.010493179433368,6.400839454354669,93.59916054564533,38.92969569779643,54.6694648478489
036D,03,6D,0,777,23,754,549,205,52,725,291,434,inf,2.9601029601029603,97.03989703989704,70.65637065637065,26.383526383526384,6.692406692406692,93.30759330759331,37.45173745173745,55.85585585585585
036E,03,6E,0,969,31,938,687,251,63,906,364,542,inf,3.199174406604747,96.80082559339526,70.89783281733746,25.902992776057793,6.5015479876160995,93.49845201238391,37.56449948400412,55.93395252837977
03701,03,701,1516,432,20,412,273,139,26,406,198,208,28.49604221635884,4.62962962962963,95.37037037037037,63.19444444444444,32.175925925925924,6.018518518518518,93.98148148148148,45.83333333333333,48.148148148148145
03702,03,702,1379,428,29,399,288,111,30,398,183,215,31.03698332124728,6.775700934579438,93.22429906542055,67.28971962616822,25.934579439252335,7.009345794392523,92.99065420560748,42.757009345794394,50.23364485981309
03703,03,703,1661,436,15,421,283,138,29,407,164,243,26.249247441300422,3.4403669724770642,96.55963302752293,64.90825688073394,31.65137614678899,6.651376146788992,93.34862385321101,37.61467889908257,55.73394495412845
03704,03,704,1364,358,19,339,232,107,19,339,167,172,26.24633431085044,5.307262569832402,94.6927374301676,64.80446927374301,29.88826815642458,5.307262569832402,94.6927374301676,46.64804469273743,48.04469273743017
03705,03,705,1693,528,16,512,361,151,33,495,196,299,31.18724158298878,3.0303030303030303,96.96969696969697,68.37121212121212,28.59848484848485,6.25,93.75,37.121212121212125,56.628787878787875
03706,03,706,1600,394,22,372,230,142,27,367,196,171,24.625,5.583756345177665,94.41624365482234,58.37563451776649,36.04060913705584,6.852791878172589,93.1472081218274,49.746192893401016,43.401015228426395
03707,03,707,1451,484,20,464,337,127,21,463,186,277,33.35630599586492,4.132231404958678,95.86776859504133,69.62809917355372,26.239669421487605,4.338842975206612,95.66115702479338,38.429752066115704,57.231404958677686
03708,03,708,1628,576,22,554,415,139,36,540,184,356,35.38083538083538,3.8194444444444446,96.18055555555556,72.04861111111111,24.131944444444446,6.25,93.75,31.944444444444443,61.80555555555556
03709,03,709,1711,643,26,617,451,166,40,603,236,367,37.580362361192286,4.043545878693624,95.95645412130638,70.13996889580093,25.816485225505442,6.2208398133748055,93.7791601866252,36.70295489891136,57.07620528771385
03710,03,710,1880,604,22,582,409,173,38,566,240,326,32.12765957446809,3.642384105960265,96.35761589403974,67.71523178807946,28.642384105960268,6.291390728476822,93.70860927152319,39.735099337748345,53.973509933774835
03711,03,711,1976,581,31,550,389,161,37,544,247,297,29.402834008097166,5.335628227194492,94.66437177280551,66.95352839931154,27.710843373493976,6.368330464716007,93.63166953528399,42.51290877796902,51.11876075731497
03712,03,712,1593,494,19,475,357,118,42,452,173,279,31.010671688637792,3.8461538461538463,96.15384615384616,72.2672064777328,23.88663967611336,8.502024291497975,91.49797570850203,35.020242914979754,56.477732793522264
03713,03,713,1611,662,15,647,485,162,34,628,210,418,41.09248913718188,2.2658610271903323,97.73413897280967,73.26283987915407,24.47129909365559,5.13595166163142,94.86404833836858,31.722054380664655,63.141993957703924
03714,03,714,1294,524,20,504,353,151,38,486,192,294,40.49459041731067,3.816793893129771,96.18320610687023,67.36641221374046,28.816793893129773,7.251908396946565,92.74809160305344,36.6412213740458,56.10687022900763
03715,03,715,1721,640,33,607,422,185,54,586,239,347,37.187681580476465,5.15625,94.84375,65.9375,28.90625,8.4375,91.5625,37.34375,54.21875000000001
03716,03,716,1502,604,18,586,436,150,42,562,194,368,40.21304926764314,2.980132450331126,97.01986754966887,72.18543046357617,24.834437086092713,6.95364238410596,93.04635761589404,32.11920529801324,60.9271523178808
03717,03,717,1408,566,10,556,415,141,35,531,186,345,40.19886363636363,1.76678445229682,98.23321554770318,73.32155477031802,24.91166077738516,6.18374558303887,93.81625441696113,32.86219081272085,60.95406360424028
03718,03,718,1116,386,17,369,242,127,25,361,165,196,34.587813620071685,4.404145077720207,95.59585492227978,62.69430051813472,32.90155440414508,6.476683937823833,93.52331606217616,42.74611398963731,50.77720207253886
03719,03,719,1371,450,11,439,337,102,28,422,139,283,32.822757111597376,2.4444444444444446,97.55555555555556,74.8888888888889,22.666666666666664,6.222222222222222,93.77777777777779,30.88888888888889,62.88888888888889
03720,03,720,1491,597,29,568,422,146,52,545,192,353,40.04024144869216,4.857621440536013,95.14237855946399,70.68676716917923,24.455611390284755,8.710217755443885,91.28978224455612,32.1608040201005,59.12897822445561
037A,03,7A,0,515,27,488,316,172,23,492,240,252,inf,5.242718446601942,94.75728155339806,61.359223300970875,33.398058252427184,4.466019417475728,95.53398058252426,46.601941747572816,48.932038834951456
037B,03,7B,0,400,15,385,264,121,20,380,181,199,inf,3.75,96.25,66.0,30.25,5.0,95.0,45.25,49.75
037C,03,7C,0,542,35,507,321,186,24,518,279,239,inf,6.4575645756457565,93.54243542435424,59.22509225092251,34.31734317343174,4.428044280442804,95.5719557195572,51.476014760147606,44.095940959409596
037D,03,7D,0,598,36,562,377,185,41,557,273,284,inf,6.0200668896321075,93.9799331103679,63.04347826086957,30.93645484949833,6.856187290969899,93.1438127090301,45.65217391304348,47.491638795986624
037E,03,7E,0,707,23,684,492,192,38,669,279,390,inf,3.253182461103253,96.74681753889675,69.58981612446959,27.157001414427157,5.374823196605375,94.62517680339462,39.46251768033947,55.16265912305516
037F,03,7F,0,749,35,714,506,208,47,702,320,382,inf,4.672897196261682,95.32710280373831,67.55674232309747,27.770360480640853,6.275033377837117,93.72496662216288,42.72363150867824,51.00133511348465
03801,03,801,1930,546,26,520,334,186,12,534,296,238,28.290155440414505,4.761904761904762,95.23809523809523,61.172161172161175,34.065934065934066,2.197802197802198,97.8021978021978,54.21245421245421,43.58974358974359
03802,03,802,1554,665,21,644,493,151,31,634,217,417,42.792792792792795,3.1578947368421053,96.84210526315789,74.13533834586467,22.706766917293233,4.661654135338346,95.33834586466166,32.631578947368425,62.70676691729323
03803,03,803,1462,573,20,553,404,149,39,534,195,339,39.19288645690834,3.4904013961605584,96.50959860383944,70.50610820244329,26.003490401396164,6.806282722513089,93.19371727748691,34.031413612565444,59.16230366492147
03804,03,804,1457,702,29,673,486,187,53,649,222,427,48.1811942347289,4.131054131054131,95.86894586894587,69.23076923076923,26.638176638176635,7.54985754985755,92.45014245014245,31.62393162393162,60.826210826210826
03805,03,805,1700,721,29,692,503,189,44,677,226,451,42.411764705882355,4.0221914008321775,95.97780859916783,69.76421636615811,26.21359223300971,6.102635228848821,93.89736477115119,31.345353675450767,62.55201109570042
03806,03,806,1484,603,22,581,422,159,36,567,376,191,40.63342318059299,3.6484245439469323,96.35157545605307,69.98341625207297,26.368159203980102,5.970149253731343,94.02985074626866,62.35489220563848,31.674958540630183
03807,03,807,1666,716,26,690,473,217,40,676,266,410,42.97719087635054,3.6312849162011176,96.36871508379889,66.06145251396647,30.307262569832403,5.58659217877095,94.41340782122904,37.150837988826815,57.262569832402235
03808,03,808,1788,617,44,573,373,200,45,572,278,294,34.50782997762863,7.13128038897893,92.86871961102106,60.45380875202593,32.414910858995135,7.293354943273905,92.70664505672609,45.05672609400324,47.64991896272285
03809,03,809,1603,685,32,653,480,173,51,634,220,414,42.73237679351217,4.671532846715328,95.32846715328466,70.07299270072993,25.255474452554743,7.445255474452554,92.55474452554745,32.11678832116788,60.43795620437956
03810,03,810,1538,652,34,618,437,181,56,596,227,369,42.392717815344604,5.214723926380368,94.78527607361963,67.02453987730061,27.76073619631902,8.588957055214724,91.41104294478528,34.8159509202454,56.59509202453987
03811,03,811,1421,567,16,551,393,158,33,534,202,332,39.90147783251231,2.821869488536155,97.17813051146385,69.31216931216932,27.86596119929453,5.82010582010582,94.17989417989418,35.626102292768955,58.553791887125215
03812,03,812,1649,722,30,692,487,205,49,673,248,425,43.78411158277744,4.1551246537396125,95.84487534626038,67.45152354570637,28.39335180055402,6.786703601108034,93.21329639889197,34.34903047091413,58.86426592797784
03813,03,813,1511,656,25,631,442,189,39,617,137,480,43.41495698213104,3.8109756097560976,96.1890243902439,67.3780487804878,28.810975609756095,5.945121951219512,94.0548780487805,20.884146341463413,73.17073170731707
03814,03,814,1435,636,21,615,493,122,37,599,198,401,44.3205574912892,3.30188679245283,96.69811320754717,77.51572327044025,19.18238993710692,5.817610062893082,94.18238993710692,31.132075471698112,63.05031446540881
03815,03,815,1554,693,21,672,469,203,38,655,217,438,44.5945945945946,3.0303030303030303,96.96969696969697,67.67676767676768,29.292929292929294,5.483405483405483,94.51659451659452,31.313131313131315,63.20346320346321
03816,03,816,1500,620,17,603,466,137,56,564,192,372,41.333333333333336,2.741935483870968,97.25806451612902,75.16129032258064,22.096774193548388,9.032258064516128,90.96774193548387,30.967741935483872,60.0
03817,03,817,1290,475,10,465,365,100,20,455,132,323,36.82170542635659,2.1052631578947367,97.89473684210527,76.84210526315789,21.052631578947366,4.2105263157894735,95.78947368421052,27.789473684210524,68.0
03818,03,818,1271,510,19,491,329,162,31,479,181,298,40.12588512981904,3.7254901960784315,96.27450980392157,64.50980392156863,31.76470588235294,6.078431372549019,93.92156862745098,35.490196078431374,58.43137254901961
03819,03,819,993,428,9,419,326,93,33,395,102,293,43.101711983887206,2.102803738317757,97.89719626168224,76.16822429906543,21.72897196261682,7.710280373831775,92.28971962616822,23.83177570093458,68.45794392523365
038A,03,8A,0,805,30,775,561,214,55,750,339,411,inf,3.7267080745341614,96.27329192546584,69.68944099378882,26.583850931677016,6.832298136645963,93.16770186335404,42.11180124223603,51.05590062111801
038B,03,8B,0,1006,56,950,639,311,68,938,449,489,inf,5.566600397614314,94.43339960238568,63.51888667992047,30.91451292246521,6.759443339960239,93.24055666003976,44.632206759443335,48.60834990059642
038C,03,8C,0,1103,37,1066,703,363,66,1037,471,566,inf,3.3544877606527654,96.64551223934723,63.73526745240253,32.910244786944695,5.983680870353581,94.01631912964642,42.70172257479601,51.31459655485041
038D,03,8D,0,716,23,693,485,208,47,669,277,392,inf,3.212290502793296,96.7877094972067,67.73743016759776,29.05027932960894,6.564245810055866,93.43575418994413,38.687150837988824,54.7486033519553
038E,03,8E,0,761,28,733,489,244,42,719,311,408,inf,3.679369250985545,96.32063074901446,64.257555847569,32.06307490144547,5.519053876478318,94.48094612352168,40.86727989487516,53.613666228646515
03901,03,901,1413,499,20,479,356,123,29,470,175,295,35.31493276716206,4.008016032064128,95.99198396793587,71.34268537074149,24.649298597194388,5.811623246492986,94.18837675350701,35.07014028056113,59.118236472945895
03902,03,902,1598,534,50,484,327,157,68,466,239,227,33.41677096370463,9.363295880149813,90.63670411985018,61.23595505617978,29.40074906367041,12.734082397003746,87.26591760299625,44.756554307116104,42.50936329588015
03903,03,903,1826,738,32,706,470,236,39,699,302,397,40.41621029572837,4.336043360433604,95.6639566395664,63.68563685636857,31.978319783197833,5.284552845528456,94.71544715447155,40.921409214092144,53.794037940379404
03904,03,904,1610,628,37,591,413,178,46,582,251,331,39.006211180124225,5.89171974522293,94.10828025477707,65.76433121019109,28.343949044585987,7.32484076433121,92.67515923566879,39.96815286624204,52.70700636942676
03905,03,905,1449,418,49,369,228,141,46,372,211,161,28.847481021394067,11.722488038277511,88.27751196172248,54.54545454545454,33.73205741626794,11.004784688995215,88.99521531100478,50.47846889952153,38.516746411483254
03906,03,906,1189,316,41,275,180,95,36,280,155,125,26.576955424726663,12.974683544303797,87.0253164556962,56.9620253164557,30.063291139240505,11.39240506329114,88.60759493670885,49.050632911392405,39.55696202531646
03907,03,907,1210,320,38,282,191,91,40,280,156,124,26.446280991735538,11.875,88.125,59.68750000000001,28.4375,12.5,87.5,48.75,38.75
03908,03,908,1634,409,52,357,232,125,50,359,211,148,25.03059975520196,12.71393643031785,87.28606356968214,56.723716381418086,30.56234718826406,12.224938875305623,87.77506112469437,51.58924205378973,36.18581907090464
03909,03,909,1082,389,27,362,217,145,39,350,185,165,35.95194085027727,6.940874035989718,93.05912596401028,55.78406169665809,37.275064267352185,10.025706940874036,89.97429305912597,47.55784061696658,42.41645244215938
03910,03,910,1292,333,26,307,199,108,42,291,161,130,25.773993808049532,7.807807807807808,92.1921921921922,59.75975975975976,32.432432432432435,12.612612612612612,87.38738738738738,48.348348348348345,39.03903903903904
03911,03,911,1509,500,20,480,361,119,31,469,180,289,33.13452617627568,4.0,96.0,72.2,23.799999999999997,6.2,93.8,36.0,57.8
03912,03,912,1388,446,29,417,300,117,40,406,175,231,32.13256484149856,6.502242152466367,93.49775784753363,67.2645739910314,26.23318385650224,8.968609865470851,91.03139013452915,39.23766816143498,51.79372197309418
03913,03,913,1601,535,26,509,344,165,40,495,229,266,33.416614615865086,4.859813084112149,95.14018691588785,64.29906542056075,30.8411214953271,7.476635514018691,92.5233644859813,42.80373831775701,49.7196261682243
03914,03,914,1027,421,17,404,308,96,22,399,133,266,40.99318403115871,4.038004750593824,95.96199524940617,73.15914489311164,22.802850356294538,5.225653206650831,94.77434679334917,31.59144893111639,63.18289786223278
03915,03,915,1661,595,31,564,407,157,48,547,179,368,35.821794099939794,5.2100840336134455,94.78991596638654,68.40336134453781,26.38655462184874,8.067226890756302,91.9327731092437,30.084033613445378,61.84873949579832
03916,03,916,1583,669,3,666,493,173,3,666,246,420,42.26152874289324,0.4484304932735426,99.55156950672645,73.69207772795217,25.85949177877429,0.4484304932735426,99.55156950672645,36.771300448430495,62.78026905829597
03917,03,917,1559,659,19,640,439,201,50,609,220,389,42.270686337395766,2.8831562974203337,97.11684370257967,66.61608497723824,30.500758725341427,7.587253414264036,92.41274658573596,33.38391502276176,59.028831562974204
03918,03,918,1772,802,25,777,559,218,49,753,298,455,45.259593679458234,3.117206982543641,96.88279301745636,69.70074812967582,27.18204488778055,6.109725685785536,93.89027431421447,37.1571072319202,56.733167082294266
03919,03,919,1693,740,25,715,489,226,45,695,268,427,43.709391612522154,3.3783783783783785,96.62162162162163,66.08108108108108,30.54054054054054,6.081081081081082,93.91891891891892,36.21621621621622,57.7027027027027
03920,03,920,1178,308,24,284,174,110,29,279,167,112,26.146010186757216,7.792207792207792,92.20779220779221,56.493506493506494,35.714285714285715,9.415584415584416,90.5844155844156,54.22077922077923,36.36363636363637
03921,03,921,1259,389,26,363,250,113,38,351,180,171,30.89753772835584,6.683804627249357,93.31619537275064,64.26735218508998,29.048843187660665,9.768637532133676,90.23136246786633,46.27249357326478,43.958868894601544
03922,03,922,1317,651,31,620,373,247,45,606,285,321,49.430523917995444,4.761904761904762,95.23809523809523,57.296466973886325,37.94162826420891,6.912442396313365,93.08755760368663,43.77880184331797,49.30875576036866
03923,03,923,663,146,18,128,83,45,30,116,86,30,22.021116138763198,12.32876712328767,87.67123287671232,56.849315068493155,30.82191780821918,20.54794520547945,79.45205479452055,58.9041095890411,20.54794520547945
03924,03,924,1845,788,32,756,547,209,45,743,310,433,42.710027100271006,4.060913705583756,95.93908629441624,69.41624365482234,26.522842639593907,5.710659898477157,94.28934010152284,39.340101522842644,54.9492385786802
039A,03,9A,0,615,31,584,400,184,61,554,270,284,inf,5.040650406504065,94.95934959349593,65.04065040650406,29.91869918699187,9.91869918699187,90.08130081300813,43.90243902439025,46.17886178861789
039B,03,9B,0,490,53,437,225,212,47,443,306,137,inf,10.816326530612246,89.18367346938776,45.91836734693878,43.26530612244898,9.591836734693878,90.40816326530611,62.44897959183674,27.95918367346939
039C,03,9C,0,684,58,626,393,233,63,621,372,249,inf,8.47953216374269,91.52046783625731,57.45614035087719,34.06432748538012,9.210526315789473,90.78947368421053,54.385964912280706,36.40350877192983
039D,03,9D,0,454,28,426,264,162,18,436,235,201,inf,6.167400881057269,93.83259911894272,58.14977973568281,35.68281938325991,3.9647577092511015,96.0352422907489,51.76211453744494,44.27312775330397
039E,03,9E,0,877,31,846,606,240,45,832,363,469,inf,3.534777651083238,96.46522234891675,69.09920182440136,27.366020524515395,5.131128848346636,94.86887115165337,41.391106043329536,53.47776510832383
039F,03,9F,0,1072,48,1024,686,338,58,1014,486,528,inf,4.477611940298507,95.52238805970148,63.99253731343284,31.529850746268657,5.410447761194029,94.58955223880598,45.33582089552239,49.25373134328358
04101,04,101,1148,258,18,240,163,77,36,222,105,117,22.473867595818817,6.976744186046512,93.02325581395348,63.17829457364341,29.844961240310074,13.953488372093023,86.04651162790698,40.69767441860465,45.348837209302324
04102,04,102,1118,257,19,238,177,61,27,230,127,103,22.98747763864043,7.392996108949417,92.60700389105058,68.8715953307393,23.73540856031128,10.505836575875486,89.49416342412452,49.416342412451364,40.07782101167315
04103,04,103,1083,332,17,315,214,101,47,285,164,121,30.655586334256697,5.120481927710843,94.87951807228916,64.45783132530121,30.42168674698795,14.156626506024098,85.8433734939759,49.39759036144578,36.44578313253012
04104,04,104,1017,271,13,258,161,97,21,250,133,117,26.64700098328417,4.797047970479705,95.20295202952029,59.40959409594095,35.79335793357934,7.7490774907749085,92.25092250922509,49.07749077490775,43.17343173431734
04105,04,105,1066,227,22,205,152,53,36,191,100,91,21.294559099437148,9.691629955947137,90.30837004405286,66.96035242290749,23.348017621145374,15.859030837004406,84.14096916299559,44.052863436123346,40.08810572687225
04106,04,106,1464,358,25,333,238,95,44,314,175,139,24.453551912568305,6.983240223463687,93.01675977653632,66.4804469273743,26.536312849162012,12.290502793296088,87.70949720670392,48.882681564245814,38.8268156424581
04107,04,107,1317,335,27,308,195,113,38,297,174,123,25.436598329536825,8.059701492537313,91.94029850746269,58.2089552238806,33.731343283582085,11.343283582089553,88.65671641791046,51.94029850746269,36.71641791044776
04108,04,108,856,222,19,203,140,63,29,193,108,85,25.934579439252335,8.558558558558559,91.44144144144144,63.06306306306306,28.37837837837838,13.063063063063062,86.93693693693693,48.64864864864865,38.288288288288285
04109,04,109,945,203,15,188,139,49,20,183,99,84,21.48148148148148,7.389162561576355,92.61083743842364,68.4729064039409,24.137931034482758,9.852216748768473,90.14778325123153,48.76847290640394,41.37931034482759
04110,04,110,1235,315,28,287,190,97,33,282,165,117,25.506072874493928,8.88888888888889,91.11111111111111,60.317460317460316,30.793650793650794,10.476190476190476,89.52380952380953,52.38095238095239,37.142857142857146
04111,04,111,1064,256,17,239,157,82,23,233,128,105,24.06015037593985,6.640625,93.359375,61.328125,32.03125,8.984375,91.015625,50.0,41.015625
04112,04,112,1280,440,21,419,307,112,31,409,181,228,34.375,4.772727272727273,95.22727272727273,69.77272727272728,25.454545454545453,7.045454545454545,92.95454545454545,41.13636363636364,51.81818181818182
04113,04,113,1410,522,22,500,362,138,50,472,199,273,37.02127659574468,4.21455938697318,95.78544061302682,69.34865900383141,26.436781609195403,9.578544061302683,90.42145593869732,38.122605363984675,52.29885057471264
04114,04,114,1298,454,31,423,296,127,46,408,191,217,34.9768875192604,6.828193832599119,93.17180616740089,65.19823788546255,27.973568281938327,10.13215859030837,89.86784140969164,42.070484581497794,47.797356828193834
04115,04,115,1422,581,27,554,393,161,35,546,270,276,40.85794655414909,4.647160068846816,95.35283993115318,67.64199655765921,27.710843373493976,6.024096385542169,93.97590361445783,46.47160068846816,47.50430292598967
04116,04,116,1297,497,27,470,338,132,32,465,191,274,38.319198149575946,5.432595573440644,94.56740442655935,68.00804828973843,26.559356136820927,6.438631790744467,93.56136820925553,38.43058350100604,55.13078470824949
04117,04,117,1576,552,29,523,380,143,43,509,216,293,35.025380710659896,5.253623188405797,94.7463768115942,68.84057971014492,25.905797101449274,7.789855072463768,92.21014492753623,39.130434782608695,53.07971014492754
04118,04,118,1548,498,20,478,337,141,32,466,216,250,32.17054263565892,4.016064257028113,95.98393574297188,67.67068273092369,28.313253012048197,6.425702811244979,93.57429718875501,43.373493975903614,50.20080321285141
041A,04,1A,0,334,18,316,194,122,30,304,186,118,inf,5.389221556886228,94.61077844311377,58.08383233532935,36.52694610778443,8.982035928143713,91.01796407185628,55.688622754491014,35.32934131736527
041B,04,1B,0,254,14,240,148,92,20,234,148,86,inf,5.511811023622047,94.48818897637796,58.26771653543307,36.22047244094488,7.874015748031496,92.1259842519685,58.26771653543307,33.85826771653544
041C,04,1C,0,309,20,289,170,119,20,289,195,94,inf,6.472491909385113,93.52750809061489,55.016181229773466,38.51132686084142,6.472491909385113,93.52750809061489,63.10679611650486,30.42071197411003
041D,04,1D,0,311,16,295,200,95,17,294,149,145,inf,5.144694533762058,94.85530546623794,64.30868167202573,30.54662379421222,5.466237942122187,94.53376205787781,47.90996784565916,46.62379421221865
041E,04,1E,0,536,19,517,362,155,42,494,241,253,inf,3.544776119402985,96.45522388059702,67.53731343283582,28.91791044776119,7.835820895522389,92.16417910447761,44.96268656716418,47.201492537313435
041F,04,1F,0,572,31,541,359,182,40,532,283,249,inf,5.419580419580419,94.58041958041959,62.76223776223776,31.818181818181817,6.993006993006993,93.00699300699301,49.47552447552447,43.53146853146853
04201,04,201,934,354,22,332,187,145,25,329,170,159,37.901498929336185,6.214689265536723,93.78531073446328,52.824858757062145,40.96045197740113,7.062146892655368,92.93785310734464,48.0225988700565,44.91525423728814
04202,04,202,1154,471,28,443,264,179,46,425,208,217,40.81455805892548,5.9447983014862,94.0552016985138,56.05095541401274,38.004246284501065,9.766454352441615,90.23354564755839,44.161358811040344,46.07218683651805
04203,04,203,1467,591,34,557,304,253,49,542,298,244,40.286298568507156,5.752961082910321,94.24703891708968,51.438240270727576,42.8087986463621,8.29103214890017,91.70896785109983,50.42301184433165,41.28595600676819
04204,04,204,1546,556,54,502,266,236,57,499,300,199,35.963777490297545,9.712230215827338,90.28776978417267,47.84172661870504,42.44604316546763,10.251798561151078,89.74820143884892,53.956834532374096,35.79136690647482
04205,04,205,1419,584,36,548,290,258,56,528,314,214,41.155743481324876,6.164383561643835,93.83561643835617,49.65753424657534,44.178082191780824,9.58904109589041,90.41095890410958,53.76712328767124,36.64383561643836
04206,04,206,1144,404,33,371,229,142,33,371,218,153,35.31468531468531,8.16831683168317,91.83168316831683,56.683168316831676,35.148514851485146,8.16831683168317,91.83168316831683,53.960396039603964,37.87128712871287
04207,04,207,1164,413,17,396,250,146,29,384,181,203,35.48109965635739,4.116222760290557,95.88377723970945,60.53268765133172,35.351089588377725,7.021791767554479,92.97820823244552,43.82566585956417,49.152542372881356
04208,04,208,1697,448,37,411,299,112,50,398,182,216,26.399528579846788,8.258928571428571,91.74107142857143,66.74107142857143,25.0,11.160714285714286,88.83928571428571,40.625,48.214285714285715
04209,04,209,1093,414,25,389,253,136,38,376,171,205,37.87740164684355,6.038647342995169,93.96135265700482,61.111111111111114,32.850241545893724,9.178743961352657,90.82125603864735,41.30434782608695,49.51690821256038
04210,04,210,1228,467,32,435,261,174,50,417,216,201,38.02931596091205,6.852248394004283,93.14775160599572,55.88865096359743,37.25910064239829,10.706638115631693,89.29336188436831,46.25267665952891,43.0406852248394
04211,04,211,1420,644,47,597,343,254,58,586,300,286,45.352112676056336,7.298136645962733,92.70186335403726,53.2608695652174,39.44099378881988,9.006211180124224,90.99378881987577,46.58385093167702,44.409937888198755
04212,04,212,1152,460,32,428,235,193,29,431,236,195,39.93055555555556,6.956521739130435,93.04347826086956,51.08695652173913,41.95652173913044,6.304347826086956,93.69565217391305,51.30434782608696,42.391304347826086
04213,04,213,1638,598,41,557,328,229,47,551,308,243,36.507936507936506,6.856187290969899,93.1438127090301,54.84949832775919,38.29431438127091,7.859531772575251,92.14046822742475,51.50501672240802,40.635451505016725
04214,04,214,1175,395,19,376,267,109,33,362,143,219,33.61702127659574,4.810126582278481,95.18987341772151,67.59493670886076,27.59493670886076,8.354430379746836,91.64556962025317,36.20253164556962,55.44303797468354
04215,04,215,1661,560,26,534,377,157,38,522,216,306,33.71462974111981,4.642857142857143,95.35714285714286,67.32142857142858,28.035714285714285,6.785714285714286,93.21428571428572,38.57142857142858,54.64285714285714
04216,04,216,1062,424,29,395,229,166,40,384,201,183,39.92467043314501,6.839622641509433,93.16037735849056,54.009433962264154,39.15094339622642,9.433962264150944,90.56603773584906,47.40566037735849,43.160377358490564
04217,04,217,1442,616,47,569,337,232,90,526,302,224,42.71844660194174,7.629870129870129,92.37012987012987,54.7077922077922,37.66233766233766,14.61038961038961,85.3896103896104,49.02597402597403,36.36363636363637
04218,04,218,1461,587,36,551,330,221,46,541,311,230,40.17796030116359,6.132879045996593,93.8671209540034,56.218057921635435,37.64906303236798,7.836456558773425,92.16354344122658,52.98126064735945,39.182282793867124
04219,04,219,1186,434,35,399,233,166,48,386,208,178,36.59359190556493,8.064516129032258,91.93548387096774,53.686635944700456,38.24884792626728,11.059907834101383,88.94009216589862,47.926267281105986,41.013824884792626
04220,04,220,1232,564,27,537,312,225,32,532,253,279,45.77922077922078,4.787234042553192,95.2127659574468,55.319148936170215,39.8936170212766,5.673758865248227,94.32624113475178,44.858156028368796,49.46808510638298
04221,04,221,1232,463,18,445,275,170,49,414,210,204,37.58116883116883,3.8876889848812093,96.11231101511879,59.395248380129594,36.7170626349892,10.583153347732182,89.41684665226782,45.35637149028078,44.06047516198704
04222,04,222,829,344,19,325,226,99,24,320,151,169,41.495778045838364,5.523255813953488,94.47674418604652,65.69767441860465,28.77906976744186,6.976744186046512,93.02325581395348,43.895348837209305,49.127906976744185
04223,04,223,1582,639,39,600,402,198,159,480,251,229,40.391908975979774,6.103286384976526,93.89671361502347,62.91079812206573,30.985915492957744,24.88262910798122,75.11737089201877,39.280125195618155,35.83724569640063
04224,04,224,1089,554,27,527,325,202,42,512,241,271,50.872359963269055,4.873646209386282,95.12635379061372,58.664259927797836,36.462093862815884,7.581227436823104,92.4187725631769,43.501805054151625,48.91696750902527
042A,04,2A,0,664,4,660,364,296,3,661,391,270,inf,0.6024096385542169,99.3975903614458,54.81927710843374,44.57831325301205,0.4518072289156626,99.54819277108435,58.8855421686747,40.66265060240964
042B,04,2B,0,714,49,665,362,303,57,657,402,255,inf,6.862745098039216,93.13725490196079,50.700280112044815,42.436974789915965,7.9831932773109235,92.01680672268907,56.30252100840336,35.714285714285715
042C,04,2C,0,495,28,467,283,184,45,450,247,203,inf,5.656565656565657,94.34343434343434,57.17171717171718,37.17171717171717,9.090909090909092,90.9090909090909,49.898989898989896,41.01010101010101
042D,04,2D,0,639,39,600,328,272,51,588,350,238,inf,6.103286384976526,93.89671361502347,51.330203442879494,42.56651017214397,7.981220657276995,92.01877934272301,54.77308294209703,37.245696400625974
042E,04,2E,0,757,66,691,379,312,47,710,442,268,inf,8.718626155878468,91.28137384412153,50.06605019815059,41.21532364597093,6.208718626155878,93.79128137384413,58.388375165125495,35.402906208718626
042F,04,2F,0,626,43,583,342,241,42,584,321,263,inf,6.869009584664537,93.13099041533548,54.632587859424916,38.498402555910545,6.7092651757188495,93.29073482428115,51.2779552715655,42.01277955271566
042G,04,2G,0,607,39,568,312,256,42,565,323,242,inf,6.425041186161449,93.57495881383855,51.40032948929159,42.174629324546956,6.919275123558484,93.08072487644151,53.212520593080725,39.86820428336079
042H,04,2H,0,481,24,457,274,183,34,447,247,200,inf,4.98960498960499,95.01039501039502,56.96465696465697,38.04573804573805,7.0686070686070686,92.93139293139293,51.35135135135135,41.58004158004158
04301,04,301,1252,433,16,417,296,121,50,383,149,234,34.584664536741215,3.695150115473441,96.30484988452656,68.36027713625866,27.9445727482679,11.547344110854503,88.45265588914549,34.41108545034642,54.04157043879908
04302,04,302,1100,466,35,431,281,150,37,429,217,212,42.36363636363637,7.510729613733906,92.4892703862661,60.30042918454935,32.18884120171674,7.939914163090128,92.06008583690986,46.56652360515021,45.493562231759654
04303,04,303,1262,536,14,522,360,162,50,486,221,265,42.47226624405705,2.6119402985074625,97.38805970149254,67.16417910447761,30.223880597014922,9.328358208955224,90.67164179104478,41.23134328358209,49.440298507462686
04304,04,304,1177,428,16,412,287,125,38,390,169,221,36.36363636363637,3.7383177570093453,96.26168224299066,67.05607476635514,29.205607476635514,8.878504672897195,91.1214953271028,39.48598130841122,51.63551401869159
04305,04,305,1487,595,54,541,386,155,38,557,214,343,40.01344989912576,9.07563025210084,90.92436974789916,64.87394957983193,26.05042016806723,6.386554621848739,93.61344537815125,35.96638655462185,57.647058823529406
04306,04,306,1088,484,13,471,348,123,45,439,155,284,44.48529411764706,2.6859504132231407,97.31404958677686,71.900826446281,25.413223140495866,9.297520661157025,90.70247933884298,32.02479338842975,58.67768595041323
04307,04,307,1402,581,14,567,427,140,38,543,200,343,41.44079885877318,2.4096385542168677,97.59036144578313,73.49397590361446,24.096385542168676,6.540447504302927,93.45955249569707,34.42340791738382,59.036144578313255
04308,04,308,1567,631,31,600,406,194,61,570,230,340,40.2680280791321,4.91283676703645,95.08716323296355,64.34231378763867,30.744849445324878,9.667194928684628,90.33280507131536,36.450079239302696,53.88272583201268
04309,04,309,1529,579,35,544,350,194,38,541,262,279,37.86788750817528,6.0449050086355784,93.95509499136442,60.44905008635578,33.506044905008636,6.563039723661486,93.43696027633851,45.25043177892919,48.18652849740933
04310,04,310,1096,452,23,429,297,132,37,415,196,219,41.24087591240876,5.0884955752212395,94.91150442477876,65.7079646017699,29.20353982300885,8.185840707964601,91.8141592920354,43.36283185840708,48.451327433628315
04311,04,311,1415,659,36,623,439,184,59,600,255,345,46.572438162544174,5.462822458270106,94.53717754172989,66.61608497723824,27.921092564491655,8.952959028831563,91.04704097116844,38.694992412746586,52.35204855842185
04312,04,312,1189,455,34,421,272,149,31,424,220,204,38.26745164003364,7.472527472527473,92.52747252747253,59.78021978021978,32.747252747252745,6.813186813186813,93.18681318681318,48.35164835164835,44.83516483516484
04313,04,313,1478,520,34,486,321,165,48,472,214,258,35.182679296346414,6.538461538461539,93.46153846153847,61.73076923076923,31.73076923076923,9.230769230769232,90.76923076923077,41.15384615384615,49.61538461538461
04314,04,314,1389,593,37,556,369,187,43,550,254,296,42.69258459323254,6.239460370994941,93.76053962900505,62.22596964586846,31.534569983136596,7.251264755480608,92.7487352445194,42.83305227655986,49.915682967959526
04315,04,315,1399,600,34,566,390,176,50,550,215,335,42.88777698355968,5.666666666666666,94.33333333333334,65.0,29.333333333333332,8.333333333333332,91.66666666666666,35.833333333333336,55.833333333333336
04316,04,316,1225,532,35,497,312,185,51,481,235,246,43.42857142857143,6.578947368421052,93.42105263157895,58.64661654135338,34.774436090225564,9.586466165413533,90.41353383458647,44.17293233082707,46.2406015037594
04317,04,317,1017,423,35,388,206,182,37,386,196,190,41.5929203539823,8.274231678486997,91.725768321513,48.69976359338061,43.02600472813239,8.747044917257684,91.25295508274232,46.335697399527184,44.91725768321513
04318,04,318,1163,535,32,503,344,159,39,496,204,292,46.001719690455715,5.981308411214954,94.01869158878505,64.29906542056075,29.719626168224302,7.289719626168225,92.71028037383178,38.13084112149533,54.57943925233645
04319,04,319,901,430,29,401,282,119,36,394,163,231,47.72475027746948,6.744186046511628,93.25581395348837,65.58139534883722,27.674418604651162,8.372093023255815,91.62790697674419,37.906976744186046,53.72093023255814
04320,04,320,1560,533,17,516,370,146,41,492,188,304,34.166666666666664,3.189493433395872,96.81050656660413,69.41838649155723,27.392120075046904,7.6923076923076925,92.3076923076923,35.27204502814259,57.035647279549714
04321,04,321,1257,420,27,393,270,123,38,382,185,197,33.41288782816229,6.428571428571428,93.57142857142857,64.28571428571429,29.28571428571429,9.047619047619047,90.95238095238095,44.047619047619044,46.904761904761905
04322,04,322,1192,538,35,503,324,179,49,489,230,259,45.13422818791946,6.5055762081784385,93.49442379182156,60.223048327137555,33.27137546468401,9.107806691449815,90.89219330855019,42.75092936802974,48.141263940520446
04323,04,323,1520,590,43,547,339,208,61,529,294,235,38.81578947368421,7.288135593220339,92.71186440677967,57.45762711864407,35.25423728813559,10.338983050847457,89.66101694915254,49.83050847457628,39.83050847457627
04324,04,324,1052,391,24,367,247,120,42,349,184,165,37.167300380228134,6.138107416879795,93.86189258312021,63.171355498721226,30.69053708439898,10.741687979539643,89.25831202046037,47.05882352941176,42.19948849104859
043A,04,3A,0,463,27,436,287,149,33,430,228,202,inf,5.831533477321814,94.16846652267819,61.98704103671706,32.18142548596112,7.127429805615551,92.87257019438445,49.24406047516199,43.628509719222464
043B,04,3B,0,504,20,484,338,146,24,480,214,266,inf,3.968253968253968,96.03174603174604,67.06349206349206,28.968253968253972,4.761904761904762,95.23809523809523,42.46031746031746,52.77777777777778
043C,04,3C,0,541,23,518,313,205,21,520,262,258,inf,4.251386321626617,95.74861367837339,57.85582255083179,37.89279112754159,3.8817005545286505,96.11829944547135,48.428835489833645,47.689463955637706
043D,04,3D,0,560,30,530,332,198,30,530,309,221,inf,5.357142857142857,94.64285714285714,59.285714285714285,35.35714285714286,5.357142857142857,94.64285714285714,55.17857142857143,39.464285714285715
043E,04,3E,0,674,68,606,369,237,75,599,332,267,inf,10.089020771513352,89.91097922848664,54.74777448071217,35.16320474777448,11.127596439169139,88.87240356083086,49.25816023738873,39.61424332344214
043F,04,3F,0,574,37,537,354,183,56,518,268,250,inf,6.445993031358885,93.55400696864112,61.672473867595826,31.881533101045296,9.75609756097561,90.2439024390244,46.68989547038328,43.55400696864111
043G,04,3G,0,543,31,512,353,159,46,497,270,227,inf,5.70902394106814,94.29097605893186,65.00920810313076,29.2817679558011,8.47145488029466,91.52854511970534,49.72375690607735,41.804788213627994
043H,04,3H,0,583,36,547,331,216,36,547,303,244,inf,6.174957118353345,93.82504288164665,56.77530017152659,37.04974271012007,6.174957118353345,93.82504288164665,51.97255574614065,41.852487135506
04401,04,401,1481,581,29,552,395,157,37,544,224,320,39.23024983119514,4.991394148020654,95.00860585197934,67.98623063683304,27.022375215146297,6.368330464716007,93.63166953528399,38.55421686746988,55.07745266781411
04402,04,402,1135,305,14,291,190,101,28,277,144,133,26.87224669603524,4.590163934426229,95.40983606557377,62.295081967213115,33.114754098360656,9.180327868852459,90.81967213114754,47.21311475409836,43.606557377049185
04403,04,403,1447,402,15,387,252,135,23,379,214,165,27.78161713890809,3.731343283582089,96.26865671641791,62.68656716417911,33.582089552238806,5.721393034825871,94.27860696517413,53.233830845771145,41.04477611940299
04404,04,404,1021,443,38,405,277,128,47,396,215,181,43.388834476003915,8.577878103837472,91.42212189616254,62.528216704288944,28.893905191873586,10.609480812641085,89.39051918735892,48.53273137697517,40.85778781038375
04405,04,405,1108,425,28,397,272,125,40,385,169,216,38.35740072202166,6.588235294117648,93.41176470588235,64.0,29.411764705882355,9.411764705882353,90.58823529411765,39.76470588235294,50.8235294117647
04406,04,406,1063,358,25,333,224,109,36,322,169,153,33.67826904985889,6.983240223463687,93.01675977653632,62.56983240223464,30.446927374301673,10.05586592178771,89.94413407821229,47.20670391061452,42.737430167597765
04407,04,407,1319,447,19,428,299,129,41,406,162,244,33.88931008339651,4.250559284116331,95.74944071588367,66.8903803131991,28.859060402684566,9.172259507829978,90.82774049217002,36.241610738255034,54.58612975391499
04408,04,408,1383,448,42,406,268,138,49,399,208,191,32.393347794649316,9.375,90.625,59.82142857142857,30.80357142857143,10.9375,89.0625,46.42857142857143,42.63392857142857
04409,04,409,1240,488,23,465,302,163,40,448,217,231,39.35483870967742,4.713114754098361,95.28688524590164,61.885245901639344,33.40163934426229,8.19672131147541,91.80327868852459,44.4672131147541,47.33606557377049
04410,04,410,1320,515,18,497,363,134,46,469,195,274,39.015151515151516,3.4951456310679614,96.50485436893203,70.48543689320388,26.019417475728158,8.932038834951456,91.06796116504854,37.86407766990291,53.20388349514563
04411,04,411,1371,565,28,537,365,172,42,523,236,287,41.21079504011671,4.95575221238938,95.04424778761062,64.60176991150442,30.442477876106196,7.433628318584071,92.56637168141593,41.769911504424776,50.796460176991154
04412,04,412,1479,561,24,537,364,173,41,520,238,282,37.93103448275862,4.27807486631016,95.72192513368985,64.88413547237076,30.83778966131907,7.308377896613191,92.6916221033868,42.42424242424242,50.26737967914438
04413,04,413,1195,452,23,429,277,152,28,424,195,229,37.82426778242678,5.0884955752212395,94.91150442477876,61.283185840707965,33.6283185840708,6.1946902654867255,93.80530973451327,43.141592920353986,50.66371681415929
04414,04,414,1405,561,28,533,355,178,44,517,252,265,39.9288256227758,4.991087344028521,95.00891265597147,63.27985739750446,31.72905525846702,7.8431372549019605,92.15686274509804,44.919786096256686,47.23707664884135
04415,04,415,1545,582,40,542,354,188,51,531,253,278,37.66990291262136,6.872852233676976,93.12714776632302,60.824742268041234,32.302405498281786,8.762886597938143,91.23711340206185,43.470790378006875,47.766323024054984
04416,04,416,1453,504,25,479,297,182,63,441,233,208,34.68685478320715,4.9603174603174605,95.03968253968253,58.92857142857143,36.11111111111111,12.5,87.5,46.230158730158735,41.269841269841265
04417,04,417,1086,417,22,395,272,123,43,374,172,202,38.39779005524862,5.275779376498801,94.7242206235012,65.22781774580336,29.496402877697843,10.311750599520384,89.68824940047962,41.247002398081534,48.44124700239808
04418,04,418,1316,569,39,530,344,186,56,513,226,287,43.237082066869306,6.854130052724078,93.14586994727593,60.45694200351493,32.68892794376098,9.84182776801406,90.15817223198594,39.71880492091388,50.43936731107206
04419,04,419,1227,479,21,458,298,160,38,441,204,237,39.03830480847596,4.3841336116910234,95.61586638830897,62.21294363256785,33.40292275574113,7.933194154488518,92.06680584551148,42.58872651356994,49.478079331941544
04420,04,420,1249,392,42,350,209,141,42,350,188,162,31.385108086469177,10.714285714285714,89.28571428571429,53.316326530612244,35.96938775510204,10.714285714285714,89.28571428571429,47.95918367346938,41.3265306122449
04421,04,421,1101,363,17,346,207,139,28,335,158,177,32.9700272479564,4.683195592286501,95.31680440771349,57.02479338842975,38.29201101928375,7.7134986225895315,92.28650137741047,43.52617079889807,48.760330578512395
04422,04,422,909,361,25,336,199,137,49,312,161,151,39.713971397139716,6.9252077562326875,93.07479224376732,55.124653739612185,37.95013850415512,13.573407202216067,86.42659279778393,44.59833795013851,41.82825484764543
04423,04,423,1204,374,19,355,226,129,27,347,172,175,31.06312292358804,5.080213903743315,94.91978609625669,60.42780748663101,34.49197860962567,7.219251336898395,92.7807486631016,45.98930481283423,46.79144385026738
04424,04,424,1256,526,31,495,296,199,44,482,246,236,41.87898089171975,5.893536121673003,94.10646387832699,56.27376425855514,37.832699619771866,8.365019011406844,91.63498098859316,46.7680608365019,44.866920152091254
04425,04,425,1552,567,31,536,324,212,48,519,260,259,36.53350515463917,5.467372134038801,94.53262786596119,57.14285714285714,37.38977072310406,8.465608465608465,91.53439153439153,45.85537918871252,45.67901234567901
044A,04,4A,0,514,43,471,317,154,66,448,244,204,inf,8.365758754863812,91.63424124513618,61.673151750972764,29.961089494163424,12.840466926070038,87.15953307392996,47.47081712062256,39.688715953307394
044B,04,4B,0,634,48,586,367,219,61,573,327,246,inf,7.570977917981073,92.42902208201893,57.88643533123028,34.542586750788644,9.621451104100947,90.37854889589906,51.57728706624606,38.801261829652994
044C,04,4C,0,485,19,466,294,172,38,447,226,221,inf,3.917525773195876,96.08247422680412,60.618556701030926,35.4639175257732,7.835051546391752,92.16494845360825,46.597938144329895,45.56701030927835
044D,04,4D,0,507,26,481,300,181,41,466,263,203,inf,5.128205128205128,94.87179487179486,59.171597633136095,35.700197238658774,8.086785009861932,91.91321499013807,51.87376725838264,40.03944773175542
044E,04,4E,0,636,33,603,358,245,40,596,365,231,inf,5.188679245283019,94.81132075471697,56.289308176100626,38.522012578616355,6.289308176100629,93.71069182389937,57.38993710691824,36.32075471698113
044F,04,4F,0,555,29,526,294,232,33,522,290,232,inf,5.225225225225225,94.77477477477477,52.972972972972975,41.8018018018018,5.9459459459459465,94.05405405405406,52.25225225225225,41.8018018018018
044G,04,4G,0,762,48,714,397,317,64,698,420,278,inf,6.299212598425196,93.7007874015748,52.0997375328084,41.6010498687664,8.398950131233596,91.60104986876641,55.118110236220474,36.48293963254593
044H,04,4H,0,523,40,483,300,183,38,485,281,204,inf,7.648183556405354,92.35181644359464,57.361376673040155,34.990439770554495,7.265774378585086,92.73422562141491,53.72848948374761,39.0057361376673
04501,04,501,868,327,30,297,186,111,25,302,157,145,37.672811059907836,9.174311926605505,90.82568807339449,56.88073394495413,33.94495412844037,7.64525993883792,92.35474006116208,48.01223241590214,44.342507645259936
04502,04,502,1135,404,33,371,237,134,42,362,189,173,35.59471365638767,8.16831683168317,91.83168316831683,58.66336633663366,33.16831683168317,10.396039603960396,89.60396039603961,46.78217821782179,42.82178217821782
04503,04,503,939,307,30,277,149,128,30,277,178,99,32.694355697550584,9.77198697068404,90.22801302931596,48.534201954397396,41.69381107491857,9.77198697068404,90.22801302931596,57.98045602605863,32.24755700325733
04504,04,504,1344,399,21,378,243,135,33,366,192,174,29.6875,5.263157894736842,94.73684210526315,60.902255639097746,33.83458646616541,8.270676691729323,91.72932330827066,48.1203007518797,43.609022556390975
04505,04,505,1064,380,15,365,240,125,17,363,163,200,35.714285714285715,3.9473684210526314,96.05263157894737,63.1578947368421,32.89473684210527,4.473684210526316,95.52631578947368,42.89473684210526,52.63157894736842
04506,04,506,1509,575,26,549,358,191,33,542,256,286,38.10470510271703,4.521739130434783,95.47826086956522,62.26086956521739,33.21739130434783,5.739130434782608,94.26086956521739,44.52173913043478,49.73913043478261
04507,04,507,991,354,33,321,209,112,44,310,165,145,35.721493440968715,9.322033898305085,90.67796610169492,59.03954802259888,31.63841807909605,12.429378531073446,87.57062146892656,46.61016949152542,40.96045197740113
04508,04,508,1187,456,24,432,290,142,41,415,196,219,38.4161752316765,5.263157894736842,94.73684210526315,63.59649122807017,31.140350877192986,8.991228070175438,91.00877192982456,42.98245614035088,48.026315789473685
04509,04,509,1375,617,40,577,353,224,58,559,279,280,44.872727272727275,6.482982171799027,93.51701782820098,57.212317666126424,36.30470016207455,9.40032414910859,90.59967585089142,45.21880064829822,45.38087520259319
04510,04,510,1455,576,27,549,339,210,41,535,253,282,39.58762886597938,4.6875,95.3125,58.854166666666664,36.45833333333333,7.118055555555555,92.88194444444444,43.92361111111111,48.95833333333333
04511,04,511,1224,476,31,445,270,175,39,437,221,216,38.88888888888889,6.512605042016808,93.4873949579832,56.72268907563025,36.76470588235294,8.193277310924369,91.80672268907563,46.42857142857143,45.378151260504204
04512,04,512,1034,329,12,317,240,77,35,294,134,160,31.818181818181817,3.64741641337386,96.35258358662614,72.94832826747721,23.404255319148938,10.638297872340425,89.36170212765957,40.72948328267477,48.632218844984806
04513,04,513,1423,463,29,434,267,167,41,422,235,187,32.53689388615601,6.263498920086392,93.73650107991361,57.66738660907127,36.06911447084234,8.855291576673865,91.14470842332614,50.75593952483801,40.38876889848812
04514,04,514,1090,358,14,344,220,124,30,328,162,166,32.84403669724771,3.910614525139665,96.08938547486034,61.452513966480446,34.63687150837989,8.379888268156424,91.62011173184358,45.2513966480447,46.36871508379888
04515,04,515,1172,420,24,396,243,153,33,387,206,181,35.83617747440273,5.714285714285714,94.28571428571428,57.85714285714286,36.42857142857142,7.857142857142857,92.14285714285714,49.047619047619044,43.095238095238095
04516,04,516,1022,433,33,400,261,139,40,393,202,191,42.36790606653621,7.621247113163972,92.37875288683603,60.27713625866051,32.10161662817552,9.237875288683602,90.76212471131639,46.65127020785219,44.1108545034642
04517,04,517,1552,538,31,507,341,166,48,490,221,269,34.66494845360825,5.762081784386617,94.23791821561338,63.38289962825279,30.855018587360593,8.921933085501859,91.07806691449815,41.07806691449814,50.0
04518,04,518,1292,436,25,411,284,127,38,398,200,198,33.746130030959755,5.73394495412844,94.26605504587155,65.13761467889908,29.128440366972473,8.715596330275229,91.28440366972477,45.87155963302752,45.412844036697244
04519,04,519,1288,456,27,429,290,139,49,407,195,212,35.40372670807454,5.921052631578947,94.07894736842105,63.59649122807017,30.482456140350877,10.74561403508772,89.25438596491229,42.76315789473684,46.49122807017544
04520,04,520,1374,575,41,534,339,195,41,534,282,252,41.848617176128094,7.130434782608695,92.8695652173913,58.95652173913043,33.91304347826087,7.130434782608695,92.8695652173913,49.04347826086956,43.826086956521735
04521,04,521,1039,371,19,352,215,137,32,339,186,153,35.707410972088546,5.121293800539084,94.87870619946092,57.95148247978437,36.92722371967655,8.62533692722372,91.37466307277629,50.13477088948787,41.23989218328841
04522,04,522,1267,463,36,427,231,196,38,425,231,194,36.54301499605367,7.775377969762419,92.22462203023758,49.892008639308855,42.33261339092873,8.207343412526997,91.792656587473,49.892008639308855,41.90064794816415
04523,04,523,1085,461,45,416,249,167,52,409,203,206,42.48847926267281,9.761388286334057,90.23861171366593,54.01301518438177,36.22559652928417,11.279826464208242,88.72017353579176,44.03470715835141,44.68546637744035
04524,04,524,1334,425,45,380,217,163,41,384,210,174,31.859070464767612,10.588235294117647,89.41176470588236,51.05882352941177,38.35294117647059,9.647058823529411,90.3529411764706,49.411764705882355,40.94117647058824
04525,04,525,1135,431,41,390,195,195,38,393,224,169,37.97356828193833,9.51276102088167,90.48723897911833,45.243619489559165,45.243619489559165,8.816705336426914,91.1832946635731,51.972157772621806,39.21113689095127
045A,04,5A,0,738,45,693,389,304,56,682,408,274,inf,6.097560975609756,93.90243902439023,52.710027100271006,41.19241192411924,7.588075880758807,92.41192411924119,55.28455284552846,37.12737127371274
045B,04,5B,0,482,24,458,289,169,26,456,249,207,inf,4.979253112033195,95.0207468879668,59.95850622406639,35.06224066390041,5.394190871369295,94.6058091286307,51.65975103734441,42.946058091286304
045C,04,5C,0,534,30,504,314,190,46,488,281,207,inf,5.617977528089887,94.3820224719101,58.80149812734082,35.580524344569284,8.614232209737828,91.38576779026218,52.62172284644194,38.764044943820224
045D,04,5D,0,601,33,568,343,225,43,558,315,243,inf,5.490848585690515,94.50915141430949,57.07154742096506,37.437603993344425,7.154742096505824,92.84525790349417,52.412645590682196,40.432612312811976
045E,04,5E,0,473,19,454,280,174,31,442,234,208,inf,4.0169133192389,95.9830866807611,59.19661733615222,36.78646934460888,6.553911205073996,93.44608879492601,49.471458773784356,43.97463002114165
045F,04,5F,0,585,34,551,336,215,15,570,317,253,inf,5.811965811965812,94.18803418803418,57.43589743589743,36.75213675213676,2.564102564102564,97.43589743589743,54.18803418803419,43.24786324786325
045G,04,5G,0,660,32,628,361,267,68,592,348,244,inf,4.848484848484849,95.15151515151516,54.6969696969697,40.45454545454545,10.303030303030303,89.6969696969697,52.72727272727272,36.96969696969697
045H,04,5H,0,704,36,668,380,288,55,649,390,259,inf,5.113636363636364,94.88636363636364,53.97727272727273,40.909090909090914,7.8125,92.1875,55.39772727272727,36.78977272727273
04601,04,601,1059,440,34,406,249,157,36,404,203,201,41.54863078375826,7.727272727272727,92.27272727272727,56.59090909090909,35.68181818181818,8.181818181818182,91.81818181818183,46.13636363636363,45.68181818181819
04602,04,602,1072,447,43,404,260,144,47,400,190,210,41.69776119402985,9.619686800894854,90.38031319910515,58.16554809843401,32.21476510067114,10.51454138702461,89.48545861297539,42.505592841163306,46.97986577181208
04603,04,603,1183,400,22,378,243,135,23,377,188,189,33.8123415046492,5.5,94.5,60.75000000000001,33.75,5.75,94.25,47.0,47.25
04604,04,604,1109,351,27,324,206,118,42,309,156,153,31.65013525698828,7.6923076923076925,92.3076923076923,58.68945868945868,33.61823361823362,11.965811965811966,88.03418803418803,44.44444444444444,43.58974358974359
04605,04,605,1057,419,26,393,234,159,42,377,181,196,39.640491958372756,6.205250596658711,93.7947494033413,55.847255369928405,37.94749403341289,10.023866348448687,89.97613365155132,43.198090692124104,46.77804295942721
04606,04,606,1291,513,39,474,306,168,45,468,232,236,39.73663826491092,7.602339181286549,92.39766081871345,59.64912280701754,32.748538011695906,8.771929824561402,91.22807017543859,45.22417153996101,46.00389863547758
04607,04,607,1128,418,32,386,246,140,41,377,180,197,37.05673758865248,7.655502392344498,92.34449760765551,58.85167464114832,33.49282296650718,9.808612440191387,90.19138755980862,43.0622009569378,47.12918660287082
04608,04,608,1163,412,23,389,244,145,36,376,169,207,35.4256233877902,5.582524271844661,94.41747572815534,59.22330097087378,35.19417475728155,8.737864077669903,91.2621359223301,41.019417475728154,50.24271844660194
04609,04,609,1153,469,28,441,281,160,57,412,215,197,40.6764960971379,5.970149253731343,94.02985074626866,59.914712153518124,34.11513859275053,12.153518123667377,87.84648187633263,45.84221748400853,42.00426439232409
04610,04,610,1098,446,25,421,279,142,36,410,177,233,40.619307832422585,5.605381165919283,94.39461883408072,62.5560538116592,31.838565022421523,8.071748878923767,91.92825112107623,39.686098654708516,52.242152466367706
04611,04,611,1018,465,37,428,261,167,47,418,203,215,45.677799607072686,7.956989247311828,92.04301075268818,56.12903225806451,35.913978494623656,10.10752688172043,89.89247311827957,43.655913978494624,46.236559139784944
04612,04,612,1412,564,45,519,347,172,45,519,257,262,39.94334277620396,7.9787234042553195,92.02127659574468,61.52482269503546,30.49645390070922,7.9787234042553195,92.02127659574468,45.56737588652482,46.45390070921986
04613,04,613,1290,500,21,479,329,150,50,450,184,266,38.759689922480625,4.2,95.8,65.8,30.0,10.0,90.0,36.8,53.2
04614,04,614,1126,454,29,425,284,141,29,425,190,235,40.319715808170514,6.387665198237885,93.6123348017621,62.55506607929515,31.05726872246696,6.387665198237885,93.6123348017621,41.85022026431718,51.76211453744494
04615,04,615,1179,518,26,492,319,173,39,479,90,389,43.93553859202714,5.019305019305019,94.98069498069498,61.58301158301158,33.397683397683394,7.5289575289575295,92.47104247104248,17.374517374517374,75.0965250965251
04616,04,616,1037,454,18,436,313,123,28,426,172,254,43.7801350048216,3.9647577092511015,96.0352422907489,68.94273127753304,27.09251101321586,6.167400881057269,93.83259911894272,37.88546255506608,55.947136563876654
04617,04,617,1279,525,22,503,354,149,30,495,183,312,41.04769351055512,4.190476190476191,95.80952380952381,67.42857142857143,28.38095238095238,5.714285714285714,94.28571428571428,34.85714285714286,59.42857142857143
04618,04,618,1137,458,28,430,287,143,33,425,195,230,40.28144239226034,6.11353711790393,93.88646288209607,62.66375545851528,31.222707423580786,7.20524017467249,92.79475982532752,42.5764192139738,50.21834061135371
04619,04,619,1094,392,19,373,265,108,20,372,162,210,35.831809872029254,4.846938775510204,95.1530612244898,67.60204081632652,27.55102040816326,5.1020408163265305,94.89795918367348,41.3265306122449,53.57142857142857
04620,04,620,1559,545,15,530,387,143,38,507,225,282,34.958306606799226,2.7522935779816518,97.24770642201835,71.0091743119266,26.238532110091743,6.972477064220184,93.02752293577981,41.284403669724774,51.74311926605505
04621,04,621,1491,640,31,609,421,188,66,574,242,332,42.924211938296445,4.84375,95.15625,65.78125,29.375,10.3125,89.6875,37.8125,51.87500000000001
04622,04,622,1586,647,33,614,428,186,40,607,230,377,40.79445145018916,5.1004636785162285,94.89953632148377,66.15146831530139,28.748068006182383,6.182380216383308,93.81761978361669,35.54868624420402,58.26893353941267
04623,04,623,1109,478,38,440,288,152,58,420,208,212,43.10189359783589,7.949790794979079,92.05020920502092,60.25104602510461,31.799163179916317,12.133891213389122,87.86610878661088,43.51464435146444,44.35146443514644
04624,04,624,1245,574,22,552,376,176,44,530,331,199,46.10441767068273,3.8327526132404177,96.16724738675958,65.50522648083623,30.66202090592334,7.665505226480835,92.33449477351915,57.66550522648084,34.66898954703833
04625,04,625,1249,546,21,525,358,167,48,498,287,211,43.71497197758207,3.8461538461538463,96.15384615384616,65.56776556776556,30.586080586080588,8.791208791208792,91.20879120879121,52.56410256410257,38.64468864468865
04626,04,626,1399,513,10,503,355,148,39,474,181,293,36.66904932094353,1.949317738791423,98.05068226120858,69.20077972709552,28.84990253411306,7.602339181286549,92.39766081871345,35.28265107212476,57.1150097465887
046A,04,6A,0,639,39,600,308,292,27,612,410,202,inf,6.103286384976526,93.89671361502347,48.200312989045386,45.69640062597809,4.225352112676056,95.77464788732394,64.16275430359939,31.61189358372457
046B,04,6B,0,645,31,614,384,230,57,588,313,275,inf,4.8062015503875966,95.1937984496124,59.53488372093023,35.65891472868217,8.837209302325581,91.16279069767442,48.52713178294574,42.63565891472868
046C,04,6C,0,478,23,455,314,141,38,440,211,229,inf,4.811715481171548,95.18828451882845,65.69037656903765,29.497907949790797,7.949790794979079,92.05020920502092,44.14225941422594,47.90794979079498
046D,04,6D,0,553,28,525,322,203,44,509,279,230,inf,5.063291139240507,94.9367088607595,58.22784810126582,36.708860759493675,7.956600361663653,92.04339963833634,50.45207956600362,41.591320072332735
046E,04,6E,0,661,25,636,397,239,54,607,308,299,inf,3.7821482602118004,96.2178517397882,60.06051437216339,36.157337367624805,8.169440242057489,91.83055975794251,46.59606656580938,45.23449319213313
046F,04,6F,0,513,24,489,318,171,55,458,243,215,inf,4.678362573099415,95.32163742690058,61.98830409356725,33.33333333333333,10.721247563352826,89.27875243664717,47.368421052631575,41.91033138401559
046G,04,6G,0,655,25,630,425,205,44,611,279,332,inf,3.816793893129771,96.18320610687023,64.8854961832061,31.297709923664126,6.7175572519083975,93.2824427480916,42.595419847328245,50.68702290076336
046H,04,6H,0,562,26,536,363,173,38,524,250,274,inf,4.6263345195729535,95.37366548042705,64.59074733096085,30.782918149466195,6.761565836298933,93.23843416370107,44.48398576512456,48.754448398576514
04701,04,701,1268,439,26,413,259,154,41,398,174,224,34.62145110410095,5.922551252847381,94.07744874715262,58.997722095671975,35.079726651480634,9.339407744874716,90.66059225512528,39.63553530751708,51.025056947608206
04702,04,702,1106,358,13,345,230,115,27,331,158,173,32.368896925858955,3.6312849162011176,96.36871508379889,64.24581005586593,32.122905027932966,7.5418994413407825,92.45810055865921,44.134078212290504,48.324022346368714
04703,04,703,1159,454,14,440,305,135,24,430,185,245,39.17169974115617,3.0837004405286343,96.91629955947137,67.18061674008811,29.735682819383257,5.286343612334802,94.7136563876652,40.7488986784141,53.964757709251096
04704,04,704,1492,635,33,602,426,176,46,589,242,347,42.56032171581769,5.196850393700787,94.80314960629921,67.08661417322834,27.716535433070867,7.244094488188976,92.75590551181102,38.110236220472444,54.645669291338585
04705,04,705,1323,580,23,557,394,163,39,541,229,312,43.839758125472414,3.9655172413793105,96.03448275862068,67.93103448275862,28.10344827586207,6.724137931034482,93.27586206896552,39.48275862068966,53.79310344827586
04706,04,706,1590,786,34,752,495,257,110,676,248,428,49.43396226415094,4.325699745547073,95.67430025445293,62.97709923664122,32.69720101781171,13.994910941475828,86.00508905852418,31.552162849872772,54.4529262086514
04707,04,707,1460,590,29,561,403,158,53,537,215,322,40.41095890410959,4.915254237288136,95.08474576271186,68.30508474576271,26.779661016949152,8.983050847457626,91.01694915254237,36.440677966101696,54.57627118644067
04708,04,708,1356,604,38,566,399,167,46,558,233,325,44.54277286135693,6.291390728476822,93.70860927152319,66.05960264900662,27.64900662251656,7.6158940397351,92.3841059602649,38.576158940397356,53.807947019867555
04709,04,709,1446,533,33,500,323,177,41,492,241,251,36.860304287690184,6.191369606003752,93.80863039399625,60.60037523452158,33.20825515947467,7.6923076923076925,92.3076923076923,45.21575984990619,47.091932457786115
04710,04,710,1576,802,50,752,500,252,58,744,329,415,50.888324873096444,6.234413965087282,93.76558603491272,62.34413965087282,31.421446384039903,7.231920199501247,92.76807980049875,41.02244389027431,51.74563591022444
04711,04,711,1427,625,35,590,364,226,52,573,286,287,43.79817799579537,5.6000000000000005,94.39999999999999,58.24,36.16,8.32,91.67999999999999,45.76,45.92
04712,04,712,1478,663,40,623,390,233,42,621,288,333,44.85791610284168,6.033182503770739,93.96681749622925,58.82352941176471,35.14328808446455,6.334841628959276,93.66515837104072,43.43891402714932,50.2262443438914
04713,04,713,1306,609,34,575,395,180,41,568,248,320,46.63093415007657,5.582922824302135,94.41707717569786,64.86042692939245,29.55665024630542,6.732348111658457,93.26765188834155,40.72249589490969,52.545155993431855
04714,04,714,1400,636,28,608,427,181,55,581,241,340,45.42857142857143,4.40251572327044,95.59748427672956,67.13836477987421,28.459119496855344,8.647798742138365,91.35220125786164,37.89308176100629,53.459119496855344
04715,04,715,1633,640,43,597,379,218,49,591,303,288,39.19167176974893,6.71875,93.28125,59.21875,34.0625,7.656250000000001,92.34375,47.34375,45.0
04716,04,716,1431,638,30,608,442,166,64,574,234,340,44.584206848357795,4.702194357366771,95.29780564263322,69.27899686520375,26.01880877742947,10.031347962382444,89.96865203761756,36.677115987460816,53.29153605015674
04717,04,717,1530,683,34,649,435,214,52,631,294,337,44.640522875817,4.978038067349927,95.02196193265007,63.689604685212295,31.332357247437777,7.613469985358712,92.3865300146413,43.04538799414349,49.341142020497806
04718,04,718,1367,642,38,604,393,211,52,590,208,382,46.96415508412583,5.919003115264798,94.0809968847352,61.21495327102804,32.86604361370716,8.09968847352025,91.90031152647975,32.398753894081,59.50155763239875
04719,04,719,901,380,28,352,228,124,51,329,181,148,42.17536071032186,7.368421052631578,92.63157894736842,60.0,32.631578947368425,13.421052631578947,86.57894736842105,47.63157894736842,38.94736842105263
04720,04,720,1252,462,32,430,250,180,48,414,212,202,36.90095846645367,6.926406926406926,93.07359307359307,54.112554112554115,38.961038961038966,10.38961038961039,89.6103896103896,45.887445887445885,43.722943722943725
04721,04,721,1263,570,14,556,347,209,24,546,260,286,45.13064133016627,2.456140350877193,97.54385964912281,60.877192982456144,36.666666666666664,4.2105263157894735,95.78947368421052,45.614035087719294,50.175438596491226
04722,04,722,932,426,29,397,240,157,21,405,189,216,45.70815450643777,6.807511737089202,93.1924882629108,56.33802816901409,36.85446009389671,4.929577464788732,95.07042253521126,44.36619718309859,50.70422535211267
04723,04,723,1207,545,41,504,351,153,59,486,241,245,45.15327257663629,7.522935779816514,92.4770642201835,64.40366972477064,28.073394495412845,10.825688073394495,89.17431192660551,44.22018348623853,44.95412844036697
04724,04,724,1505,669,64,605,394,211,86,583,287,296,44.451827242524914,9.566517189835576,90.43348281016442,58.893871449925264,31.53961136023916,12.855007473841553,87.14499252615845,42.89985052316891,44.24514200298953
047A,04,7A,0,525,23,502,337,165,47,478,247,231,inf,4.380952380952381,95.61904761904762,64.19047619047619,31.428571428571427,8.952380952380953,91.04761904761904,47.04761904761905,44.0
047B,04,7B,0,520,46,474,299,175,43,477,255,222,inf,8.846153846153847,91.15384615384615,57.49999999999999,33.65384615384615,8.269230769230768,91.73076923076923,49.03846153846153,42.69230769230769
047C,04,7C,0,583,18,565,369,196,45,538,251,287,inf,3.0874785591766725,96.91252144082333,63.293310463121784,33.61921097770154,7.718696397941681,92.28130360205832,43.05317324185249,49.22813036020583
047D,04,7D,0,701,40,661,411,250,46,655,329,326,inf,5.706134094151213,94.29386590584879,58.63052781740371,35.66333808844508,6.562054208273895,93.43794579172611,46.932952924393724,46.50499286733238
047E,04,7E,0,821,51,770,487,283,64,757,414,343,inf,6.211936662606577,93.78806333739342,59.31790499390986,34.47015834348356,7.795371498172959,92.20462850182703,50.42630937880633,41.77831912302071
047F,04,7F,0,713,42,671,430,241,61,652,362,290,inf,5.890603085553997,94.109396914446,60.3085553997195,33.80084151472651,8.55539971949509,91.4446002805049,50.771388499298745,40.67321178120617
047G,04,7G,0,711,71,640,430,210,63,648,313,335,inf,9.985935302390999,90.014064697609,60.47819971870605,29.535864978902953,8.860759493670885,91.13924050632912,44.0225035161744,47.11673699015471
047H,04,7H,0,551,27,524,316,208,45,506,277,229,inf,4.900181488203267,95.09981851179673,57.3502722323049,37.74954627949184,8.166969147005444,91.83303085299455,50.27223230490018,41.560798548094375
04801,04,801,1356,446,22,424,267,157,36,410,197,213,32.89085545722713,4.932735426008969,95.06726457399103,59.865470852017935,35.2017937219731,8.071748878923767,91.92825112107623,44.17040358744394,47.75784753363229
04802,04,802,1141,419,28,391,267,124,40,379,160,219,36.72217353198948,6.682577565632458,93.31742243436753,63.72315035799523,29.594272076372313,9.54653937947494,90.45346062052506,38.18615751789976,52.2673031026253
04803,04,803,1184,452,48,404,292,112,60,392,222,170,38.17567567567568,10.619469026548673,89.38053097345133,64.60176991150442,24.778761061946902,13.274336283185843,86.72566371681415,49.11504424778761,37.610619469026545
04804,04,804,1644,548,25,523,357,166,35,513,230,283,33.33333333333333,4.562043795620438,95.43795620437956,65.14598540145985,30.29197080291971,6.386861313868613,93.61313868613139,41.97080291970803,51.64233576642335
04805,04,805,1347,459,37,422,302,120,50,409,189,220,34.075723830734965,8.061002178649238,91.93899782135077,65.79520697167756,26.143790849673206,10.893246187363834,89.10675381263616,41.17647058823529,47.930283224400874
04806,04,806,1277,442,14,428,299,129,36,406,184,222,34.612372748629596,3.167420814479638,96.83257918552036,67.64705882352942,29.185520361990953,8.144796380090497,91.8552036199095,41.6289592760181,50.2262443438914
048A,04,8A,0,558,37,521,324,197,46,512,277,235,inf,6.630824372759856,93.36917562724014,58.06451612903226,35.30465949820788,8.24372759856631,91.75627240143369,49.6415770609319,42.11469534050179
048B,04,8B,0,567,26,541,375,166,34,533,257,276,inf,4.5855379188712515,95.41446208112875,66.13756613756614,29.276895943562607,5.996472663139329,94.00352733686067,45.326278659611994,48.67724867724868
05101,05,101,881,264,31,233,161,72,44,220,121,99,29.96594778660613,11.742424242424242,88.25757575757575,60.984848484848484,27.27272727272727,16.666666666666664,83.33333333333334,45.83333333333333,37.5
05102,05,102,941,247,21,226,126,100,19,228,146,82,26.24867162592986,8.502024291497975,91.49797570850203,51.012145748987855,40.48582995951417,7.6923076923076925,92.3076923076923,59.10931174089069,33.198380566801625
05103,05,103,1094,437,32,405,282,123,34,403,184,219,39.945155393053014,7.322654462242563,92.67734553775743,64.53089244851259,28.14645308924485,7.780320366132723,92.21967963386729,42.10526315789473,50.11441647597255
05104,05,104,969,276,16,260,184,76,40,236,108,128,28.482972136222912,5.797101449275362,94.20289855072464,66.66666666666666,27.536231884057973,14.492753623188406,85.5072463768116,39.130434782608695,46.3768115942029
05105,05,105,1111,424,32,392,237,155,35,389,192,197,38.16381638163816,7.547169811320755,92.45283018867924,55.89622641509434,36.556603773584904,8.254716981132075,91.74528301886792,45.28301886792453,46.4622641509434
05106,05,106,1005,372,31,341,217,124,38,334,155,179,37.014925373134325,8.333333333333332,91.66666666666666,58.333333333333336,33.33333333333333,10.21505376344086,89.78494623655914,41.66666666666667,48.11827956989247
05107,05,107,915,276,26,250,159,91,44,232,117,115,30.16393442622951,9.420289855072465,90.57971014492753,57.608695652173914,32.971014492753625,15.942028985507244,84.05797101449275,42.391304347826086,41.66666666666667
05108,05,108,840,228,14,214,166,48,23,205,99,106,27.142857142857142,6.140350877192982,93.85964912280701,72.80701754385966,21.052631578947366,10.087719298245613,89.91228070175438,43.42105263157895,46.49122807017544
05109,05,109,1622,312,8,304,208,96,16,296,191,105,19.235511713933416,2.564102564102564,97.43589743589743,66.66666666666666,30.76923076923077,5.128205128205128,94.87179487179486,61.21794871794872,33.65384615384615
05110,05,110,920,229,22,207,151,56,24,205,92,113,24.891304347826086,9.606986899563319,90.39301310043668,65.93886462882097,24.45414847161572,10.480349344978166,89.51965065502183,40.174672489082965,49.34497816593886
05111,05,111,1237,346,31,315,190,125,44,302,161,141,27.970897332255458,8.959537572254336,91.04046242774567,54.91329479768786,36.127167630057805,12.716763005780345,87.28323699421965,46.53179190751445,40.7514450867052
05112,05,112,1047,317,21,296,213,83,25,292,128,164,30.27698185291309,6.624605678233439,93.37539432176656,67.19242902208202,26.18296529968454,7.886435331230284,92.11356466876973,40.37854889589905,51.73501577287066
05113,05,113,1058,392,31,361,215,146,27,365,200,165,37.051039697542535,7.908163265306123,92.09183673469387,54.8469387755102,37.244897959183675,6.887755102040815,93.11224489795919,51.02040816326531,42.09183673469388
05114,05,114,902,258,13,245,166,79,19,239,97,142,28.60310421286031,5.038759689922481,94.96124031007753,64.34108527131784,30.620155038759687,7.3643410852713185,92.63565891472868,37.5968992248062,55.03875968992248
05115,05,115,1116,303,21,282,209,73,39,264,133,131,27.1505376344086,6.9306930693069315,93.06930693069307,68.97689768976898,24.09240924092409,12.871287128712872,87.12871287128714,43.89438943894389,43.23432343234324
05116,05,116,840,232,36,196,133,63,41,191,97,94,27.61904761904762,15.517241379310345,84.48275862068965,57.327586206896555,27.155172413793103,17.67241379310345,82.32758620689656,41.810344827586206,40.51724137931034
05117,05,117,1068,255,21,234,154,80,38,217,124,93,23.876404494382022,8.235294117647058,91.76470588235294,60.3921568627451,31.372549019607842,14.901960784313726,85.09803921568627,48.627450980392155,36.470588235294116
05118,05,118,939,214,14,200,145,55,24,190,102,88,22.790202342917997,6.5420560747663545,93.45794392523365,67.7570093457944,25.70093457943925,11.214953271028037,88.78504672897196,47.66355140186916,41.1214953271028
05119,05,119,1314,295,30,265,183,82,43,252,128,124,22.450532724505326,10.16949152542373,89.83050847457628,62.03389830508475,27.796610169491526,14.576271186440678,85.42372881355932,43.389830508474574,42.03389830508474
05120,05,120,885,253,23,230,147,83,36,217,123,94,28.587570621468927,9.090909090909092,90.9090909090909,58.10276679841897,32.80632411067194,14.229249011857709,85.7707509881423,48.616600790513836,37.15415019762846
05121,05,121,1072,313,34,279,168,111,27,286,168,118,29.19776119402985,10.86261980830671,89.1373801916933,53.674121405750796,35.46325878594249,8.626198083067091,91.3738019169329,53.674121405750796,37.69968051118211
05122,05,122,991,204,22,182,116,66,15,189,105,84,20.58526740665994,10.784313725490197,89.2156862745098,56.86274509803921,32.35294117647059,7.352941176470589,92.64705882352942,51.470588235294116,41.17647058823529
05123,05,123,910,267,39,228,128,100,40,227,124,103,29.340659340659343,14.606741573033707,85.39325842696628,47.940074906367045,37.453183520599254,14.981273408239701,85.0187265917603,46.441947565543074,38.57677902621723
05124,05,124,1030,249,9,240,151,89,29,220,106,114,24.174757281553397,3.614457831325301,96.3855421686747,60.6425702811245,35.7429718875502,11.646586345381527,88.35341365461848,42.570281124497996,45.78313253012048
05125,05,125,917,211,17,194,149,45,20,191,94,97,23.00981461286805,8.056872037914692,91.9431279620853,70.61611374407583,21.32701421800948,9.47867298578199,90.52132701421802,44.54976303317535,45.97156398104265
05126,05,126,857,135,11,124,83,41,16,119,67,52,15.752625437572929,8.148148148148149,91.85185185185185,61.48148148148148,30.37037037037037,11.851851851851853,88.14814814814815,49.629629629629626,38.51851851851852
05127,05,127,909,171,17,154,102,52,29,142,94,48,18.81188118811881,9.941520467836257,90.05847953216374,59.64912280701754,30.409356725146196,16.95906432748538,83.04093567251462,54.97076023391813,28.07017543859649
05128,05,128,876,182,28,154,98,56,29,153,101,52,20.776255707762555,15.384615384615385,84.61538461538461,53.84615384615385,30.76923076923077,15.934065934065933,84.06593406593407,55.494505494505496,28.57142857142857
05129,05,129,1065,255,25,230,175,55,41,214,111,103,23.943661971830984,9.803921568627452,90.19607843137256,68.62745098039215,21.568627450980394,16.07843137254902,83.92156862745098,43.529411764705884,40.3921568627451
05130,05,130,1088,268,28,240,162,78,35,233,137,96,24.63235294117647,10.44776119402985,89.55223880597015,60.447761194029844,29.1044776119403,13.059701492537313,86.94029850746269,51.11940298507462,35.82089552238806
05131,05,131,1223,293,30,263,181,82,37,256,146,110,23.957481602616518,10.238907849829351,89.76109215017065,61.774744027303754,27.986348122866893,12.627986348122866,87.37201365187714,49.829351535836174,37.54266211604095
05132,05,132,1370,305,30,275,188,87,48,257,125,132,22.26277372262774,9.836065573770492,90.1639344262295,61.63934426229508,28.524590163934427,15.737704918032788,84.26229508196721,40.98360655737705,43.278688524590166
05133,05,133,971,282,15,267,172,95,25,257,141,116,29.042224510813597,5.319148936170213,94.68085106382979,60.99290780141844,33.687943262411345,8.865248226950355,91.13475177304964,50.0,41.13475177304964
051A,05,1A,0,463,46,417,254,163,41,422,252,170,inf,9.935205183585314,90.06479481641469,54.85961123110151,35.20518358531318,8.855291576673865,91.14470842332614,54.42764578833693,36.7170626349892
051B,05,1B,0,488,44,444,270,174,39,449,257,192,inf,9.01639344262295,90.98360655737704,55.32786885245902,35.65573770491803,7.991803278688526,92.00819672131148,52.66393442622951,39.34426229508197
051C,05,1C,0,595,36,559,354,205,36,559,323,236,inf,6.050420168067227,93.94957983193277,59.49579831932773,34.45378151260504,6.050420168067227,93.94957983193277,54.285714285714285,39.66386554621849
051D,05,1D,0,556,48,508,329,179,60,496,289,207,inf,8.633093525179856,91.36690647482014,59.172661870503596,32.194244604316545,10.79136690647482,89.20863309352518,51.97841726618705,37.23021582733813
051E,05,1E,0,501,29,472,267,205,35,466,277,189,inf,5.788423153692615,94.2115768463074,53.293413173652695,40.91816367265469,6.986027944111776,93.01397205588823,55.28942115768463,37.72455089820359
051F,05,1F,0,441,31,410,253,157,35,406,234,172,inf,7.029478458049887,92.97052154195012,57.36961451247166,35.600907029478456,7.936507936507936,92.06349206349206,53.06122448979592,39.002267573696145
051G,05,1G,0,377,36,341,197,144,39,338,199,139,inf,9.549071618037134,90.45092838196287,52.254641909814325,38.196286472148536,10.344827586206897,89.65517241379311,52.785145888594165,36.87002652519894
05201,05,201,1032,351,23,328,229,99,28,323,158,165,34.01162790697674,6.552706552706552,93.44729344729345,65.24216524216524,28.205128205128204,7.977207977207977,92.02279202279202,45.01424501424501,47.008547008547005
05202,05,202,860,224,23,201,153,48,34,190,95,95,26.046511627906977,10.267857142857142,89.73214285714286,68.30357142857143,21.428571428571427,15.178571428571427,84.82142857142857,42.410714285714285,42.410714285714285
05203,05,203,768,116,12,104,82,22,8,108,47,61,15.104166666666666,10.344827586206897,89.65517241379311,70.6896551724138,18.96551724137931,6.896551724137931,93.10344827586206,40.51724137931034,52.58620689655172
05204,05,204,1015,192,10,182,141,41,16,176,72,104,18.91625615763547,5.208333333333334,94.79166666666666,73.4375,21.354166666666664,8.333333333333332,91.66666666666666,37.5,54.166666666666664
05205,05,205,1074,252,12,240,176,64,19,233,121,112,23.463687150837988,4.761904761904762,95.23809523809523,69.84126984126983,25.396825396825395,7.5396825396825395,92.46031746031747,48.01587301587302,44.44444444444444
05206,05,206,1399,374,33,341,222,119,34,340,178,162,26.73338098641887,8.823529411764707,91.17647058823529,59.35828877005348,31.818181818181817,9.090909090909092,90.9090909090909,47.593582887700535,43.31550802139038
05207,05,207,929,241,13,228,69,159,18,223,107,116,25.941872981700755,5.394190871369295,94.6058091286307,28.63070539419087,65.97510373443983,7.468879668049793,92.5311203319502,44.398340248962654,48.13278008298755
05208,05,208,1208,326,19,307,232,75,35,291,133,158,26.986754966887418,5.828220858895705,94.1717791411043,71.16564417177914,23.006134969325153,10.736196319018406,89.2638036809816,40.79754601226993,48.466257668711656
05209,05,209,885,254,16,238,156,82,25,229,117,112,28.70056497175141,6.299212598425196,93.7007874015748,61.417322834645674,32.28346456692913,9.84251968503937,90.15748031496062,46.06299212598425,44.09448818897638
05210,05,210,1268,263,19,244,180,64,21,242,104,138,20.741324921135647,7.224334600760455,92.77566539923954,68.44106463878326,24.334600760456272,7.984790874524715,92.01520912547528,39.543726235741445,52.47148288973384
05211,05,211,845,231,13,218,160,58,20,211,92,119,27.337278106508876,5.627705627705628,94.37229437229438,69.26406926406926,25.108225108225106,8.658008658008658,91.34199134199135,39.82683982683983,51.515151515151516
05212,05,212,934,269,17,252,184,68,39,230,104,126,28.800856531049252,6.319702602230483,93.68029739776952,68.40148698884758,25.27881040892193,14.49814126394052,85.50185873605948,38.66171003717472,46.84014869888476
05213,05,213,1056,395,34,361,219,142,35,360,172,188,37.40530303030303,8.60759493670886,91.39240506329114,55.44303797468354,35.949367088607595,8.860759493670885,91.13924050632912,43.54430379746835,47.59493670886076
05214,05,214,827,156,28,128,88,40,24,132,81,51,18.863361547763,17.94871794871795,82.05128205128204,56.41025641025641,25.64102564102564,15.384615384615385,84.61538461538461,51.92307692307693,32.69230769230769
05215,05,215,1142,205,14,191,143,48,17,188,102,86,17.950963222416814,6.829268292682928,93.17073170731707,69.7560975609756,23.414634146341466,8.292682926829269,91.70731707317074,49.75609756097561,41.951219512195124
05216,05,216,875,210,13,197,139,58,23,187,103,84,24.0,6.190476190476191,93.80952380952381,66.19047619047619,27.61904761904762,10.952380952380953,89.04761904761904,49.047619047619044,40.0
05217,05,217,852,221,18,203,144,59,17,204,100,104,25.938967136150236,8.144796380090497,91.8552036199095,65.15837104072398,26.69683257918552,7.6923076923076925,92.3076923076923,45.248868778280546,47.05882352941176
05218,05,218,998,312,15,297,197,100,34,278,125,153,31.262525050100198,4.807692307692308,95.1923076923077,63.141025641025635,32.05128205128205,10.897435897435898,89.1025641025641,40.06410256410257,49.03846153846153
05219,05,219,1296,381,29,352,236,116,57,324,149,175,29.398148148148145,7.611548556430446,92.38845144356955,61.942257217847775,30.446194225721783,14.960629921259844,85.03937007874016,39.107611548556434,45.93175853018373
05220,05,220,1144,284,17,267,182,85,26,258,120,138,24.825174825174827,5.985915492957746,94.01408450704226,64.08450704225352,29.929577464788732,9.15492957746479,90.84507042253522,42.25352112676056,48.59154929577465
05221,05,221,833,275,11,264,180,84,29,246,114,132,33.01320528211284,4.0,96.0,65.45454545454545,30.545454545454547,10.545454545454545,89.45454545454545,41.45454545454545,48.0
05222,05,222,862,261,19,242,168,74,21,240,108,132,30.278422273781903,7.2796934865900385,92.72030651340997,64.36781609195403,28.35249042145594,8.045977011494253,91.95402298850574,41.37931034482759,50.57471264367817
05223,05,223,1153,296,25,271,193,78,31,265,130,135,25.672159583694707,8.445945945945946,91.55405405405406,65.2027027027027,26.351351351351347,10.472972972972974,89.52702702702703,43.91891891891892,45.608108108108105
05224,05,224,991,207,11,196,132,64,25,182,84,98,20.887991927346114,5.314009661835748,94.68599033816425,63.76811594202898,30.917874396135264,12.077294685990339,87.92270531400966,40.57971014492754,47.34299516908212
05225,05,225,1051,275,15,260,210,50,17,258,106,152,26.165556612749764,5.454545454545454,94.54545454545455,76.36363636363637,18.181818181818183,6.181818181818182,93.81818181818183,38.54545454545455,55.27272727272727
05226,05,226,956,259,21,238,159,79,20,239,122,117,27.09205020920502,8.108108108108109,91.8918918918919,61.38996138996139,30.501930501930502,7.722007722007722,92.27799227799228,47.10424710424711,45.173745173745175
05227,05,227,1215,239,23,216,157,59,37,202,95,107,19.670781893004115,9.623430962343097,90.3765690376569,65.69037656903765,24.686192468619247,15.481171548117153,84.51882845188284,39.74895397489539,44.76987447698745
05228,05,228,887,159,8,151,101,50,18,141,94,47,17.925591882750847,5.031446540880504,94.9685534591195,63.52201257861635,31.446540880503143,11.320754716981133,88.67924528301887,59.11949685534591,29.559748427672954
05229,05,229,818,227,18,209,145,64,33,194,117,77,27.750611246943762,7.929515418502203,92.07048458149781,63.87665198237885,28.193832599118945,14.537444933920703,85.46255506607929,51.541850220264315,33.92070484581498
05230,05,230,941,204,11,193,129,64,18,186,119,67,21.679064824654624,5.392156862745098,94.6078431372549,63.23529411764706,31.372549019607842,8.823529411764707,91.17647058823529,58.333333333333336,32.84313725490196
05231,05,231,1115,199,17,182,132,50,27,172,89,83,17.847533632286996,8.542713567839195,91.4572864321608,66.33165829145729,25.125628140703515,13.5678391959799,86.4321608040201,44.72361809045226,41.70854271356784
052A,05,2A,0,398,32,366,253,113,28,370,202,168,inf,8.040201005025125,91.95979899497488,63.5678391959799,28.391959798994975,7.035175879396985,92.96482412060301,50.753768844221106,42.211055276381906
052B,05,2B,0,465,50,415,280,135,52,413,218,195,inf,10.75268817204301,89.24731182795699,60.215053763440864,29.03225806451613,11.182795698924732,88.81720430107526,46.88172043010753,41.935483870967744
052C,05,2C,0,417,32,385,243,142,34,383,237,146,inf,7.673860911270983,92.32613908872902,58.27338129496403,34.05275779376499,8.15347721822542,91.84652278177458,56.83453237410072,35.011990407673856
052D,05,2D,0,374,32,342,214,128,28,346,200,146,inf,8.55614973262032,91.44385026737967,57.21925133689839,34.22459893048128,7.4866310160427805,92.51336898395722,53.475935828877006,39.037433155080215
052E,05,2E,0,375,25,350,226,124,27,348,201,147,inf,6.666666666666667,93.33333333333333,60.266666666666666,33.06666666666666,7.199999999999999,92.80000000000001,53.6,39.2
052F,05,2F,0,387,38,349,191,158,35,352,227,125,inf,9.819121447028424,90.18087855297158,49.35400516795866,40.82687338501292,9.043927648578812,90.95607235142118,58.656330749354005,32.299741602067186
052G,05,2G,0,257,19,238,150,88,23,234,144,90,inf,7.392996108949417,92.60700389105058,58.36575875486382,34.24124513618677,8.949416342412452,91.05058365758755,56.03112840466926,35.019455252918284
05301,05,301,1052,286,31,255,136,119,35,251,141,110,27.186311787072242,10.839160839160838,89.16083916083916,47.55244755244755,41.60839160839161,12.237762237762238,87.76223776223776,49.3006993006993,38.46153846153847
05302,05,302,1020,281,30,251,180,71,46,235,129,106,27.54901960784314,10.676156583629894,89.32384341637011,64.05693950177937,25.26690391459075,16.370106761565836,83.62989323843416,45.90747330960854,37.72241992882562
05303,05,303,1002,315,24,291,200,91,30,285,127,158,31.437125748502993,7.6190476190476195,92.38095238095238,63.49206349206349,28.888888888888886,9.523809523809524,90.47619047619048,40.317460317460316,50.15873015873016
05304,05,304,1438,426,24,402,234,168,28,398,213,185,29.624478442280942,5.633802816901409,94.36619718309859,54.929577464788736,39.436619718309856,6.572769953051644,93.42723004694837,50.0,43.42723004694836
05305,05,305,1041,265,12,253,181,72,16,249,146,103,25.456292026897216,4.528301886792453,95.47169811320755,68.30188679245282,27.169811320754718,6.037735849056604,93.9622641509434,55.094339622641506,38.86792452830189
05306,05,306,943,258,15,243,154,89,25,233,107,126,27.359490986214208,5.813953488372093,94.18604651162791,59.68992248062015,34.49612403100775,9.689922480620156,90.31007751937985,41.47286821705426,48.837209302325576
05307,05,307,1372,307,12,295,215,80,34,273,117,156,22.37609329446064,3.908794788273615,96.09120521172639,70.03257328990227,26.058631921824105,11.074918566775244,88.92508143322475,38.11074918566775,50.814332247557005
05308,05,308,783,190,21,169,61,108,21,169,93,76,24.26564495530013,11.052631578947368,88.94736842105263,32.10526315789474,56.84210526315789,11.052631578947368,88.94736842105263,48.94736842105264,40.0
05309,05,309,930,274,21,253,170,83,34,240,126,114,29.462365591397848,7.664233576642336,92.33576642335767,62.04379562043796,30.29197080291971,12.408759124087592,87.59124087591242,45.98540145985402,41.605839416058394
05310,05,310,894,211,13,198,142,56,25,186,87,99,23.60178970917226,6.161137440758294,93.8388625592417,67.29857819905213,26.540284360189574,11.848341232227488,88.15165876777252,41.23222748815166,46.91943127962085
05311,05,311,1087,323,15,308,222,86,35,288,123,165,29.7148114075437,4.643962848297214,95.3560371517028,68.73065015479877,26.625386996904027,10.8359133126935,89.1640866873065,38.080495356037154,51.08359133126935
05312,05,312,931,239,18,221,133,88,33,206,116,90,25.671321160042964,7.531380753138076,92.46861924686193,55.64853556485355,36.82008368200837,13.807531380753138,86.19246861924687,48.53556485355649,37.65690376569037
05313,05,313,1060,307,19,288,188,100,1,306,164,142,28.962264150943394,6.188925081433225,93.81107491856677,61.23778501628665,32.57328990228013,0.32573289902280134,99.6742671009772,53.420195439739416,46.25407166123778
05314,05,314,1235,343,26,317,235,82,29,314,125,189,27.77327935222672,7.580174927113703,92.4198250728863,68.5131195335277,23.9067055393586,8.454810495626822,91.54518950437318,36.44314868804665,55.10204081632652
05315,05,315,1135,450,22,428,270,158,31,419,197,222,39.647577092511014,4.888888888888889,95.11111111111111,60.0,35.11111111111111,6.888888888888889,93.11111111111111,43.77777777777778,49.333333333333336
05316,05,316,870,216,13,203,148,55,21,195,80,115,24.82758620689655,6.018518518518518,93.98148148148148,68.51851851851852,25.462962962962965,9.722222222222223,90.27777777777779,37.03703703703704,53.24074074074075
05317,05,317,1140,236,15,221,156,65,28,208,98,110,20.701754385964914,6.3559322033898304,93.64406779661016,66.10169491525424,27.54237288135593,11.864406779661017,88.13559322033898,41.52542372881356,46.61016949152542
05318,05,318,1229,363,17,346,231,115,33,330,151,179,29.536208299430434,4.683195592286501,95.31680440771349,63.63636363636363,31.68044077134986,9.090909090909092,90.9090909090909,41.59779614325069,49.311294765840216
05319,05,319,737,201,18,183,114,69,32,169,92,77,27.27272727272727,8.955223880597014,91.04477611940298,56.71641791044776,34.32835820895522,15.92039800995025,84.07960199004975,45.77114427860697,38.308457711442784
05320,05,320,1046,228,14,214,155,59,28,200,139,61,21.79732313575526,6.140350877192982,93.85964912280701,67.98245614035088,25.877192982456144,12.280701754385964,87.71929824561403,60.96491228070175,26.75438596491228
05321,05,321,1127,270,23,247,173,74,29,241,108,133,23.957409050576754,8.518518518518519,91.48148148148148,64.07407407407408,27.40740740740741,10.74074074074074,89.25925925925927,40.0,49.25925925925926
05322,05,322,1160,312,16,296,219,77,28,284,146,138,26.89655172413793,5.128205128205128,94.87179487179486,70.1923076923077,24.679487179487182,8.974358974358974,91.02564102564102,46.794871794871796,44.230769230769226
05323,05,323,934,219,9,210,146,64,19,200,94,106,23.447537473233403,4.10958904109589,95.8904109589041,66.66666666666666,29.22374429223744,8.67579908675799,91.32420091324201,42.922374429223744,48.401826484018265
05324,05,324,900,285,24,261,165,96,27,258,137,121,31.666666666666664,8.421052631578947,91.57894736842105,57.89473684210527,33.68421052631579,9.473684210526317,90.52631578947368,48.07017543859649,42.45614035087719
05325,05,325,881,287,28,259,168,91,19,268,133,135,32.576617480136214,9.75609756097561,90.2439024390244,58.536585365853654,31.70731707317073,6.620209059233449,93.37979094076655,46.34146341463415,47.038327526132406
05326,05,326,910,282,17,265,183,82,33,249,125,124,30.98901098901099,6.028368794326241,93.97163120567376,64.8936170212766,29.078014184397162,11.702127659574469,88.29787234042553,44.32624113475177,43.97163120567376
05327,05,327,926,268,17,251,169,82,29,239,120,119,28.94168466522678,6.343283582089552,93.65671641791045,63.059701492537314,30.597014925373134,10.820895522388058,89.17910447761194,44.776119402985074,44.40298507462687
05328,05,328,841,254,15,239,161,78,20,234,127,107,30.202140309155766,5.905511811023622,94.09448818897637,63.38582677165354,30.708661417322837,7.874015748031496,92.1259842519685,50.0,42.125984251968504
05329,05,329,1052,283,12,271,203,68,25,258,108,150,26.901140684410645,4.240282685512367,95.75971731448763,71.73144876325088,24.02826855123675,8.8339222614841,91.16607773851591,38.16254416961131,53.003533568904594
05330,05,330,1006,297,18,279,189,90,39,258,130,128,29.52286282306163,6.0606060606060606,93.93939393939394,63.63636363636363,30.303030303030305,13.131313131313133,86.86868686868688,43.77104377104377,43.09764309764309
05331,05,331,1396,356,31,325,218,107,28,328,168,160,25.501432664756447,8.707865168539326,91.29213483146067,61.23595505617978,30.0561797752809,7.865168539325842,92.13483146067416,47.19101123595505,44.9438202247191
05332,05,332,1132,221,23,198,122,76,5,216,120,96,19.52296819787986,10.407239819004525,89.59276018099548,55.203619909502265,34.38914027149321,2.262443438914027,97.73755656108597,54.29864253393665,43.43891402714932
053A,05,3A,0,531,40,491,339,152,48,483,262,221,inf,7.532956685499058,92.46704331450094,63.84180790960452,28.625235404896422,9.03954802259887,90.96045197740112,49.34086629001883,41.6195856873823
053B,05,3B,0,400,26,374,240,134,40,360,184,176,inf,6.5,93.5,60.0,33.5,10.0,90.0,46.0,44.0
053C,05,3C,0,515,57,458,201,257,47,468,328,140,inf,11.067961165048544,88.93203883495146,39.029126213592235,49.90291262135923,9.12621359223301,90.87378640776699,63.689320388349515,27.184466019417474
053D,05,3D,0,494,24,470,280,190,35,459,262,197,inf,4.8582995951417,95.1417004048583,56.68016194331984,38.46153846153847,7.08502024291498,92.91497975708502,53.036437246963565,39.878542510121456
053E,05,3E,0,486,41,445,249,196,29,457,286,171,inf,8.436213991769549,91.56378600823045,51.23456790123457,40.32921810699588,5.967078189300412,94.03292181069959,58.8477366255144,35.18518518518518
053F,05,3F,0,482,55,427,258,169,53,429,273,156,inf,11.410788381742739,88.58921161825725,53.52697095435685,35.06224066390041,10.995850622406639,89.00414937759335,56.63900414937759,32.365145228215766
053G,05,3G,0,486,39,447,273,174,37,449,262,187,inf,8.024691358024691,91.9753086419753,56.17283950617284,35.80246913580247,7.613168724279835,92.38683127572016,53.90946502057613,38.477366255144034
05401,05,401,1007,305,15,290,171,119,21,284,148,136,30.28798411122145,4.918032786885246,95.08196721311475,56.0655737704918,39.01639344262295,6.885245901639345,93.11475409836065,48.52459016393443,44.59016393442623
05402,05,402,713,239,10,229,139,90,25,214,113,101,33.520336605890606,4.184100418410042,95.81589958158996,58.15899581589959,37.65690376569037,10.460251046025103,89.5397489539749,47.28033472803347,42.25941422594142
05403,05,403,986,349,32,317,169,148,36,313,171,142,35.39553752535497,9.169054441260744,90.83094555873924,48.42406876790831,42.40687679083094,10.315186246418339,89.68481375358166,48.99713467048711,40.68767908309456
05404,05,404,980,338,17,321,208,113,42,296,144,152,34.48979591836735,5.029585798816568,94.97041420118343,61.53846153846154,33.43195266272189,12.42603550295858,87.57396449704143,42.60355029585799,44.97041420118343
05405,05,405,1091,369,24,345,197,148,38,331,156,175,33.82218148487626,6.504065040650407,93.4959349593496,53.387533875338754,40.10840108401084,10.29810298102981,89.70189701897019,42.27642276422765,47.425474254742554
05406,05,406,1109,292,7,285,170,115,14,278,146,132,26.330027051397654,2.3972602739726026,97.6027397260274,58.21917808219178,39.38356164383562,4.794520547945205,95.2054794520548,50.0,45.20547945205479
05407,05,407,981,354,26,328,185,143,38,316,177,139,36.08562691131498,7.344632768361582,92.65536723163842,52.259887005649716,40.3954802259887,10.734463276836157,89.26553672316385,50.0,39.26553672316384
05408,05,408,1046,229,17,212,145,67,36,193,110,83,21.892925430210326,7.423580786026202,92.57641921397381,63.31877729257642,29.257641921397383,15.72052401746725,84.27947598253274,48.03493449781659,36.24454148471616
05409,05,409,1129,389,18,371,234,137,32,357,179,178,34.45527015057573,4.627249357326478,95.37275064267352,60.15424164524421,35.2185089974293,8.226221079691516,91.77377892030847,46.01542416452442,45.75835475578406
05410,05,410,812,219,25,194,114,80,22,197,114,83,26.970443349753694,11.415525114155251,88.58447488584474,52.054794520547944,36.5296803652968,10.045662100456621,89.95433789954338,52.054794520547944,37.89954337899543
05411,05,411,1068,325,20,305,213,92,27,298,158,140,30.430711610486895,6.153846153846154,93.84615384615384,65.53846153846153,28.307692307692307,8.307692307692308,91.6923076923077,48.61538461538461,43.07692307692308
05412,05,412,883,253,30,223,153,70,34,219,123,96,28.652321630804078,11.857707509881422,88.14229249011858,60.47430830039525,27.66798418972332,13.438735177865613,86.56126482213439,48.616600790513836,37.94466403162055
05413,05,413,990,319,32,287,179,108,43,276,143,133,32.22222222222222,10.031347962382444,89.96865203761756,56.112852664576806,33.85579937304075,13.479623824451412,86.52037617554859,44.827586206896555,41.692789968652036
05414,05,414,906,235,27,208,139,69,33,202,103,99,25.938189845474614,11.48936170212766,88.51063829787233,59.148936170212764,29.361702127659573,14.042553191489363,85.95744680851064,43.829787234042556,42.12765957446808
05415,05,415,1442,278,24,254,170,84,40,238,120,118,19.27877947295423,8.633093525179856,91.36690647482014,61.15107913669065,30.215827338129497,14.388489208633093,85.61151079136691,43.16546762589928,42.44604316546763
05416,05,416,1262,359,18,341,206,135,29,330,168,162,28.44690966719493,5.013927576601671,94.98607242339833,57.381615598885794,37.60445682451253,8.07799442896936,91.92200557103064,46.796657381615596,45.12534818941504
05417,05,417,1297,390,15,375,216,159,29,361,178,183,30.06939090208173,3.8461538461538463,96.15384615384616,55.38461538461539,40.76923076923077,7.435897435897436,92.56410256410257,45.64102564102564,46.92307692307692
05418,05,418,922,213,16,197,142,55,40,173,94,79,23.10195227765727,7.511737089201878,92.48826291079813,66.66666666666666,25.821596244131456,18.779342723004692,81.2206572769953,44.13145539906103,37.08920187793427
05419,05,419,1093,262,23,239,152,87,30,232,118,114,23.970722781335773,8.778625954198473,91.22137404580153,58.01526717557252,33.20610687022901,11.450381679389313,88.54961832061069,45.038167938931295,43.51145038167939
05420,05,420,1069,263,27,236,166,70,29,234,131,103,24.60243217960711,10.26615969581749,89.73384030418251,63.11787072243346,26.61596958174905,11.02661596958175,88.97338403041825,49.80988593155893,39.163498098859314
05421,05,421,1472,301,24,277,202,75,15,286,140,146,20.44836956521739,7.973421926910299,92.02657807308971,67.109634551495,24.916943521594686,4.983388704318937,95.01661129568106,46.51162790697674,48.50498338870432
05422,05,422,1221,261,29,232,175,57,28,233,129,104,21.375921375921376,11.11111111111111,88.88888888888889,67.04980842911877,21.839080459770116,10.727969348659004,89.272030651341,49.42528735632184,39.84674329501915
05423,05,423,968,271,7,264,155,109,9,262,153,109,27.99586776859504,2.5830258302583027,97.41697416974169,57.19557195571956,40.22140221402214,3.3210332103321036,96.6789667896679,56.457564575645755,40.22140221402214
05424,05,424,1036,307,22,285,186,99,44,263,146,117,29.633204633204635,7.166123778501629,92.83387622149837,60.586319218241044,32.24755700325733,14.332247557003258,85.66775244299674,47.55700325732899,38.11074918566775
05425,05,425,1265,440,27,413,271,142,43,397,196,201,34.78260869565217,6.136363636363637,93.86363636363636,61.59090909090909,32.27272727272727,9.772727272727273,90.22727272727272,44.54545454545455,45.68181818181819
05426,05,426,1085,347,39,308,174,134,37,310,189,121,31.981566820276498,11.239193083573488,88.76080691642652,50.14409221902017,38.61671469740634,10.662824207492795,89.33717579250721,54.46685878962536,34.87031700288185
05427,05,427,972,205,21,184,122,62,18,187,108,79,21.090534979423868,10.24390243902439,89.75609756097562,59.512195121951216,30.24390243902439,8.780487804878048,91.21951219512195,52.6829268292683,38.53658536585366
05428,05,428,1156,429,39,390,261,129,67,362,168,194,37.11072664359862,9.090909090909092,90.9090909090909,60.83916083916085,30.069930069930066,15.61771561771562,84.38228438228438,39.16083916083916,45.22144522144522
05429,05,429,968,345,14,331,206,125,40,305,135,170,35.64049586776859,4.057971014492753,95.94202898550725,59.710144927536234,36.231884057971016,11.594202898550725,88.40579710144928,39.130434782608695,49.275362318840585
05430,05,430,1061,320,19,301,186,115,15,305,159,146,30.16022620169651,5.9375,94.0625,58.12500000000001,35.9375,4.6875,95.3125,49.6875,45.625
05431,05,431,1100,425,22,403,261,142,44,381,197,184,38.63636363636363,5.176470588235294,94.82352941176471,61.411764705882355,33.411764705882355,10.352941176470589,89.64705882352942,46.35294117647059,43.29411764705882
054A,05,4A,0,511,30,481,278,203,26,485,273,212,inf,5.870841487279844,94.12915851272015,54.40313111545988,39.726027397260275,5.088062622309197,94.9119373776908,53.42465753424658,41.48727984344423
054B,05,4B,0,394,25,369,205,164,31,363,211,152,inf,6.345177664974619,93.65482233502537,52.03045685279187,41.62436548223351,7.868020304568528,92.13197969543148,53.55329949238579,38.578680203045685
054C,05,4C,0,429,9,420,252,168,23,406,254,152,inf,2.097902097902098,97.9020979020979,58.74125874125874,39.16083916083916,5.361305361305361,94.63869463869464,59.20745920745921,35.43123543123543
054D,05,4D,0,405,28,377,247,130,29,376,200,176,inf,6.91358024691358,93.08641975308643,60.98765432098765,32.098765432098766,7.160493827160494,92.8395061728395,49.382716049382715,43.45679012345679
054E,05,4E,0,432,7,425,274,151,11,421,242,179,inf,1.6203703703703702,98.37962962962963,63.42592592592593,34.9537037037037,2.5462962962962963,97.45370370370371,56.018518518518526,41.43518518518518
054F,05,4F,0,412,25,387,207,180,31,381,236,145,inf,6.067961165048544,93.93203883495146,50.24271844660194,43.689320388349515,7.524271844660194,92.47572815533981,57.28155339805825,35.19417475728155
054G,05,4G,0,407,31,376,241,135,42,365,204,161,inf,7.616707616707617,92.38329238329239,59.21375921375921,33.169533169533175,10.319410319410318,89.68058968058969,50.122850122850124,39.55773955773956
054H,05,4H,0,402,27,375,242,133,57,345,218,127,inf,6.7164179104477615,93.28358208955224,60.19900497512438,33.08457711442786,14.17910447761194,85.82089552238806,54.22885572139303,31.592039800995025
05501,05,501,1131,298,17,281,196,85,36,262,113,149,26.348364279398762,5.704697986577181,94.29530201342283,65.77181208053692,28.523489932885905,12.080536912751679,87.91946308724832,37.919463087248324,50.0
05502,05,502,1228,419,27,392,256,136,53,366,185,181,34.12052117263843,6.443914081145586,93.55608591885442,61.09785202863962,32.4582338902148,12.649164677804295,87.3508353221957,44.1527446300716,43.198090692124104
05503,05,503,837,372,31,341,197,144,32,340,170,170,44.44444444444444,8.333333333333332,91.66666666666666,52.956989247311824,38.70967741935484,8.60215053763441,91.39784946236558,45.69892473118279,45.69892473118279
05504,05,504,967,413,22,391,234,157,40,373,164,209,42.709410548086865,5.326876513317192,94.67312348668281,56.65859564164649,38.01452784503632,9.685230024213075,90.31476997578693,39.70944309927361,50.60532687651331
05505,05,505,1123,377,30,347,183,164,41,336,189,147,33.57079252003562,7.957559681697612,92.04244031830238,48.54111405835544,43.50132625994695,10.875331564986737,89.12466843501326,50.132625994694955,38.9920424403183
05506,05,506,1145,493,32,461,271,190,32,461,213,248,43.056768558951966,6.490872210953347,93.50912778904666,54.96957403651116,38.5395537525355,6.490872210953347,93.50912778904666,43.20486815415821,50.30425963488844
05507,05,507,1060,481,37,444,255,189,35,446,225,221,45.37735849056604,7.6923076923076925,92.3076923076923,53.01455301455301,39.2931392931393,7.276507276507277,92.72349272349273,46.77754677754678,45.94594594594595
05508,05,508,938,422,33,389,234,155,42,380,161,219,44.989339019189764,7.819905213270142,92.18009478672985,55.45023696682464,36.72985781990521,9.95260663507109,90.04739336492891,38.15165876777251,51.8957345971564
05509,05,509,917,268,18,250,161,89,17,251,114,137,29.225736095965104,6.7164179104477615,93.28358208955224,60.07462686567165,33.2089552238806,6.343283582089552,93.65671641791045,42.53731343283582,51.11940298507462
05510,05,510,985,418,34,384,234,150,37,381,191,190,42.43654822335025,8.133971291866029,91.86602870813397,55.980861244019145,35.88516746411483,8.851674641148326,91.14832535885168,45.69377990430622,45.45454545454545
05511,05,511,953,380,28,352,219,133,35,345,153,192,39.874081846799584,7.368421052631578,92.63157894736842,57.631578947368425,35.0,9.210526315789473,90.78947368421053,40.26315789473684,50.526315789473685
05512,05,512,952,364,7,357,194,163,7,357,175,182,38.23529411764706,1.9230769230769231,98.07692307692307,53.2967032967033,44.78021978021978,1.9230769230769231,98.07692307692307,48.07692307692308,50.0
05513,05,513,1763,865,41,824,463,361,62,803,423,380,49.06409529211571,4.7398843930635834,95.26011560693641,53.52601156069364,41.73410404624278,7.167630057803469,92.83236994219654,48.90173410404624,43.93063583815029
05514,05,514,1178,211,16,195,124,71,30,181,112,69,17.911714770797964,7.5829383886255926,92.41706161137441,58.767772511848335,33.649289099526065,14.218009478672986,85.78199052132702,53.08056872037915,32.70142180094787
05515,05,515,1094,415,48,367,207,160,53,362,233,129,37.93418647166362,11.566265060240964,88.43373493975903,49.87951807228916,38.55421686746988,12.771084337349398,87.2289156626506,56.144578313253014,31.08433734939759
05516,05,516,1181,508,46,462,300,162,51,457,219,238,43.01439458086367,9.05511811023622,90.94488188976378,59.055118110236215,31.88976377952756,10.039370078740157,89.96062992125984,43.110236220472444,46.8503937007874
05517,05,517,1074,322,28,294,183,111,36,286,154,132,29.981378026070765,8.695652173913043,91.30434782608695,56.83229813664597,34.47204968944099,11.180124223602485,88.81987577639751,47.82608695652174,40.993788819875775
05518,05,518,913,398,31,367,224,143,31,367,184,183,43.59255202628697,7.788944723618091,92.21105527638191,56.28140703517588,35.92964824120603,7.788944723618091,92.21105527638191,46.231155778894475,45.97989949748744
05519,05,519,1105,329,42,287,170,117,40,289,165,124,29.773755656108598,12.76595744680851,87.2340425531915,51.671732522796354,35.56231003039514,12.158054711246201,87.84194528875379,50.15197568389058,37.68996960486322
05520,05,520,1297,346,37,309,213,96,27,319,176,143,26.676946800308404,10.69364161849711,89.30635838150289,61.5606936416185,27.74566473988439,7.803468208092486,92.1965317919075,50.86705202312138,41.32947976878613
05521,05,521,818,125,13,112,81,31,18,107,67,40,15.28117359413203,10.4,89.60000000000001,64.8,24.8,14.399999999999999,85.6,53.6,32.0
05522,05,522,1035,432,43,389,237,152,45,387,186,201,41.73913043478261,9.953703703703704,90.04629629629629,54.861111111111114,35.18518518518518,10.416666666666668,89.58333333333334,43.05555555555556,46.52777777777778
05523,05,523,841,324,24,300,196,104,31,293,135,158,38.525564803805,7.4074074074074066,92.5925925925926,60.49382716049383,32.098765432098766,9.5679012345679,90.4320987654321,41.66666666666667,48.76543209876543
05524,05,524,1030,480,37,443,257,186,39,441,226,215,46.601941747572816,7.708333333333334,92.29166666666667,53.541666666666664,38.75,8.125,91.875,47.083333333333336,44.79166666666667
05525,05,525,862,393,29,364,220,144,34,359,183,176,45.59164733178655,7.37913486005089,92.6208651399491,55.97964376590331,36.6412213740458,8.651399491094146,91.34860050890585,46.56488549618321,44.783715012722645
05526,05,526,1189,390,32,358,210,148,29,361,198,163,32.80067283431455,8.205128205128204,91.7948717948718,53.84615384615385,37.94871794871795,7.435897435897436,92.56410256410257,50.76923076923077,41.794871794871796
05527,05,527,785,80,8,72,53,19,13,67,37,30,10.191082802547772,10.0,90.0,66.25,23.75,16.25,83.75,46.25,37.5
05528,05,528,941,395,36,359,240,119,42,353,154,199,41.976620616365565,9.113924050632912,90.88607594936708,60.75949367088608,30.126582278481013,10.632911392405063,89.36708860759494,38.9873417721519,50.37974683544304
05529,05,529,914,360,24,336,199,137,29,331,156,175,39.38730853391685,6.666666666666667,93.33333333333333,55.27777777777778,38.05555555555556,8.055555555555555,91.94444444444444,43.333333333333336,48.61111111111111
05530,05,530,1090,314,31,283,198,85,53,261,129,132,28.807339449541285,9.872611464968154,90.12738853503186,63.05732484076433,27.070063694267514,16.878980891719745,83.12101910828027,41.082802547770704,42.038216560509554
05531,05,531,1309,233,0,233,143,90,20,213,118,95,17.79984721161192,0.0,100.0,61.37339055793991,38.62660944206009,8.583690987124463,91.41630901287554,50.64377682403433,40.772532188841204
055A,05,5A,0,514,47,467,294,173,60,454,253,201,inf,9.14396887159533,90.85603112840467,57.19844357976653,33.65758754863813,11.673151750972762,88.32684824902724,49.221789883268485,39.10505836575876
055B,05,5B,0,361,30,331,202,129,38,323,189,134,inf,8.310249307479225,91.68975069252078,55.95567867036011,35.73407202216066,10.526315789473683,89.47368421052632,52.35457063711911,37.119113573407205
055C,05,5C,0,503,47,456,294,162,62,441,241,200,inf,9.343936381709742,90.65606361829026,58.4493041749503,32.20675944333996,12.326043737574553,87.67395626242545,47.912524850894634,39.761431411530815
055D,05,5D,0,611,54,557,296,261,45,566,352,214,inf,8.8379705400982,91.1620294599018,48.44517184942717,42.716857610474634,7.3649754500818325,92.63502454991817,57.61047463175123,35.02454991816694
055E,05,5E,0,380,8,372,199,173,9,371,203,168,inf,2.1052631578947367,97.89473684210527,52.368421052631575,45.526315789473685,2.368421052631579,97.63157894736842,53.421052631578945,44.21052631578947
055F,05,5F,0,479,32,447,244,203,26,453,260,193,inf,6.6805845511482245,93.31941544885177,50.939457202505224,42.379958246346554,5.427974947807933,94.57202505219206,54.27974947807933,40.292275574112736
055G,05,5G,0,492,33,459,238,221,36,456,283,173,inf,6.707317073170732,93.29268292682927,48.3739837398374,44.918699186991866,7.317073170731707,92.6829268292683,57.52032520325203,35.16260162601626
055H,05,5H,0,533,49,484,278,206,43,490,286,204,inf,9.193245778611631,90.80675422138836,52.15759849906192,38.649155722326455,8.067542213883677,91.93245778611632,53.65853658536586,38.27392120075047
055I,05,5I,0,401,28,373,195,178,21,380,213,167,inf,6.982543640897755,93.01745635910224,48.6284289276808,44.38902743142145,5.236907730673317,94.76309226932669,53.11720698254364,41.64588528678304
055J,05,5J,0,481,31,450,257,193,38,443,255,188,inf,6.4449064449064455,93.55509355509356,53.43035343035343,40.12474012474013,7.900207900207901,92.0997920997921,53.01455301455301,39.08523908523909
06101,06,101,1878,778,38,740,465,275,50,728,312,416,41.42705005324814,4.884318766066838,95.11568123393316,59.768637532133674,35.347043701799485,6.426735218508997,93.573264781491,40.102827763496144,53.470437017994854
06102,06,102,1781,659,38,621,408,213,54,605,266,339,37.00168444693992,5.7663125948406675,94.23368740515933,61.91198786039453,32.32169954476479,8.19423368740516,91.80576631259484,40.36418816388468,51.441578148710164
06103,06,103,1804,655,34,621,450,171,50,605,233,372,36.308203991130824,5.190839694656488,94.80916030534351,68.70229007633588,26.106870229007633,7.633587786259542,92.36641221374046,35.57251908396947,56.79389312977099
06104,06,104,1944,828,40,788,561,227,66,762,251,511,42.592592592592595,4.830917874396135,95.16908212560386,67.7536231884058,27.415458937198068,7.971014492753622,92.02898550724638,30.31400966183575,61.71497584541063
06105,06,105,1610,578,29,549,395,154,44,534,191,343,35.900621118012424,5.017301038062284,94.98269896193771,68.33910034602077,26.643598615916954,7.612456747404845,92.38754325259517,33.04498269896194,59.34256055363322
06106,06,106,1693,659,24,635,462,173,46,613,213,400,38.92498523331365,3.6418816388467374,96.35811836115326,70.10622154779969,26.251896813353564,6.980273141122914,93.01972685887708,32.32169954476479,60.69802731411229
06107,06,107,1874,735,32,703,505,198,81,654,245,409,39.22091782283885,4.353741496598639,95.64625850340136,68.70748299319727,26.93877551020408,11.020408163265307,88.9795918367347,33.33333333333333,55.646258503401356
06108,06,108,1898,755,38,717,447,270,67,688,288,400,39.778714436248684,5.033112582781457,94.96688741721854,59.205298013245034,35.76158940397351,8.874172185430464,91.12582781456953,38.145695364238414,52.980132450331126
06109,06,109,1906,735,28,707,484,223,48,687,449,238,38.562434417628545,3.8095238095238098,96.19047619047619,65.85034013605441,30.34013605442177,6.530612244897959,93.46938775510203,61.08843537414966,32.38095238095238
06110,06,110,1879,777,29,748,508,240,51,726,279,447,41.35178286322512,3.7323037323037322,96.26769626769627,65.37966537966537,30.888030888030887,6.563706563706563,93.43629343629344,35.907335907335906,57.52895752895753
06111,06,111,1929,741,32,709,527,182,76,665,273,392,38.41368584758943,4.318488529014845,95.68151147098516,71.12010796221323,24.561403508771928,10.256410256410255,89.74358974358975,36.84210526315789,52.90148448043185
06112,06,112,1672,636,37,599,407,192,56,580,234,346,38.038277511961724,5.817610062893082,94.18238993710692,63.9937106918239,30.18867924528302,8.80503144654088,91.19496855345912,36.79245283018868,54.40251572327044
06113,06,113,1836,517,28,489,355,134,40,477,173,304,28.15904139433551,5.415860735009671,94.58413926499033,68.66537717601547,25.918762088974855,7.7369439071566735,92.26305609284333,33.46228239845261,58.80077369439072
06114,06,114,1872,723,41,682,450,232,54,669,248,421,38.621794871794876,5.670816044260028,94.32918395573996,62.24066390041494,32.088520055325034,7.468879668049793,92.5311203319502,34.3015214384509,58.229598893499315
06115,06,115,1598,541,38,503,360,143,45,496,188,308,33.85481852315394,7.024029574861368,92.97597042513863,66.54343807763401,26.432532347504623,8.317929759704251,91.68207024029574,34.750462107208875,56.931608133086876
06116,06,116,1968,773,33,740,525,215,63,710,267,443,39.27845528455284,4.269081500646831,95.73091849935317,67.91720569210867,27.8137128072445,8.15006468305304,91.84993531694697,34.54075032341527,57.309184993531694
06117,06,117,1773,614,15,599,401,198,38,576,234,342,34.63056965595037,2.44299674267101,97.55700325732899,65.30944625407166,32.24755700325733,6.188925081433225,93.81107491856677,38.11074918566775,55.700325732899024
06118,06,118,1772,709,28,681,469,212,64,645,235,410,40.011286681715575,3.9492242595204514,96.05077574047954,66.14950634696756,29.90126939351199,9.026798307475318,90.97320169252468,33.14527503526093,57.82792665726375
061A,06,1A,0,833,67,766,457,309,74,759,418,341,inf,8.043217286914766,91.95678271308523,54.86194477791116,37.09483793517407,8.883553421368548,91.11644657863145,50.18007202881153,40.936374549819924
061B,06,1B,0,802,37,765,491,274,92,710,357,353,inf,4.613466334164588,95.38653366583542,61.22194513715711,34.1645885286783,11.471321695760599,88.5286783042394,44.51371571072319,44.01496259351621
061C,06,1C,0,618,21,597,436,161,44,574,236,338,inf,3.3980582524271843,96.60194174757282,70.55016181229773,26.051779935275082,7.119741100323624,92.88025889967638,38.18770226537217,54.69255663430421
061D,06,1D,0,515,29,486,349,137,51,464,209,255,inf,5.631067961165048,94.36893203883496,67.76699029126215,26.601941747572816,9.902912621359224,90.09708737864077,40.58252427184466,49.51456310679612
061E,06,1E,0,550,31,519,366,153,38,512,225,287,inf,5.636363636363637,94.36363636363636,66.54545454545455,27.81818181818182,6.909090909090909,93.0909090909091,40.909090909090914,52.18181818181819
061F,06,1F,0,504,28,476,322,154,29,475,227,248,inf,5.555555555555555,94.44444444444444,63.888888888888886,30.555555555555557,5.753968253968254,94.24603174603175,45.03968253968254,49.2063492063492
061G,06,1G,0,722,43,679,436,243,58,664,309,355,inf,5.955678670360111,94.04432132963989,60.387811634349035,33.65650969529086,8.033240997229916,91.96675900277008,42.797783933518005,49.16897506925208
061H,06,1H,0,649,36,613,418,195,58,591,273,318,inf,5.546995377503852,94.45300462249615,64.40677966101694,30.0462249614792,8.936825885978427,91.06317411402158,42.06471494607088,48.99845916795069
061I,06,1I,0,764,38,726,448,278,67,697,357,340,inf,4.973821989528796,95.02617801047121,58.63874345549738,36.38743455497382,8.769633507853403,91.2303664921466,46.72774869109947,44.50261780104712
06201,06,201,1784,761,33,728,540,188,53,708,247,461,42.656950672645735,4.336399474375821,95.66360052562418,70.9592641261498,24.704336399474375,6.964520367936925,93.03547963206307,32.45729303547964,60.578186596583436
06202,06,202,1729,585,36,549,406,143,45,540,226,314,33.83458646616541,6.153846153846154,93.84615384615384,69.4017094017094,24.444444444444443,7.6923076923076925,92.3076923076923,38.63247863247864,53.675213675213676
06203,06,203,1860,647,33,614,431,183,53,594,210,384,34.784946236559136,5.1004636785162285,94.89953632148377,66.61514683153014,28.284389489953632,8.191653786707882,91.80834621329211,32.45749613601237,59.35085007727975
06204,06,204,1638,682,27,655,446,209,38,644,245,399,41.63614163614164,3.9589442815249267,96.04105571847508,65.39589442815249,30.64516129032258,5.571847507331378,94.42815249266863,35.92375366568915,58.504398826979475
06205,06,205,1729,578,25,553,400,153,51,527,202,325,33.42972816657027,4.325259515570934,95.67474048442907,69.20415224913495,26.47058823529412,8.823529411764707,91.17647058823529,34.94809688581315,56.22837370242214
06206,06,206,1621,622,42,580,383,197,51,571,229,342,38.37137569401604,6.752411575562702,93.2475884244373,61.575562700964625,31.672025723472668,8.19935691318328,91.80064308681672,36.81672025723473,54.983922829581985
06207,06,207,1525,430,19,411,311,100,40,390,142,248,28.196721311475407,4.4186046511627906,95.5813953488372,72.32558139534883,23.25581395348837,9.30232558139535,90.69767441860465,33.02325581395349,57.674418604651166
06208,06,208,1558,492,30,462,333,129,44,448,172,276,31.57894736842105,6.097560975609756,93.90243902439023,67.6829268292683,26.21951219512195,8.94308943089431,91.05691056910568,34.959349593495936,56.09756097560976
06209,06,209,1916,621,28,593,394,199,45,576,242,334,32.41127348643006,4.508856682769726,95.49114331723028,63.44605475040258,32.045088566827694,7.246376811594203,92.7536231884058,38.969404186795494,53.7842190016103
06210,06,210,1732,622,31,591,415,176,51,571,227,344,35.91224018475751,4.983922829581994,95.01607717041801,66.72025723472669,28.29581993569132,8.19935691318328,91.80064308681672,36.4951768488746,55.30546623794213
06211,06,211,1706,552,35,517,372,145,54,498,182,316,32.35638921453693,6.340579710144928,93.65942028985508,67.3913043478261,26.268115942028984,9.782608695652174,90.21739130434783,32.971014492753625,57.2463768115942
06212,06,212,1890,618,24,594,430,164,43,575,213,362,32.698412698412696,3.8834951456310676,96.11650485436894,69.57928802588997,26.537216828478964,6.957928802588997,93.042071197411,34.46601941747573,58.57605177993528
06213,06,213,2081,715,20,695,524,171,47,668,235,433,34.35848149927919,2.797202797202797,97.2027972027972,73.2867132867133,23.916083916083917,6.573426573426573,93.42657342657343,32.86713286713287,60.55944055944056
06214,06,214,1956,745,39,706,525,181,63,682,237,445,38.0879345603272,5.23489932885906,94.76510067114094,70.46979865771812,24.295302013422816,8.456375838926174,91.54362416107382,31.812080536912752,59.73154362416108
06215,06,215,1709,582,35,547,391,156,41,541,206,335,34.05500292568754,6.013745704467354,93.98625429553265,67.18213058419244,26.804123711340207,7.0446735395189,92.9553264604811,35.39518900343643,57.56013745704467
06216,06,216,1680,554,26,528,379,149,37,517,185,332,32.976190476190474,4.693140794223827,95.30685920577618,68.41155234657039,26.895306859205775,6.678700361010831,93.32129963898917,33.39350180505416,59.92779783393502
06217,06,217,1949,887,35,852,586,266,56,831,311,520,45.51051821446896,3.9458850056369785,96.05411499436303,66.06538895152198,29.988726042841034,6.313416009019165,93.68658399098084,35.062006764374296,58.62457722660653
06218,06,218,1632,495,29,466,323,143,57,438,191,247,30.330882352941174,5.858585858585859,94.14141414141413,65.25252525252525,28.888888888888886,11.515151515151516,88.48484848484848,38.58585858585858,49.898989898989896
062A,06,2A,0,657,38,619,419,200,50,607,282,325,inf,5.78386605783866,94.21613394216133,63.77473363774734,30.441400304414003,7.610350076103501,92.3896499238965,42.922374429223744,49.467275494672755
062B,06,2B,0,554,41,513,351,162,42,512,253,259,inf,7.400722021660649,92.59927797833934,63.35740072202166,29.24187725631769,7.581227436823104,92.4187725631769,45.667870036101085,46.75090252707581
062C,06,2C,0,498,37,461,282,179,36,462,222,240,inf,7.429718875502007,92.570281124498,56.62650602409639,35.9437751004016,7.228915662650602,92.7710843373494,44.57831325301205,48.19277108433735
062D,06,2D,0,549,42,507,330,177,54,495,246,249,inf,7.650273224043716,92.34972677595628,60.10928961748634,32.240437158469945,9.836065573770492,90.1639344262295,44.80874316939891,45.3551912568306
062E,06,2E,0,587,55,532,358,174,57,530,275,255,inf,9.369676320272573,90.63032367972743,60.98807495741057,29.642248722316864,9.710391822827939,90.28960817717207,46.84838160136286,43.441226575809196
062F,06,2F,0,528,32,496,339,157,43,485,232,253,inf,6.0606060606060606,93.93939393939394,64.20454545454545,29.734848484848484,8.143939393939394,91.85606060606061,43.93939393939394,47.91666666666667
062G,06,2G,0,754,53,701,461,240,61,693,331,362,inf,7.029177718832891,92.9708222811671,61.14058355437666,31.830238726790448,8.090185676392574,91.90981432360743,43.89920424403183,48.01061007957559
062H,06,2H,0,605,43,562,402,160,39,566,260,306,inf,7.107438016528926,92.89256198347108,66.44628099173553,26.446280991735538,6.446280991735537,93.55371900826445,42.97520661157025,50.57851239669422
062I,06,2I,0,534,38,496,341,155,40,494,235,259,inf,7.116104868913857,92.88389513108615,63.857677902621724,29.026217228464418,7.490636704119851,92.50936329588015,44.00749063670412,48.50187265917603
06301,06,301,1724,731,29,702,467,235,65,666,278,388,42.40139211136891,3.9671682626538987,96.0328317373461,63.88508891928865,32.14774281805746,8.891928864569083,91.10807113543092,38.03009575923393,53.077975376196996
06302,06,302,1744,751,40,711,432,279,50,701,299,402,43.06192660550459,5.326231691078561,94.67376830892144,57.52330226364847,37.150466045272964,6.657789613848203,93.3422103861518,39.81358189081225,53.52862849533955
06303,06,303,1834,747,44,703,477,226,47,700,283,417,40.730643402399124,5.8902275769745644,94.10977242302543,63.85542168674698,30.254350736278447,6.291834002677376,93.70816599732262,37.88487282463186,55.82329317269076
06304,06,304,1859,923,50,873,537,336,79,844,353,491,49.65034965034965,5.417118093174431,94.58288190682556,58.179848320693395,36.403033586132175,8.559046587215601,91.4409534127844,38.24485373781148,53.19609967497292
06305,06,305,1653,697,35,662,444,218,54,643,242,401,42.16575922565033,5.0215208034433285,94.97847919655668,63.701578192252505,31.276901004304158,7.747489239598278,92.25251076040172,34.720229555236735,57.53228120516499
06306,06,306,1878,745,48,697,433,264,60,685,283,402,39.66986155484558,6.442953020134229,93.55704697986577,58.12080536912752,35.43624161073826,8.053691275167784,91.94630872483222,37.986577181208055,53.95973154362416
06307,06,307,1699,597,50,547,343,204,59,538,259,279,35.13831665685698,8.375209380234507,91.62479061976549,57.45393634840871,34.17085427135678,9.882747068676718,90.11725293132329,43.383584589614735,46.733668341708544
06308,06,308,1778,749,48,701,438,263,54,695,292,403,42.125984251968504,6.408544726301736,93.59145527369826,58.47797062750334,35.11348464619493,7.209612817089453,92.79038718291055,38.98531375166889,53.80507343124166
06309,06,309,1806,769,57,712,457,255,61,708,327,381,42.580287929125134,7.412223667100131,92.58777633289988,59.427828348504555,33.159947984395316,7.932379713914174,92.06762028608583,42.52275682704811,49.544863459037714
06310,06,310,1753,749,50,699,478,221,70,679,239,440,42.72675413576726,6.675567423230974,93.32443257676903,63.81842456608812,29.506008010680908,9.345794392523365,90.65420560747664,31.90921228304406,58.744993324432585
06311,06,311,1640,624,47,577,389,188,50,574,243,331,38.048780487804876,7.532051282051282,92.46794871794873,62.33974358974359,30.128205128205128,8.012820512820513,91.98717948717949,38.94230769230769,53.044871794871796
06312,06,312,1905,863,58,805,457,348,64,799,320,479,45.3018372703412,6.720741599073002,93.279258400927,52.954808806489,40.32444959443801,7.415990730011587,92.58400926998841,37.07995365005794,55.50405561993047
06313,06,313,1658,607,30,577,357,220,39,568,264,304,36.61037394451146,4.942339373970346,95.05766062602964,58.81383855024712,36.24382207578254,6.425041186161449,93.57495881383855,43.49258649093905,50.0823723228995
06314,06,314,2101,843,48,795,474,321,49,794,367,427,40.123750594954785,5.6939501779359425,94.30604982206405,56.22775800711744,38.07829181494662,5.812574139976276,94.18742586002372,43.53499406880189,50.65243179122183
06315,06,315,1617,668,36,632,398,234,55,613,258,355,41.31106988249845,5.389221556886228,94.61077844311377,59.58083832335329,35.029940119760475,8.233532934131736,91.76646706586826,38.622754491017965,53.1437125748503
06316,06,316,1962,761,53,708,480,228,84,677,287,390,38.786952089704386,6.964520367936925,93.03547963206307,63.074901445466494,29.96057818659658,11.038107752956636,88.96189224704337,37.713534822601844,51.24835742444153
06317,06,317,1915,587,25,562,381,181,52,535,239,296,30.652741514360315,4.258943781942079,95.74105621805792,64.90630323679727,30.83475298126065,8.858603066439523,91.14139693356049,40.71550255536627,50.4258943781942
06318,06,318,2084,668,39,629,437,192,53,615,244,371,32.05374280230326,5.838323353293413,94.16167664670658,65.41916167664671,28.74251497005988,7.934131736526946,92.06586826347305,36.52694610778443,55.53892215568862
063A,06,3A,0,739,41,698,436,262,67,672,360,312,inf,5.548037889039242,94.45196211096076,58.99864682002707,35.453315290933695,9.066305818673884,90.93369418132612,48.714479025710425,42.2192151556157
063B,06,3B,0,650,48,602,370,232,50,600,314,286,inf,7.384615384615385,92.61538461538461,56.92307692307692,35.69230769230769,7.6923076923076925,92.3076923076923,48.30769230769231,44.0
063C,06,3C,0,632,40,592,338,254,47,585,322,263,inf,6.329113924050633,93.67088607594937,53.48101265822785,40.189873417721515,7.436708860759493,92.5632911392405,50.9493670886076,41.61392405063291
063D,06,3D,0,812,42,770,455,315,99,713,353,360,inf,5.172413793103448,94.82758620689656,56.03448275862068,38.793103448275865,12.192118226600986,87.807881773399,43.47290640394089,44.33497536945813
063E,06,3E,0,701,44,657,389,268,46,655,368,287,inf,6.276747503566334,93.72325249643366,55.49215406562055,38.23109843081313,6.562054208273895,93.43794579172611,52.49643366619116,40.94151212553495
063F,06,3F,0,572,38,534,374,160,49,523,280,243,inf,6.643356643356643,93.35664335664336,65.38461538461539,27.972027972027973,8.566433566433567,91.43356643356644,48.95104895104895,42.48251748251749
063G,06,3G,0,835,73,762,454,308,104,731,421,310,inf,8.742514970059881,91.25748502994013,54.37125748502994,36.88622754491018,12.455089820359282,87.54491017964072,50.41916167664671,37.12574850299401
063H,06,3H,0,773,44,729,420,309,74,699,393,306,inf,5.692108667529108,94.30789133247089,54.33376455368693,39.974126778783955,9.573091849935317,90.42690815006468,50.840879689521344,39.58602846054334
063I,06,3I,0,850,59,791,453,338,58,792,447,345,inf,6.9411764705882355,93.05882352941175,53.294117647058826,39.76470588235294,6.8235294117647065,93.17647058823529,52.588235294117645,40.588235294117645
06401,06,401,2096,876,52,824,524,300,80,796,364,432,41.79389312977099,5.93607305936073,94.06392694063926,59.817351598173516,34.24657534246575,9.1324200913242,90.8675799086758,41.55251141552511,49.31506849315068
06402,06,402,1531,601,47,554,375,179,82,519,240,279,39.25538863487916,7.820299500831947,92.17970049916805,62.39600665557404,29.783693843594012,13.643926788685523,86.35607321131448,39.93344425956739,46.422628951747086
06403,06,403,1751,580,42,538,359,179,61,519,209,310,33.12392918332382,7.241379310344828,92.75862068965517,61.89655172413793,30.862068965517242,10.517241379310345,89.48275862068965,36.03448275862069,53.44827586206896
06404,06,404,1941,782,51,731,469,262,68,714,308,406,40.28851107676456,6.521739130434782,93.47826086956522,59.974424552429674,33.50383631713555,8.695652173913043,91.30434782608695,39.38618925831202,51.91815856777494
06405,06,405,1750,788,47,741,467,274,66,722,319,403,45.02857142857143,5.964467005076142,94.03553299492386,59.263959390862944,34.77157360406091,8.375634517766498,91.6243654822335,40.48223350253807,51.14213197969543
06406,06,406,1902,711,27,684,482,202,63,648,247,401,37.381703470031546,3.79746835443038,96.20253164556962,67.79184247538677,28.41068917018284,8.860759493670885,91.13924050632912,34.73980309423347,56.399437412095644
06407,06,407,1996,677,48,629,443,186,72,605,250,355,33.91783567134269,7.0901033973412115,92.90989660265879,65.4357459379616,27.474150664697195,10.635155096011816,89.36484490398819,36.92762186115214,52.437223042836045
06408,06,408,1782,739,39,700,445,255,52,687,285,402,41.470258136924805,5.2774018944519625,94.72259810554804,60.216508795669824,34.50608930987821,7.036535859269283,92.96346414073072,38.56562922868741,54.397834912043294
06409,06,409,1856,520,15,505,341,164,44,476,198,278,28.01724137931034,2.8846153846153846,97.11538461538461,65.57692307692308,31.538461538461537,8.461538461538462,91.53846153846153,38.07692307692307,53.46153846153846
06410,06,410,1696,523,35,488,329,159,38,485,212,273,30.837264150943394,6.692160611854685,93.30783938814533,62.90630975143403,30.401529636711285,7.265774378585086,92.73422562141491,40.53537284894838,52.198852772466545
06411,06,411,1650,574,36,538,352,186,60,514,232,282,34.78787878787879,6.2717770034843205,93.72822299651567,61.32404181184668,32.40418118466899,10.452961672473867,89.54703832752612,40.41811846689895,49.12891986062718
06412,06,412,1610,665,48,617,405,212,60,605,265,340,41.30434782608695,7.218045112781955,92.78195488721805,60.902255639097746,31.879699248120303,9.022556390977442,90.97744360902256,39.849624060150376,51.127819548872175
06413,06,413,1823,561,46,515,332,183,57,504,251,253,30.773450356555127,8.19964349376114,91.80035650623886,59.180035650623886,32.62032085561498,10.16042780748663,89.83957219251337,44.741532976827095,45.09803921568628
06414,06,414,1662,400,47,353,236,117,51,349,203,146,24.067388688327316,11.75,88.25,59.0,29.25,12.75,87.25,50.74999999999999,36.5
06415,06,415,1645,441,26,415,288,127,48,393,188,205,26.80851063829787,5.895691609977324,94.10430839002267,65.3061224489796,28.798185941043087,10.884353741496598,89.1156462585034,42.63038548752834,46.48526077097506
06416,06,416,1793,672,45,627,406,221,48,624,353,271,37.479085331846065,6.696428571428571,93.30357142857143,60.416666666666664,32.88690476190476,7.142857142857142,92.85714285714286,52.529761904761905,40.327380952380956
06417,06,417,1683,706,32,674,423,251,54,652,290,362,41.948900772430186,4.53257790368272,95.46742209631728,59.915014164305944,35.552407932011334,7.64872521246459,92.3512747875354,41.07648725212464,51.27478753541076
064A,06,4A,0,594,44,550,334,216,49,545,297,248,inf,7.4074074074074066,92.5925925925926,56.22895622895623,36.36363636363637,8.24915824915825,91.75084175084174,50.0,41.75084175084175
064B,06,4B,0,640,49,591,382,209,46,594,290,304,inf,7.656250000000001,92.34375,59.68750000000001,32.65625,7.187499999999999,92.8125,45.3125,47.5
064C,06,4C,0,687,51,636,408,228,46,641,335,306,inf,7.423580786026202,92.57641921397381,59.388646288209614,33.18777292576419,6.695778748180495,93.30422125181951,48.7627365356623,44.54148471615721
064D,06,4D,0,583,42,541,333,208,43,540,291,249,inf,7.204116638078903,92.7958833619211,57.11835334476844,35.67753001715266,7.375643224699828,92.62435677530017,49.914236706689536,42.710120068610635
064E,06,4E,0,705,55,650,387,263,35,670,367,303,inf,7.801418439716312,92.19858156028369,54.8936170212766,37.30496453900709,4.964539007092199,95.0354609929078,52.05673758865248,42.97872340425532
064F,06,4F,0,629,57,572,332,240,70,559,302,257,inf,9.062003179650238,90.93799682034977,52.78219395866455,38.15580286168522,11.128775834658187,88.87122416534181,48.012718600953896,40.85850556438791
064G,06,4G,0,633,43,590,381,209,64,569,295,274,inf,6.79304897314376,93.20695102685625,60.18957345971564,33.0173775671406,10.110584518167457,89.88941548183254,46.60347551342812,43.28593996840443
064H,06,4H,0,610,43,567,342,225,43,567,310,257,inf,7.049180327868852,92.95081967213115,56.0655737704918,36.885245901639344,7.049180327868852,92.95081967213115,50.81967213114754,42.131147540983605
06501,06,501,1712,590,29,561,362,199,60,530,232,298,34.46261682242991,4.915254237288136,95.08474576271186,61.35593220338983,33.728813559322035,10.16949152542373,89.83050847457628,39.32203389830509,50.50847457627119
06502,06,502,1649,569,38,531,378,153,63,506,211,295,34.50576106731352,6.6783831282952555,93.32161687170475,66.4323374340949,26.889279437609844,11.072056239015819,88.92794376098419,37.08260105448154,51.84534270650264
06503,06,503,1378,463,21,442,301,141,45,418,171,247,33.599419448476056,4.535637149028078,95.46436285097192,65.01079913606912,30.45356371490281,9.719222462203025,90.28077753779698,36.933045356371494,53.34773218142549
06504,06,504,1560,577,38,539,335,204,46,531,250,281,36.98717948717949,6.5857885615251295,93.41421143847487,58.05892547660312,35.35528596187175,7.9722703639514725,92.02772963604853,43.327556325823224,48.7001733102253
06505,06,505,1911,791,61,730,460,270,83,708,339,369,41.39194139194139,7.711757269279393,92.28824273072061,58.15423514538559,34.13400758533502,10.493046776232617,89.50695322376738,42.857142857142854,46.64981036662453
06506,06,506,1714,506,20,486,337,149,40,466,178,288,29.52158693115519,3.9525691699604746,96.04743083003953,66.600790513834,29.446640316205535,7.905138339920949,92.09486166007905,35.177865612648226,56.916996047430835
06507,06,507,1671,572,35,537,398,139,60,512,204,308,34.230999401555955,6.118881118881119,93.88111888111888,69.58041958041959,24.3006993006993,10.48951048951049,89.5104895104895,35.66433566433567,53.84615384615385
06508,06,508,1856,542,35,507,383,124,47,495,190,305,29.20258620689655,6.4575645756457565,93.54243542435424,70.66420664206642,22.878228782287824,8.671586715867159,91.32841328413284,35.05535055350554,56.27306273062731
06509,06,509,1788,597,37,560,389,171,57,540,222,318,33.38926174496644,6.197654941373535,93.80234505862647,65.15912897822446,28.643216080402013,9.547738693467336,90.45226130653266,37.185929648241206,53.266331658291456
06510,06,510,1914,717,31,686,495,191,59,658,248,410,37.460815047021946,4.323570432357044,95.67642956764296,69.0376569037657,26.638772663877262,8.228730822873082,91.77126917712691,34.58856345885635,57.182705718270576
06511,06,511,1578,564,51,513,321,192,62,502,178,324,35.741444866920155,9.042553191489363,90.95744680851064,56.91489361702128,34.04255319148936,10.99290780141844,89.00709219858156,31.560283687943265,57.446808510638306
06512,06,512,1660,448,24,424,323,101,40,408,236,172,26.987951807228917,5.357142857142857,94.64285714285714,72.09821428571429,22.544642857142858,8.928571428571429,91.07142857142857,52.67857142857143,38.392857142857146
06513,06,513,1994,641,46,595,417,178,72,569,235,334,32.14643931795386,7.17628705148206,92.82371294851795,65.05460218408736,27.769110764430575,11.23244929797192,88.76755070202809,36.661466458658346,52.106084243369736
06514,06,514,1703,722,41,681,459,222,50,672,285,387,42.39577216676453,5.678670360110803,94.3213296398892,63.57340720221607,30.747922437673132,6.9252077562326875,93.07479224376732,39.473684210526315,53.601108033241
06515,06,515,1629,675,30,645,417,228,51,624,316,308,41.43646408839779,4.444444444444445,95.55555555555556,61.77777777777778,33.77777777777778,7.555555555555555,92.44444444444444,46.81481481481482,45.62962962962963
06516,06,516,1842,390,19,371,281,90,39,351,129,222,21.172638436482085,4.871794871794872,95.12820512820512,72.05128205128204,23.076923076923077,10.0,90.0,33.07692307692307,56.92307692307692
06517,06,517,1705,380,14,366,275,91,28,352,121,231,22.28739002932551,3.684210526315789,96.3157894736842,72.36842105263158,23.94736842105263,7.368421052631578,92.63157894736842,31.842105263157894,60.78947368421053
06518,06,518,1689,479,40,439,307,132,45,434,194,240,28.35997631734754,8.350730688935283,91.64926931106471,64.09185803757829,27.55741127348643,9.394572025052192,90.6054279749478,40.50104384133611,50.10438413361169
065A,06,5A,0,574,31,543,336,207,48,526,273,253,inf,5.400696864111499,94.5993031358885,58.536585365853654,36.062717770034844,8.362369337979095,91.63763066202091,47.5609756097561,44.076655052264805
065B,06,5B,0,709,58,651,384,267,63,646,353,293,inf,8.180535966149506,91.8194640338505,54.160789844851905,37.65867418899859,8.885754583921015,91.11424541607899,49.78843441466855,41.32581100141044
065C,06,5C,0,414,17,397,276,121,38,376,192,184,inf,4.1062801932367154,95.89371980676329,66.66666666666666,29.227053140096622,9.178743961352657,90.82125603864735,46.3768115942029,44.44444444444444
065D,06,5D,0,626,39,587,415,172,52,574,293,281,inf,6.230031948881789,93.76996805111821,66.29392971246007,27.47603833865815,8.30670926517572,91.69329073482429,46.80511182108626,44.88817891373802
065E,06,5E,0,578,23,555,360,195,48,530,256,274,inf,3.9792387543252596,96.02076124567473,62.28373702422145,33.73702422145329,8.304498269896193,91.6955017301038,44.29065743944637,47.40484429065744
065F,06,5F,0,406,25,381,273,108,38,368,216,152,inf,6.157635467980295,93.8423645320197,67.24137931034483,26.60098522167488,9.35960591133005,90.64039408866995,53.20197044334976,37.4384236453202
065G,06,5G,0,538,42,496,368,128,60,478,239,239,inf,7.806691449814126,92.19330855018588,68.40148698884758,23.79182156133829,11.152416356877323,88.84758364312268,44.42379182156134,44.42379182156134
065H,06,5H,0,603,36,567,361,206,49,554,315,239,inf,5.970149253731343,94.02985074626866,59.86733001658375,34.16252072968491,8.12603648424544,91.87396351575457,52.23880597014925,39.63515754560531
065I,06,5I,0,360,21,339,221,118,24,336,175,161,inf,5.833333333333333,94.16666666666667,61.38888888888889,32.77777777777778,6.666666666666667,93.33333333333333,48.61111111111111,44.72222222222222
06601,06,601,1397,532,26,506,325,181,39,493,197,296,38.08160343593415,4.887218045112782,95.11278195488721,61.09022556390977,34.02255639097744,7.330827067669173,92.66917293233082,37.03007518796993,55.639097744360896
06602,06,602,1550,696,35,661,467,194,75,621,246,375,44.903225806451616,5.028735632183908,94.97126436781609,67.09770114942529,27.873563218390807,10.775862068965516,89.22413793103449,35.3448275862069,53.879310344827594
06603,06,603,1495,584,38,546,366,180,58,526,207,319,39.063545150501675,6.506849315068493,93.4931506849315,62.671232876712324,30.82191780821918,9.931506849315069,90.06849315068493,35.44520547945205,54.62328767123288
06604,06,604,1812,823,45,778,547,231,80,743,246,497,45.41942604856512,5.467800729040097,94.53219927095991,66.46415552855407,28.068043742405834,9.720534629404618,90.27946537059537,29.890643985419196,60.388821385176186
06605,06,605,1504,661,24,637,397,240,44,617,262,355,43.94946808510639,3.6308623298033282,96.36913767019666,60.06051437216339,36.30862329803328,6.656580937972769,93.34341906202724,39.636913767019664,53.70650529500757
06606,06,606,1402,510,30,480,288,192,42,468,234,234,36.37660485021398,5.88235294117647,94.11764705882352,56.470588235294116,37.64705882352941,8.235294117647058,91.76470588235294,45.88235294117647,45.88235294117647
06607,06,607,1573,625,31,594,318,276,45,580,270,310,39.73299427844882,4.96,95.04,50.88,44.16,7.199999999999999,92.80000000000001,43.2,49.6
06608,06,608,1557,560,33,527,339,188,41,519,224,295,35.966602440590876,5.892857142857142,94.10714285714286,60.535714285714285,33.57142857142857,7.321428571428572,92.67857142857143,40.0,52.67857142857143
06609,06,609,1752,745,55,690,391,299,48,697,329,368,42.52283105022831,7.38255033557047,92.61744966442953,52.48322147651007,40.13422818791946,6.442953020134229,93.55704697986577,44.16107382550336,49.395973154362416
06610,06,610,1174,501,20,481,292,189,34,467,209,258,42.674616695059626,3.992015968063872,96.00798403193613,58.28343313373253,37.72455089820359,6.786427145708583,93.21357285429141,41.71656686626746,51.49700598802395
06611,06,611,1526,601,33,568,371,197,61,540,232,308,39.38401048492792,5.490848585690515,94.50915141430949,61.73044925124792,32.77870216306156,10.149750415973378,89.85024958402661,38.60232945091514,51.24792013311148
06612,06,612,1829,716,42,674,448,226,69,647,276,371,39.147074904319304,5.865921787709497,94.1340782122905,62.56983240223464,31.564245810055862,9.636871508379889,90.36312849162012,38.547486033519554,51.81564245810056
06613,06,613,1688,778,47,731,435,296,48,730,298,432,46.09004739336493,6.041131105398458,93.95886889460155,55.91259640102828,38.04627249357326,6.169665809768637,93.83033419023135,38.303341902313626,55.52699228791774
06614,06,614,1787,685,21,664,415,249,46,639,247,392,38.33240067151651,3.065693430656934,96.93430656934306,60.58394160583942,36.35036496350365,6.715328467153285,93.28467153284672,36.05839416058394,57.22627737226277
06615,06,615,1792,579,30,549,398,151,51,528,192,336,32.310267857142854,5.181347150259067,94.81865284974094,68.73920552677029,26.07944732297064,8.808290155440414,91.19170984455958,33.160621761658035,58.03108808290155
06616,06,616,1675,663,41,622,416,206,64,599,271,328,39.582089552238806,6.184012066365008,93.81598793363499,62.745098039215684,31.070889894419306,9.653092006033184,90.34690799396682,40.874811463046754,49.47209653092006
06617,06,617,1748,740,64,676,443,233,105,635,345,290,42.33409610983982,8.64864864864865,91.35135135135135,59.86486486486486,31.486486486486488,14.18918918918919,85.8108108108108,46.62162162162162,39.189189189189186
06618,06,618,1732,617,33,584,395,189,52,565,228,337,35.62355658198614,5.348460291734198,94.6515397082658,64.0194489465154,30.63209076175041,8.427876823338735,91.57212317666126,36.95299837925446,54.619124797406805
06619,06,619,1460,620,26,594,405,189,54,566,218,348,42.465753424657535,4.193548387096775,95.80645161290322,65.32258064516128,30.483870967741932,8.709677419354838,91.29032258064517,35.16129032258065,56.12903225806451
066A,06,6A,0,649,54,595,362,233,60,589,309,280,inf,8.320493066255779,91.67950693374422,55.77812018489985,35.901386748844374,9.244992295839753,90.75500770416025,47.61171032357473,43.143297380585516
066B,06,6B,0,602,48,554,350,204,67,535,265,270,inf,7.973421926910299,92.02657807308971,58.139534883720934,33.88704318936877,11.129568106312291,88.87043189368771,44.01993355481728,44.85049833887043
066C,06,6C,0,696,43,653,411,242,68,628,320,308,inf,6.17816091954023,93.82183908045977,59.05172413793104,34.770114942528735,9.770114942528735,90.22988505747126,45.97701149425287,44.252873563218394
066D,06,6D,0,761,91,670,414,256,90,671,373,298,inf,11.957950065703022,88.04204993429697,54.402102496714846,33.63994743758213,11.826544021024969,88.17345597897503,49.01445466491459,39.15900131406045
066E,06,6E,0,696,45,651,417,234,72,624,321,303,inf,6.4655172413793105,93.53448275862068,59.91379310344828,33.62068965517241,10.344827586206897,89.65517241379311,46.12068965517241,43.53448275862069
066F,06,6F,0,756,57,699,441,258,70,686,361,325,inf,7.5396825396825395,92.46031746031747,58.333333333333336,34.12698412698413,9.25925925925926,90.74074074074075,47.75132275132275,42.98941798941799
066G,06,6G,0,592,50,542,350,192,66,526,258,268,inf,8.445945945945946,91.55405405405406,59.12162162162162,32.432432432432435,11.14864864864865,88.85135135135135,43.58108108108108,45.27027027027027
066H,06,6H,0,701,54,647,410,237,66,635,327,308,inf,7.703281027104136,92.29671897289586,58.48787446504993,33.80884450784593,9.4151212553495,90.5848787446505,46.64764621968616,43.93723252496434
066I,06,6I,0,1043,70,973,527,446,73,970,569,401,inf,6.7114093959731544,93.28859060402685,50.52732502396932,42.761265580057525,6.999041227229147,93.00095877277086,54.554170661553215,38.446788111217636
06701,06,701,1597,688,40,648,377,271,48,640,311,329,43.08077645585473,5.813953488372093,94.18604651162791,54.79651162790697,39.38953488372093,6.976744186046512,93.02325581395348,45.20348837209303,47.81976744186046
06702,06,702,1916,753,57,696,449,247,79,674,313,361,39.300626304801675,7.569721115537849,92.43027888446214,59.62815405046481,32.80212483399734,10.49136786188579,89.50863213811421,41.56706507304117,47.941567065073045
06703,06,703,1285,521,30,491,280,211,53,468,227,241,40.54474708171206,5.758157389635317,94.24184261036469,53.74280230326296,40.49904030710173,10.17274472168906,89.82725527831093,43.5700575815739,46.257197696737045
06704,06,704,1484,570,42,528,303,225,45,525,272,253,38.40970350404312,7.368421052631578,92.63157894736842,53.1578947368421,39.473684210526315,7.894736842105263,92.10526315789474,47.719298245614034,44.3859649122807
06705,06,705,1491,486,22,464,277,187,43,443,211,232,32.59557344064387,4.526748971193416,95.47325102880659,56.99588477366255,38.477366255144034,8.847736625514404,91.1522633744856,43.415637860082306,47.73662551440329
06706,06,706,1745,736,46,690,383,307,62,674,322,352,42.17765042979943,6.25,93.75,52.03804347826087,41.71195652173913,8.423913043478262,91.57608695652173,43.75,47.82608695652174
06707,06,707,1758,752,40,712,427,285,50,702,299,403,42.77588168373151,5.319148936170213,94.68085106382979,56.78191489361703,37.898936170212764,6.648936170212766,93.35106382978722,39.76063829787234,53.590425531914896
06708,06,708,1391,565,41,524,355,169,54,511,217,294,40.61826024442847,7.256637168141593,92.7433628318584,62.83185840707964,29.911504424778762,9.557522123893806,90.4424778761062,38.4070796460177,52.03539823008849
06709,06,709,1759,720,85,635,382,253,59,661,310,351,40.93234792495736,11.805555555555555,88.19444444444444,53.05555555555556,35.138888888888886,8.194444444444445,91.80555555555556,43.05555555555556,48.75
06710,06,710,1750,587,30,557,335,222,62,525,238,287,33.542857142857144,5.110732538330494,94.8892674616695,57.06984667802385,37.819420783645654,10.562180579216355,89.43781942078365,40.54514480408859,48.89267461669506
06711,06,711,1660,708,41,667,397,270,58,650,300,350,42.65060240963855,5.790960451977401,94.2090395480226,56.07344632768362,38.13559322033898,8.192090395480225,91.80790960451978,42.3728813559322,49.43502824858757
06712,06,712,1640,744,42,702,436,266,61,683,298,385,45.36585365853659,5.64516129032258,94.35483870967742,58.602150537634415,35.752688172043015,8.198924731182796,91.8010752688172,40.053763440860216,51.747311827956985
06713,06,713,1585,654,34,620,381,239,62,592,242,350,41.261829652996845,5.198776758409786,94.80122324159022,58.256880733944946,36.54434250764526,9.480122324159021,90.51987767584097,37.00305810397553,53.51681957186545
06714,06,714,1294,522,23,499,317,182,42,480,216,264,40.34003091190108,4.406130268199234,95.59386973180077,60.727969348659,34.86590038314176,8.045977011494253,91.95402298850574,41.37931034482759,50.57471264367817
06715,06,715,1480,576,47,529,311,218,34,542,244,298,38.91891891891892,8.159722222222223,91.84027777777779,53.99305555555556,37.84722222222222,5.902777777777778,94.09722222222221,42.36111111111111,51.736111111111114
06716,06,716,1356,612,32,580,338,242,54,558,262,296,45.13274336283185,5.228758169934641,94.77124183006535,55.22875816993464,39.54248366013072,8.823529411764707,91.17647058823529,42.810457516339866,48.36601307189542
06717,06,717,1233,543,27,516,345,171,54,489,201,288,44.038929440389296,4.972375690607735,95.02762430939227,63.53591160220995,31.491712707182316,9.94475138121547,90.05524861878453,37.01657458563536,53.03867403314917
06718,06,718,1895,765,59,706,444,262,73,692,304,388,40.369393139841684,7.712418300653595,92.2875816993464,58.03921568627452,34.248366013071895,9.542483660130719,90.45751633986929,39.73856209150327,50.71895424836601
06719,06,719,1713,668,35,633,435,198,60,608,232,376,38.99591360186807,5.239520958083832,94.76047904191617,65.11976047904191,29.64071856287425,8.982035928143713,91.01796407185628,34.73053892215569,56.287425149700596
067A,06,7A,0,562,39,523,297,226,40,522,279,243,inf,6.93950177935943,93.06049822064057,52.84697508896797,40.213523131672595,7.11743772241993,92.88256227758008,49.644128113879006,43.238434163701065
067B,06,7B,0,692,58,634,359,275,61,631,359,272,inf,8.38150289017341,91.61849710982659,51.87861271676301,39.73988439306358,8.815028901734104,91.1849710982659,51.87861271676301,39.30635838150289
067C,06,7C,0,654,69,585,376,209,55,599,304,295,inf,10.550458715596331,89.44954128440367,57.49235474006116,31.95718654434251,8.409785932721713,91.59021406727828,46.48318042813456,45.10703363914373
067D,06,7D,0,952,76,876,530,346,88,864,455,409,inf,7.9831932773109235,92.01680672268907,55.67226890756303,36.344537815126046,9.243697478991598,90.75630252100841,47.794117647058826,42.962184873949575
067E,06,7E,0,634,51,583,338,245,50,584,322,262,inf,8.04416403785489,91.9558359621451,53.31230283911672,38.64353312302839,7.886435331230284,92.11356466876973,50.78864353312302,41.32492113564668
067F,06,7F,0,648,42,606,375,231,55,593,320,273,inf,6.481481481481481,93.51851851851852,57.870370370370374,35.648148148148145,8.487654320987655,91.51234567901234,49.382716049382715,42.129629629629626
067G,06,7G,0,868,87,781,473,308,88,780,416,364,inf,10.023041474654377,89.97695852534562,54.493087557603694,35.483870967741936,10.138248847926267,89.86175115207374,47.926267281105986,41.935483870967744
067H,06,7H,0,923,67,856,509,347,71,852,461,391,inf,7.258938244853738,92.74106175514626,55.146262188515706,37.594799566630556,7.6923076923076925,92.3076923076923,49.945828819068254,42.36186348862405
067I,06,7I,0,730,56,674,417,257,71,659,345,314,inf,7.671232876712329,92.32876712328768,57.12328767123288,35.205479452054796,9.726027397260275,90.27397260273973,47.26027397260274,43.013698630136986
07101,07,101,1835,497,41,456,285,171,54,443,214,229,27.084468664850135,8.249496981891348,91.75050301810866,57.3440643863179,34.40643863179074,10.865191146881289,89.13480885311871,43.05835010060362,46.076458752515094
07102,07,102,1888,508,23,485,308,177,44,464,196,268,26.906779661016948,4.52755905511811,95.47244094488188,60.629921259842526,34.84251968503937,8.661417322834646,91.33858267716536,38.582677165354326,52.75590551181102
07103,07,103,1900,662,42,620,465,155,64,598,203,395,34.8421052631579,6.3444108761329305,93.65558912386706,70.2416918429003,23.413897280966765,9.667673716012084,90.33232628398792,30.664652567975832,59.66767371601208
07104,07,104,1801,594,13,581,447,134,46,548,177,371,32.98167684619656,2.1885521885521886,97.81144781144782,75.25252525252525,22.55892255892256,7.744107744107744,92.25589225589226,29.797979797979796,62.45791245791246
07105,07,105,1943,716,42,674,412,262,54,662,309,353,36.8502316006176,5.865921787709497,94.1340782122905,57.54189944134078,36.592178770949715,7.5418994413407825,92.45810055865921,43.15642458100559,49.30167597765363
07106,07,106,1688,648,28,620,439,181,41,607,208,399,38.388625592417064,4.320987654320987,95.67901234567901,67.74691358024691,27.9320987654321,6.327160493827161,93.67283950617285,32.098765432098766,61.57407407407407
07107,07,107,1757,757,34,723,526,197,56,701,226,475,43.08480364257257,4.491413474240423,95.50858652575957,69.48480845442536,26.023778071334213,7.397622192866579,92.60237780713342,29.854689564068693,62.74768824306472
07108,07,108,1726,609,13,596,457,139,36,573,167,406,35.283893395133255,2.134646962233169,97.86535303776684,75.04105090311987,22.824302134646963,5.911330049261084,94.08866995073892,27.42200328407225,66.66666666666666
07109,07,109,1881,782,43,739,458,281,57,725,320,405,41.57363104731526,5.498721227621484,94.50127877237851,58.567774936061376,35.933503836317136,7.289002557544758,92.71099744245525,40.92071611253197,51.790281329923275
07110,07,110,2097,789,41,748,520,228,81,708,285,423,37.625178826895564,5.196451204055767,94.80354879594424,65.90621039290241,28.89733840304182,10.26615969581749,89.73384030418251,36.12167300380228,53.61216730038023
07111,07,111,1762,764,29,735,515,220,50,714,255,459,43.35981838819523,3.7958115183246073,96.20418848167539,67.40837696335078,28.79581151832461,6.544502617801047,93.45549738219894,33.37696335078534,60.07853403141361
07112,07,112,1937,805,26,779,573,206,45,760,240,520,41.55911202891069,3.229813664596273,96.77018633540374,71.18012422360248,25.59006211180124,5.590062111801243,94.40993788819875,29.81366459627329,64.59627329192547
07113,07,113,1905,769,28,741,547,194,47,722,233,489,40.36745406824147,3.6410923276983094,96.35890767230168,71.13133940182055,25.227568270481143,6.11183355006502,93.88816644993499,30.299089726918076,63.5890767230169
07114,07,114,2053,730,31,699,463,236,40,690,283,407,35.55772040915733,4.2465753424657535,95.75342465753425,63.42465753424658,32.32876712328767,5.47945205479452,94.52054794520548,38.76712328767123,55.75342465753425
07115,07,115,1948,690,29,661,471,190,51,639,239,400,35.42094455852156,4.202898550724638,95.79710144927536,68.26086956521739,27.536231884057973,7.391304347826087,92.6086956521739,34.63768115942029,57.971014492753625
071A,07,1A,0,616,31,585,337,248,42,574,327,247,inf,5.032467532467533,94.96753246753246,54.7077922077922,40.25974025974026,6.8181818181818175,93.18181818181817,53.08441558441559,40.0974025974026
071B,07,1B,0,451,15,436,309,127,37,414,172,242,inf,3.325942350332594,96.67405764966742,68.51441241685144,28.159645232815965,8.2039911308204,91.7960088691796,38.13747228381374,53.65853658536586
071C,07,1C,0,578,19,559,405,154,41,537,226,311,inf,3.2871972318339098,96.7128027681661,70.06920415224913,26.643598615916954,7.093425605536333,92.90657439446368,39.10034602076124,53.806228373702425
071D,07,1D,0,656,64,592,401,191,76,580,263,317,inf,9.75609756097561,90.2439024390244,61.12804878048781,29.115853658536583,11.585365853658537,88.41463414634147,40.09146341463415,48.323170731707314
071E,07,1E,0,689,32,657,359,298,49,640,348,292,inf,4.644412191582003,95.355587808418,52.1044992743106,43.2510885341074,7.111756168359943,92.88824383164005,50.50798258345428,42.380261248185775
071F,07,1F,0,820,44,776,478,298,64,756,364,392,inf,5.365853658536586,94.6341463414634,58.292682926829265,36.34146341463415,7.804878048780488,92.19512195121952,44.390243902439025,47.80487804878049
071G,07,1G,0,603,27,576,384,192,42,561,251,310,inf,4.477611940298507,95.52238805970148,63.681592039801,31.8407960199005,6.965174129353234,93.03482587064677,41.625207296849084,51.40961857379768
071H,07,1H,0,447,20,427,300,127,26,421,161,260,inf,4.47427293064877,95.52572706935123,67.11409395973155,28.41163310961969,5.8165548098434,94.1834451901566,36.017897091722595,58.16554809843401
07201,07,201,1913,850,48,802,531,271,59,791,317,474,44.43282801881861,5.647058823529412,94.35294117647058,62.47058823529412,31.88235294117647,6.9411764705882355,93.05882352941175,37.29411764705882,55.76470588235294
07202,07,202,2021,937,25,912,669,243,65,872,235,637,46.36318654131618,2.6680896478121667,97.33191035218783,71.39807897545357,25.933831376734258,6.937033084311634,93.06296691568838,25.080042689434368,67.982924226254
07203,07,203,1931,800,21,779,605,174,42,758,184,574,41.429311237700674,2.625,97.375,75.625,21.75,5.25,94.75,23.0,71.75
07204,07,204,1729,672,27,645,489,156,54,618,190,428,38.8663967611336,4.017857142857143,95.98214285714286,72.76785714285714,23.214285714285715,8.035714285714286,91.96428571428571,28.273809523809522,63.69047619047619
07205,07,205,1772,737,16,721,596,125,43,694,158,536,41.59142212189616,2.1709633649932156,97.82903663500679,80.86838534599728,16.960651289009498,5.834464043419267,94.16553595658074,21.438263229308006,72.72727272727273
07206,07,206,1952,772,22,750,557,193,58,714,249,465,39.549180327868854,2.849740932642487,97.15025906735751,72.15025906735751,25.0,7.512953367875648,92.48704663212435,32.25388601036269,60.23316062176166
07207,07,207,1927,753,35,718,486,232,68,685,282,403,39.07628437986507,4.648074369189907,95.3519256308101,64.5418326693227,30.810092961487385,9.03054448871182,90.96945551128817,37.45019920318725,53.51925630810093
07208,07,208,1810,641,31,610,434,176,41,600,204,396,35.414364640883974,4.83619344773791,95.16380655226209,67.70670826833073,27.45709828393136,6.3962558502340086,93.60374414976599,31.825273010920434,61.77847113884556
07209,07,209,2038,714,35,679,524,155,45,669,208,461,35.03434739941119,4.901960784313726,95.09803921568627,73.38935574229691,21.708683473389357,6.302521008403361,93.69747899159664,29.13165266106443,64.56582633053222
07210,07,210,1762,680,13,667,537,130,44,636,150,486,38.592508513053346,1.911764705882353,98.08823529411764,78.97058823529412,19.11764705882353,6.470588235294119,93.52941176470588,22.058823529411764,71.47058823529412
07211,07,211,2084,853,14,839,645,194,47,806,180,626,40.93090211132437,1.6412661195779603,98.35873388042205,75.61547479484173,22.743259085580306,5.509964830011723,94.49003516998827,21.101992966002346,73.38804220398593
07212,07,212,2075,932,32,900,736,164,52,880,186,694,44.915662650602414,3.4334763948497855,96.56652360515021,78.96995708154506,17.59656652360515,5.579399141630901,94.4206008583691,19.95708154506438,74.46351931330472
07213,07,213,2073,910,25,885,719,166,46,864,207,657,43.89773275446213,2.7472527472527473,97.25274725274726,79.01098901098901,18.24175824175824,5.054945054945055,94.94505494505493,22.747252747252748,72.19780219780219
07214,07,214,2068,749,25,724,563,161,55,694,195,499,36.21856866537718,3.337783711615487,96.66221628838451,75.16688918558077,21.49532710280374,7.343124165554073,92.65687583444593,26.034712950600802,66.62216288384512
07215,07,215,1442,682,17,665,549,116,28,654,129,525,47.295423023578365,2.4926686217008798,97.50733137829913,80.49853372434018,17.008797653958943,4.105571847507331,95.89442815249268,18.914956011730204,76.97947214076247
072A,07,2A,0,812,33,779,557,222,50,762,282,480,inf,4.064039408866995,95.93596059113301,68.59605911330048,27.339901477832512,6.157635467980295,93.8423645320197,34.72906403940887,59.11330049261084
072B,07,2B,0,725,16,709,531,178,57,668,238,430,inf,2.206896551724138,97.79310344827586,73.24137931034483,24.551724137931036,7.862068965517241,92.13793103448276,32.827586206896555,59.310344827586206
072C,07,2C,0,497,17,480,357,123,49,448,160,288,inf,3.420523138832998,96.579476861167,71.83098591549296,24.748490945674046,9.859154929577464,90.14084507042254,32.19315895372233,57.947686116700204
072D,07,2D,0,735,19,716,571,145,47,688,181,507,inf,2.585034013605442,97.41496598639455,77.68707482993197,19.727891156462583,6.394557823129252,93.60544217687075,24.625850340136054,68.9795918367347
072E,07,2E,0,559,20,539,416,123,29,530,159,371,inf,3.5778175313059033,96.42218246869409,74.4186046511628,22.003577817531305,5.18783542039356,94.81216457960645,28.44364937388193,66.3685152057245
072F,07,2F,0,712,49,663,439,224,73,639,285,354,inf,6.882022471910113,93.1179775280899,61.65730337078652,31.46067415730337,10.252808988764045,89.74719101123596,40.02808988764045,49.71910112359551
072G,07,2G,0,661,31,630,468,162,38,623,236,387,inf,4.689863842662632,95.31013615733737,70.80181543116491,24.508320726172467,5.748865355521937,94.25113464447806,35.703479576399396,58.54765506807866
072H,07,2H,0,288,8,280,219,61,20,268,83,185,inf,2.7777777777777777,97.22222222222221,76.04166666666666,21.180555555555554,6.944444444444445,93.05555555555556,28.819444444444443,64.23611111111111
07301,07,301,2013,917,34,883,663,220,85,832,252,580,45.55389965226031,3.707742639040349,96.29225736095965,72.30098146128681,23.991275899672846,9.269356597600872,90.73064340239912,27.480916030534353,63.24972737186477
07302,07,302,1789,898,21,877,603,274,49,849,269,580,50.19564002235886,2.338530066815145,97.66146993318485,67.14922048997772,30.51224944320713,5.456570155902004,94.54342984409799,29.955456570155903,64.58797327394208
07303,07,303,1730,783,34,749,504,245,62,721,254,467,45.26011560693642,4.342273307790549,95.65772669220945,64.36781609195403,31.28991060025543,7.918263090676884,92.08173690932313,32.43933588761175,59.642401021711365
07304,07,304,1971,759,40,719,527,192,68,691,237,454,38.50837138508371,5.270092226613966,94.72990777338603,69.433465085639,25.296442687747035,8.959156785243742,91.04084321475626,31.225296442687743,59.81554677206851
07305,07,305,1830,822,27,795,565,230,61,761,235,526,44.91803278688525,3.2846715328467155,96.71532846715328,68.73479318734793,27.980535279805352,7.420924574209247,92.57907542579076,28.588807785888076,63.990267639902676
07306,07,306,1736,801,38,763,493,270,54,747,282,465,46.1405529953917,4.7440699126092385,95.25593008739077,61.54806491885143,33.70786516853933,6.741573033707865,93.25842696629213,35.2059925093633,58.052434456928836
07307,07,307,1876,798,33,765,501,264,54,744,273,471,42.53731343283582,4.135338345864661,95.86466165413535,62.78195488721805,33.08270676691729,6.7669172932330826,93.23308270676691,34.21052631578947,59.02255639097744
07308,07,308,1709,741,33,708,486,222,56,685,241,444,43.358689291983616,4.4534412955465585,95.54655870445345,65.58704453441295,29.959514170040485,7.557354925775979,92.44264507422402,32.523616734143054,59.91902834008097
07309,07,309,1646,809,47,762,555,207,70,739,267,472,49.149453219927096,5.80964153275649,94.19035846724351,68.60321384425217,25.58714462299135,8.65265760197775,91.34734239802225,33.00370828182942,58.34363411619283
07310,07,310,1841,798,22,776,546,230,54,744,251,493,43.346007604562736,2.756892230576441,97.24310776942356,68.42105263157895,28.82205513784461,6.7669172932330826,93.23308270676691,31.453634085213032,61.77944862155389
07311,07,311,1707,794,28,766,559,207,53,741,233,508,46.51435266549502,3.5264483627204033,96.4735516372796,70.40302267002518,26.070528967254408,6.675062972292191,93.3249370277078,29.345088161209066,63.97984886649874
07312,07,312,1836,774,22,752,544,208,44,730,246,484,42.15686274509804,2.842377260981912,97.1576227390181,70.28423772609818,26.873385012919897,5.684754521963824,94.31524547803618,31.782945736434108,62.532299741602074
07313,07,313,1819,819,26,793,463,330,53,766,269,497,45.024738867509626,3.1746031746031744,96.82539682539682,56.53235653235653,40.29304029304029,6.471306471306472,93.52869352869352,32.84493284493284,60.68376068376068
07314,07,314,1690,756,47,709,510,199,58,698,242,456,44.73372781065088,6.216931216931217,93.78306878306879,67.46031746031747,26.322751322751326,7.671957671957672,92.32804232804233,32.01058201058201,60.317460317460316
07315,07,315,2149,923,33,890,663,227,71,852,263,589,42.9502093997208,3.5752979414951245,96.42470205850488,71.83098591549296,24.593716143011918,7.6923076923076925,92.3076923076923,28.494041170097507,63.813651137594796
07316,07,316,2070,696,39,657,498,159,56,640,218,422,33.6231884057971,5.603448275862069,94.39655172413794,71.55172413793103,22.844827586206897,8.045977011494253,91.95402298850574,31.321839080459768,60.63218390804598
073A,07,3A,0,673,29,644,439,205,57,616,260,356,inf,4.3090638930163445,95.69093610698366,65.23031203566121,30.460624071322435,8.469539375928678,91.53046062407132,38.632986627043095,52.897473997028236
073B,07,3B,0,633,28,605,425,180,43,590,262,328,inf,4.423380726698262,95.57661927330173,67.14060031595577,28.436018957345972,6.79304897314376,93.20695102685625,41.39020537124802,51.81674565560821
073C,07,3C,0,744,32,712,477,235,68,676,295,381,inf,4.301075268817205,95.6989247311828,64.11290322580645,31.586021505376344,9.13978494623656,90.86021505376344,39.6505376344086,51.20967741935484
073D,07,3D,0,735,39,696,487,209,63,672,311,361,inf,5.3061224489795915,94.6938775510204,66.25850340136054,28.435374149659864,8.571428571428571,91.42857142857143,42.31292517006803,49.1156462585034
073E,07,3E,0,722,44,678,435,243,67,655,303,352,inf,6.094182825484765,93.90581717451524,60.24930747922438,33.65650969529086,9.279778393351801,90.7202216066482,41.96675900277008,48.75346260387812
073F,07,3F,0,617,22,595,434,161,44,573,214,359,inf,3.565640194489465,96.43435980551054,70.34035656401944,26.094003241491087,7.13128038897893,92.86871961102106,34.6839546191248,58.18476499189627
073G,07,3G,0,624,35,589,422,167,48,576,239,337,inf,5.6089743589743595,94.39102564102564,67.62820512820514,26.76282051282051,7.6923076923076925,92.3076923076923,38.30128205128205,54.006410256410255
073H,07,3H,0,603,29,574,427,147,51,552,212,340,inf,4.809286898839138,95.19071310116087,70.81260364842454,24.378109452736318,8.45771144278607,91.54228855721394,35.1575456053068,56.38474295190713
07401,07,401,1979,595,24,571,436,135,45,550,205,345,30.06568974229409,4.033613445378151,95.96638655462185,73.27731092436974,22.689075630252102,7.563025210084033,92.43697478991596,34.45378151260504,57.98319327731093
07402,07,402,1749,772,20,752,616,136,37,735,166,569,44.13950829045169,2.5906735751295336,97.40932642487047,79.79274611398964,17.616580310880828,4.792746113989637,95.20725388601036,21.502590673575128,73.70466321243524
07403,07,403,1662,761,23,738,600,138,42,719,556,163,45.788206979542714,3.0223390275952693,96.97766097240473,78.84362680683311,18.134034165571617,5.519053876478318,94.48094612352168,73.06176084099869,21.419185282522996
07404,07,404,1614,638,24,614,505,109,48,590,141,449,39.529120198265176,3.761755485893417,96.23824451410658,79.15360501567397,17.0846394984326,7.523510971786834,92.47648902821317,22.10031347962382,70.37617554858933
07405,07,405,2054,891,16,875,729,146,45,846,159,687,43.37877312560857,1.7957351290684627,98.20426487093154,81.81818181818183,16.38608305274972,5.05050505050505,94.94949494949495,17.845117845117844,77.10437710437711
07406,07,406,2064,829,32,797,637,160,47,782,193,589,40.16472868217054,3.8600723763570564,96.13992762364293,76.83956574185767,19.300361881785282,5.669481302774427,94.33051869722557,23.2810615199035,71.04945717732207
07407,07,407,2176,1033,16,1017,868,149,32,1001,153,848,47.47242647058824,1.5488867376573088,98.45111326234269,84.027105517909,14.42400774443369,3.0977734753146176,96.90222652468539,14.811229428848016,82.09099709583737
07408,07,408,1976,778,19,759,608,151,60,718,170,548,39.37246963562753,2.442159383033419,97.55784061696659,78.1491002570694,19.408740359897173,7.712082262210797,92.2879177377892,21.85089974293059,70.4370179948586
07409,07,409,1821,856,15,841,757,84,49,807,78,729,47.00713893465129,1.7523364485981308,98.24766355140187,88.43457943925233,9.813084112149532,5.724299065420561,94.27570093457945,9.11214953271028,85.16355140186917
07410,07,410,2289,759,43,716,546,170,70,689,239,450,33.158584534731325,5.665349143610013,94.33465085638998,71.93675889328063,22.397891963109355,9.22266139657444,90.77733860342556,31.488801054018445,59.28853754940712
07411,07,411,1717,533,11,522,445,77,42,491,96,395,31.042516016307513,2.0637898686679175,97.93621013133207,83.48968105065666,14.446529080675422,7.879924953095685,92.12007504690432,18.01125703564728,74.10881801125704
07412,07,412,1858,641,22,619,530,89,51,590,116,474,34.4994617868676,3.43213728549142,96.56786271450858,82.68330733229328,13.884555382215288,7.956318252730108,92.04368174726989,18.096723868954758,73.94695787831513
07413,07,413,1825,864,19,845,688,157,52,812,177,635,47.342465753424655,2.199074074074074,97.80092592592592,79.62962962962963,18.171296296296298,6.018518518518518,93.98148148148148,20.48611111111111,73.49537037037037
07414,07,414,1984,750,31,719,569,150,40,710,169,541,37.80241935483871,4.133333333333333,95.86666666666666,75.86666666666667,20.0,5.333333333333334,94.66666666666667,22.53333333333333,72.13333333333334
07415,07,415,2086,728,25,703,566,137,44,684,204,480,34.899328859060404,3.4340659340659343,96.56593406593407,77.74725274725274,18.818681318681318,6.043956043956044,93.95604395604396,28.021978021978022,65.93406593406593
07416,07,416,2184,618,19,599,496,103,43,575,144,431,28.296703296703296,3.074433656957929,96.92556634304206,80.2588996763754,16.666666666666664,6.957928802588997,93.042071197411,23.300970873786408,69.7411003236246
074A,07,4A,0,566,37,529,404,125,54,512,187,325,inf,6.5371024734982335,93.46289752650176,71.37809187279152,22.084805653710244,9.540636042402827,90.45936395759718,33.03886925795053,57.42049469964664
074B,07,4B,0,510,1,509,410,99,12,498,146,352,inf,0.19607843137254902,99.80392156862746,80.3921568627451,19.411764705882355,2.3529411764705883,97.6470588235294,28.627450980392155,69.01960784313725
074C,07,4C,0,671,30,641,502,139,45,626,191,435,inf,4.470938897168406,95.52906110283159,74.81371087928464,20.715350223546945,6.7064083457526085,93.2935916542474,28.46497764530551,64.82861400894187
074D,07,4D,0,930,17,913,761,152,61,869,184,685,inf,1.827956989247312,98.17204301075269,81.82795698924731,16.344086021505376,6.559139784946237,93.44086021505376,19.78494623655914,73.65591397849462
074E,07,4E,0,549,20,529,441,88,55,494,125,369,inf,3.642987249544627,96.35701275045537,80.32786885245902,16.029143897996356,10.018214936247723,89.98178506375227,22.768670309653917,67.21311475409836
074F,07,4F,0,541,31,510,370,140,44,497,197,300,inf,5.730129390018484,94.26987060998152,68.39186691312385,25.87800369685767,8.133086876155268,91.86691312384472,36.41404805914972,55.45286506469501
074G,07,4G,0,710,29,681,518,163,58,652,535,117,inf,4.084507042253521,95.91549295774648,72.95774647887325,22.95774647887324,8.169014084507042,91.83098591549296,75.35211267605634,16.47887323943662
074H,07,4H,0,742,38,704,533,171,76,666,244,422,inf,5.121293800539084,94.87870619946092,71.83288409703505,23.045822102425877,10.242587601078167,89.75741239892183,32.88409703504043,56.8733153638814
07501,07,501,1681,597,26,571,445,126,40,557,163,394,35.5145746579417,4.355108877721943,95.64489112227805,74.5393634840871,21.105527638190953,6.700167504187604,93.2998324958124,27.30318257956449,65.9966499162479
07502,07,502,2296,825,36,789,646,143,74,751,203,548,35.93205574912892,4.363636363636364,95.63636363636364,78.30303030303031,17.333333333333336,8.969696969696969,91.03030303030303,24.606060606060606,66.42424242424242
07503,07,503,1931,750,34,716,577,139,60,690,175,515,38.839979285344384,4.533333333333333,95.46666666666667,76.93333333333334,18.53333333333333,8.0,92.0,23.333333333333332,68.66666666666667
07504,07,504,2082,816,28,788,649,139,62,754,179,575,39.19308357348703,3.431372549019608,96.56862745098039,79.5343137254902,17.034313725490197,7.598039215686274,92.40196078431373,21.936274509803923,70.4656862745098
07505,07,505,1859,807,26,781,664,117,54,753,90,663,43.41043571812803,3.2218091697645597,96.77819083023545,82.28004956629492,14.49814126394052,6.691449814126393,93.3085501858736,11.152416356877323,82.15613382899627
07506,07,506,2034,766,23,743,619,124,65,701,140,561,37.65978367748279,3.0026109660574414,96.99738903394255,80.80939947780679,16.187989556135772,8.485639686684072,91.51436031331592,18.27676240208877,73.23759791122716
07507,07,507,2118,736,31,705,568,137,63,673,165,508,34.74976392823418,4.211956521739131,95.78804347826086,77.17391304347827,18.61413043478261,8.559782608695652,91.44021739130434,22.418478260869566,69.02173913043478
07508,07,508,2306,677,18,659,562,97,51,626,148,478,29.35819601040763,2.658788774002954,97.34121122599704,83.01329394387001,14.32791728212703,7.533234859675036,92.46676514032495,21.86115214180207,70.60561299852289
07509,07,509,1994,805,14,791,650,141,41,764,154,610,40.37111334002006,1.7391304347826086,98.26086956521739,80.74534161490683,17.51552795031056,5.093167701863354,94.90683229813665,19.130434782608695,75.77639751552795
07510,07,510,2054,689,34,655,507,148,66,623,203,420,33.54430379746836,4.934687953555878,95.06531204644412,73.58490566037736,21.480406386066765,9.57910014513788,90.42089985486213,29.46298984034833,60.957910014513786
07511,07,511,2188,651,22,629,474,155,57,594,193,401,29.753199268738573,3.3794162826420893,96.62058371735792,72.81105990783409,23.809523809523807,8.755760368663594,91.24423963133641,29.64669738863287,61.597542242703526
07512,07,512,1942,734,35,699,517,182,64,670,214,456,37.79608650875386,4.768392370572207,95.2316076294278,70.43596730245231,24.795640326975477,8.71934604904632,91.28065395095368,29.155313351498634,62.125340599455036
07513,07,513,2022,708,27,681,534,147,69,639,177,462,35.01483679525222,3.8135593220338984,96.1864406779661,75.42372881355932,20.76271186440678,9.745762711864407,90.2542372881356,25.0,65.2542372881356
07514,07,514,2131,728,43,685,539,146,73,655,208,447,34.1623650868137,5.906593406593406,94.0934065934066,74.03846153846155,20.054945054945055,10.027472527472527,89.97252747252747,28.57142857142857,61.401098901098905
07515,07,515,1850,544,42,502,361,141,68,476,182,294,29.405405405405403,7.720588235294118,92.27941176470588,66.36029411764706,25.919117647058826,12.5,87.5,33.455882352941174,54.04411764705882
075A,07,5A,0,778,39,739,528,211,79,699,269,430,inf,5.012853470437018,94.98714652956298,67.86632390745501,27.12082262210797,10.154241645244216,89.84575835475579,34.5758354755784,55.26992287917738
075B,07,5B,0,539,34,505,393,112,63,476,162,314,inf,6.307977736549166,93.69202226345084,72.91280148423006,20.77922077922078,11.688311688311687,88.31168831168831,30.0556586270872,58.25602968460112
075C,07,5C,0,694,18,676,512,164,36,658,460,198,inf,2.5936599423631126,97.40634005763688,73.77521613832853,23.631123919308358,5.187319884726225,94.81268011527378,66.28242074927954,28.530259365994237
075D,07,5D,0,628,19,609,469,140,61,567,184,383,inf,3.0254777070063694,96.97452229299363,74.68152866242038,22.29299363057325,9.713375796178344,90.28662420382165,29.29936305732484,60.98726114649682
075E,07,5E,0,533,26,507,400,107,39,494,166,328,inf,4.878048780487805,95.1219512195122,75.046904315197,20.075046904315197,7.317073170731707,92.6829268292683,31.144465290806757,61.53846153846154
075F,07,5F,0,491,23,468,335,133,25,466,195,271,inf,4.684317718940937,95.31568228105907,68.22810590631364,27.08757637474542,5.091649694501019,94.90835030549898,39.71486761710794,55.193482688391036
075G,07,5G,0,506,26,480,326,154,41,465,213,252,inf,5.138339920948617,94.86166007905138,64.42687747035573,30.434782608695656,8.102766798418973,91.89723320158103,42.094861660079054,49.80237154150198
075H,07,5H,0,242,17,225,172,53,24,218,85,133,inf,7.024793388429752,92.97520661157024,71.07438016528926,21.90082644628099,9.917355371900827,90.08264462809917,35.12396694214876,54.958677685950406
07601,07,601,1951,548,33,515,404,111,58,490,147,343,28.088159917990772,6.021897810218978,93.97810218978103,73.72262773722628,20.255474452554743,10.583941605839415,89.41605839416059,26.824817518248175,62.59124087591241
07602,07,602,2274,706,41,665,506,159,76,630,246,384,31.046613896218116,5.807365439093484,94.19263456090651,71.671388101983,22.521246458923514,10.764872521246458,89.23512747875354,34.844192634560905,54.39093484419264
07603,07,603,2131,792,16,776,602,174,49,743,239,504,37.16564992961051,2.0202020202020203,97.97979797979798,76.01010101010101,21.96969696969697,6.186868686868687,93.81313131313132,30.176767676767675,63.63636363636363
07604,07,604,2201,689,24,665,513,152,56,633,189,444,31.303952748750568,3.483309143686502,96.5166908563135,74.45573294629898,22.060957910014515,8.127721335268506,91.8722786647315,27.431059506531202,64.4412191582003
07605,07,605,1897,539,33,506,408,98,47,492,138,354,28.413284132841326,6.122448979591836,93.87755102040816,75.69573283858998,18.181818181818183,8.719851576994433,91.28014842300557,25.60296846011132,65.67717996289424
07606,07,606,2181,729,36,693,509,184,60,669,234,435,33.42503438789546,4.938271604938271,95.06172839506173,69.82167352537722,25.240054869684496,8.23045267489712,91.76954732510289,32.098765432098766,59.67078189300411
07607,07,607,1985,524,28,496,367,129,46,478,185,293,26.397984886649873,5.343511450381679,94.65648854961832,70.0381679389313,24.61832061068702,8.778625954198473,91.22137404580153,35.30534351145038,55.916030534351144
07608,07,608,1984,791,32,759,536,223,70,721,261,460,39.868951612903224,4.0455120101137805,95.95448798988622,67.76232616940582,28.192161820480404,8.849557522123893,91.1504424778761,32.99620733249052,58.15423514538559
07609,07,609,1892,642,37,605,425,180,58,584,220,364,33.9323467230444,5.763239875389408,94.2367601246106,66.1993769470405,28.037383177570092,9.034267912772584,90.96573208722741,34.26791277258567,56.69781931464174
07610,07,610,2104,839,89,750,504,246,122,717,320,397,39.87642585551331,10.607866507747318,89.39213349225268,60.0715137067938,29.32061978545888,14.541120381406436,85.45887961859357,38.14064362336114,47.31823599523242
07611,07,611,2148,872,85,787,542,245,94,778,328,450,40.59590316573557,9.747706422018348,90.25229357798165,62.15596330275229,28.09633027522936,10.77981651376147,89.22018348623854,37.61467889908257,51.60550458715596
07612,07,612,1753,584,18,566,409,157,48,536,181,355,33.31431831146606,3.0821917808219177,96.91780821917808,70.03424657534246,26.88356164383562,8.21917808219178,91.78082191780823,30.993150684931507,60.78767123287672
07613,07,613,2028,741,35,706,495,211,69,672,293,379,36.53846153846153,4.723346828609987,95.27665317139001,66.80161943319838,28.475033738191634,9.31174089068826,90.68825910931174,39.54116059379217,51.14709851551957
07614,07,614,1676,663,45,618,428,190,53,610,220,390,39.55847255369929,6.787330316742081,93.21266968325791,64.5550527903469,28.657616892911008,7.993966817496228,92.00603318250377,33.18250377073906,58.82352941176471
07615,07,615,1843,726,30,696,486,210,49,677,233,444,39.39229517091699,4.132231404958678,95.86776859504133,66.94214876033058,28.92561983471074,6.749311294765841,93.25068870523417,32.09366391184573,61.15702479338842
076A,07,6A,0,572,26,546,387,159,41,531,229,302,inf,4.545454545454546,95.45454545454545,67.65734265734265,27.797202797202797,7.167832167832168,92.83216783216784,40.03496503496503,52.7972027972028
076B,07,6B,0,633,30,603,428,175,66,567,253,314,inf,4.739336492890995,95.260663507109,67.61453396524486,27.64612954186414,10.42654028436019,89.57345971563981,39.968404423380726,49.60505529225908
076C,07,6C,0,608,35,573,390,183,41,567,249,318,inf,5.756578947368421,94.24342105263158,64.14473684210526,30.098684210526315,6.743421052631579,93.25657894736842,40.95394736842105,52.30263157894737
076D,07,6D,0,481,24,457,303,154,36,445,219,226,inf,4.98960498960499,95.01039501039502,62.99376299376299,32.016632016632016,7.484407484407485,92.51559251559252,45.53014553014553,46.98544698544699
076E,07,6E,0,678,93,585,377,208,109,569,293,276,inf,13.716814159292035,86.28318584070797,55.604719764011804,30.678466076696164,16.07669616519174,83.92330383480827,43.21533923303835,40.707964601769916
076F,07,6F,0,635,27,608,406,202,61,574,263,311,inf,4.251968503937007,95.74803149606299,63.93700787401575,31.811023622047248,9.606299212598426,90.39370078740157,41.41732283464567,48.976377952755904
076G,07,6G,0,572,45,527,351,176,41,531,266,265,inf,7.8671328671328675,92.13286713286713,61.36363636363637,30.76923076923077,7.167832167832168,92.83216783216784,46.50349650349651,46.32867132867133
076H,07,6H,0,351,27,324,241,83,33,318,135,183,inf,7.6923076923076925,92.3076923076923,68.66096866096866,23.646723646723647,9.401709401709402,90.5982905982906,38.46153846153847,52.13675213675214
07701,07,701,1814,564,46,518,371,147,47,517,241,276,31.091510474090406,8.156028368794328,91.84397163120568,65.78014184397163,26.063829787234045,8.333333333333332,91.66666666666666,42.730496453900706,48.93617021276596
07702,07,702,1768,809,41,768,497,271,63,746,301,445,45.757918552036195,5.067985166872682,94.93201483312733,61.43386897404203,33.49814585908529,7.787391841779975,92.21260815822002,37.20642768850433,55.006180469715694
07703,07,703,1954,605,41,564,395,169,63,542,232,310,30.962128966223133,6.776859504132231,93.22314049586777,65.28925619834712,27.933884297520663,10.413223140495868,89.58677685950414,38.34710743801653,51.2396694214876
07704,07,704,1383,360,24,336,251,85,57,303,126,177,26.030368763557483,6.666666666666667,93.33333333333333,69.72222222222221,23.61111111111111,15.833333333333332,84.16666666666667,35.0,49.166666666666664
07705,07,705,2043,502,39,463,321,142,56,446,193,253,24.5717082721488,7.768924302788845,92.23107569721115,63.94422310756972,28.286852589641438,11.155378486055776,88.84462151394422,38.44621513944223,50.39840637450199
07706,07,706,1808,544,45,499,360,139,81,463,206,257,30.08849557522124,8.272058823529411,91.72794117647058,66.17647058823529,25.551470588235293,14.88970588235294,85.11029411764706,37.86764705882353,47.24264705882353
07707,07,707,1544,367,18,349,231,118,46,321,161,160,23.769430051813472,4.904632152588556,95.09536784741145,62.94277929155313,32.15258855585831,12.534059945504087,87.46594005449592,43.869209809264305,43.596730245231605
07708,07,708,2130,476,33,443,334,109,61,415,202,213,22.347417840375584,6.932773109243698,93.0672268907563,70.16806722689076,22.899159663865547,12.815126050420167,87.18487394957984,42.436974789915965,44.747899159663866
07709,07,709,2242,568,47,521,351,170,71,497,227,270,25.334522747546835,8.274647887323944,91.72535211267606,61.79577464788733,29.929577464788732,12.5,87.5,39.96478873239437,47.53521126760563
07710,07,710,1826,589,33,556,391,165,57,532,208,324,32.256297918948526,5.602716468590832,94.39728353140917,66.383701188455,28.01358234295416,9.67741935483871,90.32258064516128,35.31409168081494,55.00848896434635
07711,07,711,1991,821,56,765,511,254,63,758,308,450,41.235560020090404,6.82095006090134,93.17904993909866,62.24116930572473,30.937880633373933,7.673568818514006,92.32643118148599,37.51522533495737,54.81120584652862
07712,07,712,1984,889,63,826,564,262,90,799,299,500,44.80846774193548,7.086614173228346,92.91338582677166,63.44206974128234,29.471316085489313,10.123734533183352,89.87626546681665,33.63329583802025,56.2429696287964
07713,07,713,2036,803,41,762,507,255,68,735,285,450,39.44007858546169,5.1058530510585305,94.89414694894147,63.13823163138231,31.755915317559154,8.468244084682441,91.53175591531756,35.49190535491905,56.039850560398506
07714,07,714,2137,860,44,816,566,250,80,780,303,477,40.24333177351427,5.116279069767442,94.88372093023256,65.81395348837209,29.069767441860467,9.30232558139535,90.69767441860465,35.23255813953489,55.46511627906977
07715,07,715,1969,617,34,583,418,165,52,565,231,334,31.33570340274251,5.510534846029174,94.48946515397083,67.74716369529983,26.742301458670987,8.427876823338735,91.57212317666126,37.439222042139384,54.13290113452188
077A,07,7A,0,506,38,468,282,186,38,468,267,201,inf,7.5098814229249005,92.4901185770751,55.73122529644269,36.75889328063241,7.5098814229249005,92.4901185770751,52.76679841897233,39.723320158102766
077B,07,7B,0,392,24,368,219,149,34,358,190,168,inf,6.122448979591836,93.87755102040816,55.86734693877551,38.01020408163265,8.673469387755102,91.3265306122449,48.46938775510204,42.857142857142854
077C,07,7C,0,332,35,297,202,95,51,281,144,137,inf,10.542168674698797,89.45783132530121,60.8433734939759,28.614457831325304,15.36144578313253,84.63855421686746,43.373493975903614,41.265060240963855
077D,07,7D,0,585,40,545,339,206,29,556,295,261,inf,6.837606837606838,93.16239316239316,57.948717948717956,35.21367521367522,4.957264957264957,95.04273504273503,50.427350427350426,44.61538461538462
077E,07,7E,0,482,33,449,305,144,36,446,219,227,inf,6.846473029045644,93.15352697095436,63.27800829875518,29.87551867219917,7.468879668049793,92.5311203319502,45.43568464730291,47.0954356846473
077F,07,7F,0,656,42,614,419,195,62,594,269,325,inf,6.402439024390244,93.59756097560977,63.87195121951219,29.72560975609756,9.451219512195122,90.54878048780488,41.006097560975604,49.542682926829265
077G,07,7G,0,648,29,619,416,203,45,603,283,320,inf,4.4753086419753085,95.5246913580247,64.19753086419753,31.32716049382716,6.944444444444445,93.05555555555556,43.67283950617284,49.382716049382715
077H,07,7H,0,295,20,275,171,104,19,276,128,148,inf,6.779661016949152,93.22033898305084,57.96610169491525,35.25423728813559,6.440677966101695,93.55932203389831,43.389830508474574,50.16949152542372
07801,07,801,1936,817,32,785,520,265,64,753,282,471,42.2004132231405,3.9167686658506726,96.08323133414932,63.647490820073436,32.43574051407589,7.833537331701345,92.16646266829865,34.516523867809056,57.6499388004896
07802,07,802,1850,751,37,714,516,198,70,681,232,449,40.5945945945946,4.92676431424767,95.07323568575234,68.70838881491345,26.364846870838882,9.320905459387484,90.67909454061251,30.892143808255657,59.78695073235686
07803,07,803,1843,412,29,383,266,117,42,370,151,219,22.354856212696692,7.038834951456311,92.96116504854369,64.56310679611651,28.398058252427184,10.194174757281553,89.80582524271846,36.650485436893206,53.15533980582524
07804,07,804,1810,459,29,430,313,117,44,415,174,241,25.35911602209945,6.318082788671024,93.68191721132898,68.1917211328976,25.49019607843137,9.586056644880173,90.41394335511983,37.908496732026144,52.505446623093675
07805,07,805,2125,744,30,714,519,195,68,676,261,415,35.01176470588236,4.032258064516129,95.96774193548387,69.75806451612904,26.209677419354836,9.13978494623656,90.86021505376344,35.08064516129033,55.77956989247311
07806,07,806,1815,609,24,585,387,198,54,555,209,346,33.553719008264466,3.9408866995073892,96.05911330049261,63.54679802955665,32.51231527093596,8.866995073891626,91.13300492610837,34.31855500821018,56.81444991789819
07807,07,807,2017,703,51,652,433,219,63,640,252,388,34.85374318294497,7.254623044096728,92.74537695590327,61.5931721194879,31.152204836415365,8.961593172119487,91.03840682788051,35.84637268847795,55.19203413940256
07808,07,808,2171,629,46,583,427,156,77,552,254,298,28.972823583602025,7.3131955484896665,92.68680445151033,67.88553259141494,24.80127186009539,12.241653418124006,87.75834658187598,40.38155802861685,47.37678855325914
07809,07,809,1915,579,49,530,348,182,44,535,237,298,30.234986945169712,8.46286701208981,91.53713298791018,60.10362694300518,31.43350604490501,7.599309153713299,92.40069084628671,40.932642487046635,51.46804835924007
07810,07,810,1767,552,29,523,381,142,47,505,191,314,31.239388794567063,5.253623188405797,94.7463768115942,69.02173913043478,25.724637681159418,8.51449275362319,91.48550724637681,34.60144927536232,56.88405797101449
07811,07,811,1781,524,36,488,329,159,57,467,190,277,29.42167321729365,6.870229007633588,93.12977099236642,62.786259541984734,30.343511450381676,10.877862595419847,89.12213740458014,36.25954198473282,52.862595419847324
07812,07,812,1739,698,30,668,455,213,57,641,236,405,40.13801035077631,4.297994269340974,95.70200573065902,65.18624641833811,30.515759312320917,8.166189111747851,91.83381088825216,33.810888252149,58.02292263610315
07813,07,813,1734,636,38,598,424,174,53,583,207,376,36.67820069204152,5.9748427672955975,94.0251572327044,66.66666666666666,27.358490566037734,8.333333333333332,91.66666666666666,32.54716981132076,59.11949685534591
07814,07,814,1582,510,28,482,332,150,52,458,204,254,32.23767383059418,5.490196078431373,94.50980392156862,65.09803921568627,29.411764705882355,10.196078431372548,89.80392156862746,40.0,49.80392156862745
07815,07,815,1507,636,44,592,438,154,48,588,219,369,42.203052422030524,6.918238993710692,93.08176100628931,68.86792452830188,24.21383647798742,7.547169811320755,92.45283018867924,34.43396226415094,58.01886792452831
078A,07,8A,0,690,46,644,426,218,58,632,308,324,inf,6.666666666666667,93.33333333333333,61.73913043478261,31.594202898550726,8.405797101449275,91.59420289855072,44.63768115942029,46.95652173913044
078B,07,8B,0,583,54,529,335,194,73,510,270,240,inf,9.262435677530018,90.73756432246999,57.46140651801029,33.27615780445969,12.521440823327614,87.47855917667239,46.312178387650086,41.1663807890223
078C,07,8C,0,616,36,580,371,209,69,547,298,249,inf,5.844155844155844,94.15584415584416,60.22727272727273,33.92857142857143,11.2012987012987,88.7987012987013,48.37662337662338,40.42207792207792
078D,07,8D,0,586,33,553,375,178,43,543,285,258,inf,5.631399317406143,94.36860068259386,63.99317406143344,30.37542662116041,7.337883959044368,92.66211604095564,48.634812286689424,44.027303754266214
078E,07,8E,0,542,41,501,312,189,35,507,262,245,inf,7.564575645756458,92.43542435424355,57.564575645756456,34.87084870848708,6.4575645756457565,93.54243542435424,48.33948339483395,45.20295202952029
078F,07,8F,0,512,40,472,289,183,32,480,234,246,inf,7.8125,92.1875,56.4453125,35.7421875,6.25,93.75,45.703125,48.046875
078G,07,8G,0,580,32,548,364,184,48,532,283,249,inf,5.517241379310345,94.48275862068965,62.758620689655174,31.724137931034484,8.275862068965518,91.72413793103448,48.79310344827586,42.931034482758626
078H,07,8H,0,301,20,281,177,104,39,262,137,125,inf,6.64451827242525,93.35548172757476,58.80398671096345,34.55149501661129,12.956810631229235,87.04318936877077,45.51495016611295,41.52823920265781
08101,08,101,1382,543,18,525,456,69,28,515,87,428,39.29088277858177,3.314917127071823,96.68508287292818,83.97790055248619,12.70718232044199,5.156537753222836,94.84346224677716,16.022099447513813,78.82136279926335
08102,08,102,1374,593,13,580,505,75,34,559,117,442,43.15866084425036,2.1922428330522767,97.80775716694772,85.16020236087691,12.647554806070826,5.733558178752108,94.2664418212479,19.73018549747049,74.53625632377741
08103,08,103,1205,535,8,527,459,68,31,504,77,427,44.398340248962654,1.4953271028037385,98.50467289719627,85.79439252336448,12.710280373831775,5.794392523364486,94.2056074766355,14.392523364485982,79.81308411214954
08104,08,104,1525,697,17,680,591,89,26,671,107,564,45.704918032786885,2.4390243902439024,97.5609756097561,84.7919655667145,12.769010043041607,3.7302725968436152,96.26972740315638,15.351506456241031,80.91822094691535
08105,08,105,1348,546,14,532,484,48,25,521,80,441,40.50445103857567,2.564102564102564,97.43589743589743,88.64468864468864,8.791208791208792,4.5787545787545785,95.42124542124543,14.652014652014653,80.76923076923077
08106,08,106,1314,511,8,503,425,78,29,482,85,397,38.88888888888889,1.5655577299412915,98.43444227005871,83.17025440313111,15.264187866927593,5.6751467710371815,94.32485322896281,16.634050880626223,77.69080234833659
08107,08,107,1205,497,10,487,419,68,22,475,83,392,41.244813278008294,2.0120724346076457,97.98792756539235,84.30583501006036,13.682092555331993,4.426559356136821,95.57344064386318,16.700201207243463,78.87323943661971
08108,08,108,1482,659,20,639,573,66,34,625,97,528,44.46693657219973,3.0349013657056148,96.96509863429439,86.94992412746586,10.015174506828528,5.159332321699544,94.84066767830045,14.719271623672231,80.12139605462822
08109,08,109,1369,587,10,577,496,81,43,544,109,435,42.878013148283415,1.7035775127768313,98.29642248722317,84.49744463373084,13.798977853492334,7.325383304940375,92.67461669505963,18.56899488926746,74.10562180579217
08110,08,110,1517,582,6,576,509,67,33,549,94,455,38.36519446275544,1.0309278350515463,98.96907216494846,87.45704467353951,11.512027491408935,5.670103092783505,94.3298969072165,16.151202749140893,78.1786941580756
08111,08,111,1357,523,18,505,440,65,42,481,75,406,38.540899042004426,3.4416826003824093,96.5583173996176,84.13001912045888,12.4282982791587,8.030592734225621,91.96940726577438,14.340344168260039,77.62906309751433
08112,08,112,1721,535,13,522,431,91,43,492,110,382,31.086577571179546,2.4299065420560746,97.57009345794393,80.5607476635514,17.009345794392523,8.037383177570094,91.96261682242991,20.5607476635514,71.40186915887851
08113,08,113,1284,531,5,526,466,60,21,510,75,435,41.35514018691589,0.9416195856873822,99.05838041431262,87.75894538606404,11.299435028248588,3.954802259887006,96.045197740113,14.124293785310735,81.92090395480226
08114,08,114,1733,504,27,477,379,98,40,464,142,322,29.082515868436236,5.357142857142857,94.64285714285714,75.1984126984127,19.444444444444446,7.936507936507936,92.06349206349206,28.174603174603174,63.888888888888886
08115,08,115,1621,577,19,558,479,79,42,535,108,427,35.595311536088836,3.2928942807625647,96.70710571923743,83.0155979202773,13.69150779896014,7.279029462738301,92.72097053726169,18.717504332755635,74.00346620450607
08116,08,116,1211,525,2,523,463,60,13,512,89,423,43.35260115606936,0.38095238095238093,99.61904761904762,88.19047619047619,11.428571428571429,2.4761904761904763,97.52380952380952,16.952380952380953,80.57142857142857
08117,08,117,1472,593,12,581,510,71,55,538,80,458,40.28532608695652,2.0236087689713322,97.97639123102867,86.00337268128162,11.973018549747048,9.27487352445194,90.72512647554805,13.490725126475548,77.23440134907251
08118,08,118,1150,412,10,402,357,45,37,375,66,309,35.82608695652174,2.4271844660194173,97.57281553398059,86.6504854368932,10.922330097087379,8.980582524271846,91.01941747572816,16.019417475728158,75.0
08119,08,119,1122,291,6,285,233,52,23,268,80,188,25.935828877005346,2.0618556701030926,97.9381443298969,80.06872852233677,17.869415807560138,7.903780068728522,92.09621993127148,27.491408934707906,64.60481099656357
08120,08,120,1468,535,17,518,442,76,35,500,103,397,36.444141689373296,3.177570093457944,96.82242990654206,82.61682242990655,14.205607476635516,6.5420560747663545,93.45794392523365,19.252336448598133,74.20560747663552
08121,08,121,1496,550,17,533,450,83,24,526,109,417,36.76470588235294,3.090909090909091,96.9090909090909,81.81818181818183,15.090909090909092,4.363636363636364,95.63636363636364,19.818181818181817,75.81818181818181
08122,08,122,1114,434,10,424,374,50,24,410,82,328,38.95870736086176,2.3041474654377883,97.6958525345622,86.17511520737328,11.52073732718894,5.529953917050691,94.47004608294931,18.89400921658986,75.57603686635944
08123,08,123,1517,549,9,540,482,58,39,510,89,421,36.18984838497033,1.639344262295082,98.36065573770492,87.7959927140255,10.564663023679417,7.103825136612022,92.89617486338798,16.21129326047359,76.68488160291439
08124,08,124,1627,667,17,650,577,73,38,629,97,532,40.995697602950216,2.548725637181409,97.4512743628186,86.50674662668666,10.944527736131935,5.697151424287856,94.30284857571213,14.54272863568216,79.76011994002998
08125,08,125,1470,541,7,534,470,64,34,507,88,419,36.802721088435376,1.2939001848428837,98.70609981515712,86.87615526802219,11.829944547134936,6.284658040665435,93.71534195933457,16.266173752310536,77.44916820702403
08126,08,126,1453,533,9,524,457,67,17,516,78,438,36.682725395732966,1.6885553470919326,98.31144465290807,85.74108818011257,12.570356472795496,3.189493433395872,96.81050656660413,14.634146341463413,82.17636022514071
08127,08,127,1214,427,7,420,353,67,25,402,88,314,35.17298187808896,1.639344262295082,98.36065573770492,82.66978922716628,15.690866510538642,5.85480093676815,94.14519906323186,20.60889929742389,73.53629976580797
081A,08,1A,0,947,36,911,804,107,71,876,178,698,inf,3.8014783526927136,96.19852164730729,84.89968321013728,11.298838437170012,7.497360084477296,92.5026399155227,18.796198521647305,73.7064413938754
081B,08,1B,0,951,19,932,833,99,40,911,189,722,inf,1.9978969505783386,98.00210304942166,87.59200841219769,10.410094637223976,4.206098843322819,95.79390115667718,19.873817034700316,75.92008412197687
081C,08,1C,0,1141,55,1086,897,189,89,1052,399,653,inf,4.820333041191937,95.17966695880806,78.61524978089395,16.56441717791411,7.800175284837861,92.19982471516214,34.96932515337423,57.23049956178791
081D,08,1D,0,775,58,717,596,121,93,682,187,495,inf,7.483870967741936,92.51612903225806,76.90322580645162,15.612903225806452,12.0,88.0,24.129032258064516,63.87096774193548
081E,08,1E,0,813,27,786,668,118,48,765,199,566,inf,3.3210332103321036,96.6789667896679,82.16482164821647,14.514145141451415,5.904059040590406,94.0959409594096,24.477244772447722,69.61869618696187
081F,08,1F,0,740,22,718,645,73,56,684,133,551,inf,2.9729729729729732,97.02702702702702,87.16216216216216,9.864864864864865,7.567567567567568,92.43243243243244,17.972972972972972,74.45945945945947
08201,08,201,1487,627,4,623,546,77,27,600,79,521,42.16543375924681,0.6379585326953748,99.36204146730464,87.08133971291866,12.280701754385964,4.30622009569378,95.69377990430623,12.599681020733652,83.09409888357257
08202,08,202,1220,513,9,504,470,34,18,495,47,448,42.049180327868854,1.7543859649122806,98.24561403508771,91.61793372319687,6.627680311890838,3.508771929824561,96.49122807017544,9.161793372319687,87.32943469785575
08203,08,203,1488,577,6,571,525,46,29,548,64,484,38.776881720430104,1.0398613518197575,98.96013864818023,90.98786828422877,7.9722703639514725,5.025996533795494,94.97400346620451,11.091854419410744,83.88214904679376
08204,08,204,1338,602,5,597,538,59,18,584,70,514,44.992526158445436,0.8305647840531563,99.16943521594685,89.3687707641196,9.800664451827243,2.990033222591362,97.00996677740864,11.627906976744185,85.38205980066445
08205,08,205,1502,544,6,538,480,58,36,508,67,441,36.21837549933422,1.1029411764705883,98.89705882352942,88.23529411764706,10.661764705882353,6.61764705882353,93.38235294117648,12.316176470588236,81.06617647058823
08206,08,206,1648,697,3,694,640,54,17,680,90,590,42.29368932038835,0.430416068866571,99.56958393113344,91.82209469153516,7.747489239598278,2.4390243902439024,97.5609756097561,12.91248206599713,84.64849354375896
08207,08,207,1236,469,10,459,408,51,22,447,68,379,37.944983818770226,2.1321961620469083,97.86780383795309,86.99360341151386,10.874200426439232,4.690831556503198,95.3091684434968,14.498933901918976,80.81023454157783
08208,08,208,1234,487,6,481,424,57,20,467,67,400,39.46515397082658,1.2320328542094456,98.76796714579056,87.06365503080082,11.704312114989733,4.1067761806981515,95.89322381930184,13.75770020533881,82.13552361396303
08209,08,209,1631,685,11,674,610,64,35,650,87,563,41.99877375843041,1.6058394160583942,98.3941605839416,89.05109489051095,9.343065693430656,5.109489051094891,94.8905109489051,12.700729927007298,82.18978102189782
08210,08,210,1264,607,7,600,555,45,21,586,44,542,48.02215189873418,1.1532125205930808,98.84678747940691,91.43327841845141,7.413509060955518,3.459637561779242,96.54036243822077,7.248764415156507,89.29159802306425
08211,08,211,1334,628,4,624,583,41,24,604,51,553,47.07646176911544,0.6369426751592357,99.36305732484077,92.83439490445859,6.528662420382165,3.821656050955414,96.17834394904459,8.121019108280255,88.05732484076432
08212,08,212,1270,661,7,654,620,34,33,628,62,566,52.047244094488185,1.059001512859304,98.9409984871407,93.79727685325264,5.143721633888049,4.992435703479576,95.00756429652041,9.379727685325264,85.62783661119516
08213,08,213,1177,624,3,621,575,46,21,603,48,555,53.0161427357689,0.4807692307692308,99.51923076923077,92.1474358974359,7.371794871794872,3.3653846153846154,96.63461538461539,7.6923076923076925,88.9423076923077
08214,08,214,1381,339,11,328,278,50,24,315,75,240,24.547429398986242,3.2448377581120944,96.7551622418879,82.00589970501476,14.749262536873156,7.079646017699115,92.92035398230088,22.123893805309734,70.79646017699115
08215,08,215,1120,292,9,283,236,47,19,273,91,182,26.071428571428573,3.0821917808219177,96.91780821917808,80.82191780821918,16.095890410958905,6.506849315068493,93.4931506849315,31.164383561643838,62.328767123287676
08216,08,216,1397,486,4,482,431,51,19,467,71,396,34.78883321403006,0.823045267489712,99.1769547325103,88.68312757201646,10.493827160493826,3.909465020576132,96.09053497942386,14.609053497942387,81.48148148148148
08217,08,217,1579,638,9,629,573,56,30,608,74,534,40.405319822672574,1.4106583072100314,98.58934169278997,89.81191222570533,8.77742946708464,4.702194357366771,95.29780564263322,11.598746081504702,83.69905956112854
08218,08,218,1474,507,14,493,437,56,35,472,80,392,34.39620081411126,2.7613412228796843,97.2386587771203,86.19329388560158,11.045364891518737,6.903353057199212,93.09664694280079,15.779092702169626,77.31755424063115
08219,08,219,1543,660,16,644,578,66,36,624,68,556,42.77381723914452,2.4242424242424243,97.57575757575758,87.57575757575758,10.0,5.454545454545454,94.54545454545455,10.303030303030303,84.24242424242424
08220,08,220,1379,395,11,384,351,33,30,365,54,311,28.64394488759971,2.7848101265822782,97.21518987341771,88.86075949367088,8.354430379746836,7.59493670886076,92.40506329113924,13.670886075949367,78.73417721518987
08221,08,221,1444,572,5,567,527,40,35,537,55,482,39.612188365650965,0.8741258741258742,99.12587412587412,92.13286713286713,6.993006993006993,6.118881118881119,93.88111888111888,9.615384615384617,84.26573426573427
08222,08,222,1258,618,4,614,572,42,25,593,59,534,49.12559618441971,0.6472491909385114,99.35275080906149,92.55663430420712,6.796116504854369,4.0453074433656955,95.9546925566343,9.546925566343042,86.40776699029125
08223,08,223,1038,445,4,441,418,23,21,424,39,385,42.870905587668595,0.8988764044943821,99.10112359550561,93.93258426966293,5.168539325842696,4.719101123595506,95.28089887640449,8.764044943820224,86.51685393258427
08224,08,224,1603,596,3,593,563,30,29,567,47,520,37.18028696194635,0.5033557046979865,99.49664429530202,94.46308724832215,5.033557046979865,4.865771812080537,95.13422818791946,7.885906040268456,87.24832214765101
08225,08,225,1068,353,5,348,310,38,9,344,41,303,33.052434456928836,1.41643059490085,98.58356940509914,87.81869688385268,10.764872521246458,2.5495750708215295,97.45042492917847,11.614730878186968,85.8356940509915
08226,08,226,1635,611,5,606,550,56,30,581,95,486,37.37003058103976,0.8183306055646482,99.18166939443536,90.0163666121113,9.165302782324058,4.909983633387888,95.0900163666121,15.548281505728315,79.54173486088379
08227,08,227,1643,688,10,678,603,75,28,660,91,569,41.8746195982958,1.4534883720930232,98.54651162790698,87.6453488372093,10.901162790697674,4.069767441860465,95.93023255813954,13.226744186046513,82.70348837209302
082A,08,2A,0,1048,16,1032,926,106,41,1007,139,868,inf,1.5267175572519083,98.47328244274809,88.35877862595419,10.114503816793894,3.9122137404580157,96.08778625954199,13.263358778625955,82.82442748091603
082B,08,2B,0,1096,3,1093,950,143,32,1064,214,850,inf,0.2737226277372263,99.72627737226277,86.67883211678831,13.047445255474452,2.9197080291970803,97.08029197080292,19.525547445255476,77.55474452554745
082C,08,2C,0,895,25,870,787,83,58,837,136,701,inf,2.793296089385475,97.20670391061452,87.93296089385476,9.273743016759777,6.4804469273743015,93.5195530726257,15.195530726256983,78.32402234636872
082D,08,2D,0,1238,31,1207,1077,130,73,1165,214,951,inf,2.504038772213247,97.49596122778675,86.9951534733441,10.500807754442649,5.896607431340872,94.10339256865913,17.2859450726979,76.81744749596123
082E,08,2E,0,1003,12,991,891,100,34,969,139,830,inf,1.1964107676969093,98.8035892323031,88.83349950149551,9.970089730807578,3.389830508474576,96.61016949152543,13.858424725822532,82.7517447657029
08301,08,301,1223,258,14,244,193,51,37,221,101,120,21.09566639411284,5.426356589147287,94.57364341085271,74.8062015503876,19.767441860465116,14.34108527131783,85.65891472868216,39.14728682170542,46.51162790697674
08302,08,302,1289,387,25,362,275,87,48,339,131,208,30.023273855702094,6.459948320413436,93.54005167958657,71.0594315245478,22.48062015503876,12.4031007751938,87.59689922480621,33.850129198966414,53.746770025839794
08303,08,303,1420,428,7,421,375,46,22,406,80,326,30.140845070422532,1.6355140186915886,98.36448598130842,87.61682242990653,10.74766355140187,5.14018691588785,94.85981308411215,18.69158878504673,76.16822429906543
08304,08,304,1361,343,7,336,298,38,20,323,75,248,25.20205731080088,2.0408163265306123,97.95918367346938,86.88046647230321,11.078717201166182,5.830903790087463,94.16909620991254,21.865889212827987,72.30320699708454
08305,08,305,1293,421,23,398,326,72,37,384,119,265,32.55993812838361,5.463182897862233,94.53681710213777,77.43467933491686,17.102137767220903,8.788598574821853,91.21140142517815,28.26603325415677,62.94536817102138
08306,08,306,1199,398,6,392,340,52,32,366,75,291,33.19432860717264,1.507537688442211,98.49246231155779,85.42713567839196,13.06532663316583,8.040201005025125,91.95979899497488,18.84422110552764,73.11557788944724
08307,08,307,1456,397,16,381,330,51,22,375,294,81,27.266483516483515,4.030226700251889,95.96977329974811,83.12342569269522,12.846347607052897,5.541561712846348,94.45843828715365,74.05541561712846,20.40302267002519
08308,08,308,1333,350,17,333,269,64,33,317,106,211,26.25656414103526,4.857142857142857,95.14285714285714,76.85714285714286,18.285714285714285,9.428571428571429,90.57142857142857,30.28571428571429,60.285714285714285
08309,08,309,1253,291,5,286,248,38,21,270,61,209,23.224261771747805,1.718213058419244,98.28178694158075,85.2233676975945,13.058419243986256,7.216494845360824,92.78350515463917,20.962199312714777,71.8213058419244
08310,08,310,1420,277,11,266,218,48,38,239,71,168,19.507042253521124,3.9711191335740073,96.028880866426,78.70036101083032,17.328519855595665,13.718411552346572,86.28158844765343,25.63176895306859,60.64981949458483
08311,08,311,1520,363,20,343,240,103,37,326,133,193,23.88157894736842,5.5096418732782375,94.49035812672176,66.11570247933885,28.37465564738292,10.192837465564738,89.80716253443526,36.63911845730027,53.168044077134994
08312,08,312,1619,223,16,207,146,61,21,202,92,110,13.773934527486103,7.174887892376682,92.82511210762333,65.47085201793722,27.3542600896861,9.417040358744394,90.5829596412556,41.25560538116592,49.327354260089685
08313,08,313,1340,363,14,349,286,63,29,334,103,231,27.089552238805968,3.8567493112947657,96.14325068870524,78.78787878787878,17.355371900826448,7.988980716253444,92.01101928374655,28.37465564738292,63.63636363636363
08314,08,314,1082,255,12,243,202,41,28,227,66,161,23.56746765249538,4.705882352941177,95.29411764705881,79.2156862745098,16.07843137254902,10.980392156862745,89.01960784313725,25.882352941176475,63.13725490196078
08315,08,315,1188,277,16,261,193,68,26,251,94,157,23.316498316498315,5.776173285198556,94.22382671480143,69.67509025270758,24.548736462093864,9.386281588447654,90.61371841155234,33.935018050541515,56.678700361010826
08316,08,316,1466,334,31,303,241,62,40,294,112,182,22.78308321964529,9.281437125748502,90.71856287425149,72.15568862275448,18.562874251497004,11.976047904191617,88.02395209580838,33.532934131736525,54.49101796407185
08317,08,317,1582,625,33,592,449,143,76,549,176,373,39.50695322376738,5.28,94.72,71.84,22.88,12.16,87.83999999999999,28.16,59.68
08318,08,318,1659,470,32,438,332,106,47,423,132,291,28.330319469559978,6.808510638297872,93.19148936170212,70.63829787234043,22.5531914893617,10.0,90.0,28.085106382978726,61.91489361702127
08319,08,319,1100,335,24,311,233,78,39,296,103,193,30.454545454545457,7.164179104477612,92.83582089552239,69.55223880597015,23.283582089552237,11.641791044776118,88.35820895522389,30.74626865671642,57.611940298507456
08320,08,320,1296,244,11,233,175,58,34,210,72,138,18.82716049382716,4.508196721311475,95.49180327868852,71.72131147540983,23.770491803278688,13.934426229508196,86.0655737704918,29.508196721311474,56.557377049180324
08321,08,321,1530,506,24,482,349,133,48,458,148,310,33.0718954248366,4.743083003952568,95.25691699604744,68.97233201581028,26.284584980237153,9.486166007905137,90.51383399209486,29.249011857707508,61.26482213438735
08322,08,322,1453,602,22,580,457,123,41,561,162,399,41.43152099105299,3.6544850498338874,96.3455149501661,75.91362126245848,20.431893687707642,6.810631229235881,93.18936877076412,26.910299003322258,66.27906976744185
08323,08,323,1444,377,17,360,270,90,40,337,109,228,26.10803324099723,4.509283819628647,95.49071618037135,71.61803713527851,23.872679045092838,10.610079575596817,89.38992042440319,28.912466843501328,60.47745358090185
083A,08,3A,0,706,33,673,520,153,52,654,267,387,inf,4.674220963172805,95.3257790368272,73.65439093484419,21.671388101983002,7.365439093484419,92.63456090651559,37.818696883852695,54.815864022662886
083B,08,3B,0,825,51,774,634,140,80,745,255,490,inf,6.181818181818182,93.81818181818183,76.84848484848484,16.969696969696972,9.696969696969697,90.30303030303031,30.909090909090907,59.3939393939394
083C,08,3C,0,573,33,540,381,159,56,517,239,278,inf,5.7591623036649215,94.24083769633508,66.49214659685863,27.748691099476442,9.773123909249563,90.22687609075044,41.710296684118674,48.51657940663176
083D,08,3D,0,467,30,437,297,140,42,425,202,223,inf,6.423982869379015,93.57601713062098,63.597430406852254,29.978586723768736,8.993576017130621,91.00642398286938,43.25481798715203,47.75160599571734
083E,08,3E,0,749,39,710,496,214,60,689,285,404,inf,5.2069425901201605,94.79305740987985,66.22162883845127,28.57142857142857,8.01068090787717,91.98931909212284,38.05073431241656,53.938584779706275
08401,08,401,1327,637,25,612,416,196,41,596,203,393,48.00301431801055,3.924646781789639,96.07535321821035,65.3061224489796,30.76923076923077,6.436420722135009,93.56357927786499,31.868131868131865,61.69544740973313
08402,08,402,1387,462,13,449,324,125,34,428,227,201,33.30930064888248,2.813852813852814,97.18614718614718,70.12987012987013,27.056277056277057,7.35930735930736,92.64069264069265,49.134199134199136,43.506493506493506
08403,08,403,1415,359,23,336,248,88,35,324,132,192,25.371024734982335,6.406685236768802,93.59331476323119,69.08077994428969,24.512534818941504,9.749303621169917,90.25069637883009,36.768802228412255,53.48189415041783
08404,08,404,1429,269,4,265,183,82,4,265,105,160,18.82435269419174,1.486988847583643,98.51301115241635,68.02973977695167,30.483271375464682,1.486988847583643,98.51301115241635,39.03345724907063,59.479553903345725
08405,08,405,1071,343,22,321,251,70,41,302,113,189,32.02614379084967,6.41399416909621,93.58600583090379,73.17784256559767,20.408163265306122,11.9533527696793,88.0466472303207,32.94460641399417,55.10204081632652
08406,08,406,1182,357,27,330,238,92,41,316,128,188,30.20304568527919,7.563025210084033,92.43697478991596,66.66666666666666,25.770308123249297,11.484593837535014,88.51540616246498,35.85434173669468,52.66106442577031
08407,08,407,1300,363,27,336,265,71,48,315,128,187,27.923076923076923,7.43801652892562,92.56198347107438,73.00275482093664,19.55922865013774,13.223140495867769,86.77685950413223,35.26170798898072,51.515151515151516
08408,08,408,1140,331,25,306,223,83,41,290,116,174,29.035087719298247,7.552870090634441,92.44712990936556,67.37160120845923,25.075528700906347,12.386706948640484,87.61329305135952,35.04531722054381,52.567975830815705
08409,08,409,1376,394,32,362,284,78,54,340,135,205,28.63372093023256,8.121827411167512,91.87817258883248,72.08121827411168,19.796954314720814,13.705583756345177,86.29441624365482,34.263959390862944,52.03045685279187
08410,08,410,1565,568,38,530,381,149,58,510,213,297,36.29392971246006,6.690140845070422,93.30985915492957,67.0774647887324,26.23239436619718,10.211267605633804,89.7887323943662,37.5,52.2887323943662
08411,08,411,1511,586,30,556,368,188,43,543,218,325,38.78226340172071,5.1194539249146755,94.88054607508532,62.79863481228669,32.081911262798634,7.337883959044368,92.66211604095564,37.20136518771331,55.460750853242324
08412,08,412,1490,451,16,435,271,164,45,406,195,211,30.268456375838927,3.5476718403547673,96.45232815964523,60.08869179600887,36.36363636363637,9.977827050997783,90.02217294900223,43.23725055432372,46.78492239467849
08413,08,413,1411,421,25,396,289,107,46,375,138,237,29.836995038979445,5.938242280285035,94.06175771971496,68.646080760095,25.415676959619955,10.926365795724466,89.07363420427554,32.779097387173394,56.294536817102134
08414,08,414,1397,513,34,479,326,153,39,474,201,273,36.721546170365066,6.627680311890838,93.37231968810916,63.547758284600384,29.82456140350877,7.602339181286549,92.39766081871345,39.1812865497076,53.216374269005854
08415,08,415,1379,374,23,351,267,84,43,331,132,199,27.1211022480058,6.149732620320856,93.85026737967914,71.3903743315508,22.459893048128343,11.497326203208557,88.50267379679144,35.294117647058826,53.20855614973262
08416,08,416,1235,428,23,405,279,126,30,398,146,252,34.65587044534413,5.373831775700935,94.62616822429906,65.18691588785047,29.439252336448597,7.009345794392523,92.99065420560748,34.112149532710276,58.87850467289719
08417,08,417,1411,499,21,478,319,159,34,465,184,281,35.36498936924167,4.208416833667335,95.79158316633266,63.92785571142284,31.863727454909817,6.813627254509018,93.18637274549098,36.87374749498998,56.312625250501
08418,08,418,1425,580,24,556,365,191,52,528,202,326,40.70175438596491,4.137931034482759,95.86206896551724,62.93103448275862,32.93103448275862,8.96551724137931,91.0344827586207,34.82758620689655,56.20689655172414
08419,08,419,1382,413,28,385,274,111,47,366,156,210,29.88422575976845,6.779661016949152,93.22033898305084,66.34382566585957,26.876513317191282,11.380145278450362,88.61985472154964,37.77239709443099,50.847457627118644
08420,08,420,1026,334,12,322,215,107,29,305,118,187,32.553606237816766,3.592814371257485,96.40718562874252,64.37125748502994,32.035928143712574,8.682634730538922,91.31736526946108,35.32934131736527,55.98802395209581
08421,08,421,1314,384,29,355,265,90,40,344,142,202,29.22374429223744,7.552083333333333,92.44791666666666,69.01041666666666,23.4375,10.416666666666668,89.58333333333334,36.97916666666667,52.604166666666664
08422,08,422,1570,456,38,418,283,135,52,404,182,222,29.044585987261147,8.333333333333332,91.66666666666666,62.06140350877193,29.605263157894733,11.403508771929824,88.59649122807018,39.91228070175439,48.68421052631579
08423,08,423,1447,317,25,292,200,92,38,279,109,170,21.907394609536972,7.886435331230284,92.11356466876973,63.09148264984227,29.02208201892745,11.987381703470032,88.01261829652996,34.38485804416404,53.62776025236593
08424,08,424,1489,540,27,513,342,171,37,503,213,290,36.265950302216254,5.0,95.0,63.33333333333333,31.666666666666664,6.851851851851852,93.14814814814815,39.44444444444444,53.70370370370371
084A,08,4A,0,591,43,548,375,173,67,524,226,298,inf,7.2758037225042305,92.72419627749578,63.45177664974619,29.272419627749578,11.336717428087987,88.66328257191202,38.24027072758037,50.42301184433165
084B,08,4B,0,459,33,426,311,115,58,401,169,232,inf,7.18954248366013,92.81045751633987,67.75599128540306,25.054466230936818,12.636165577342048,87.36383442265794,36.81917211328976,50.54466230936819
084C,08,4C,0,507,58,449,290,159,80,427,226,201,inf,11.439842209072978,88.56015779092702,57.1992110453649,31.360946745562128,15.779092702169626,84.22090729783037,44.57593688362919,39.64497041420118
084D,08,4D,0,514,54,460,305,155,47,467,224,243,inf,10.505836575875486,89.49416342412452,59.33852140077821,30.155642023346303,9.14396887159533,90.85603112840467,43.57976653696498,47.276264591439684
084E,08,4E,0,628,59,569,367,202,44,584,317,267,inf,9.394904458598727,90.60509554140127,58.439490445859875,32.1656050955414,7.006369426751593,92.99363057324841,50.477707006369435,42.51592356687898
084F,08,4F,0,631,50,581,376,205,44,587,295,292,inf,7.923930269413629,92.07606973058637,59.587955625990496,32.48811410459588,6.9730586370839935,93.026941362916,46.75118858954041,46.275752773375594
084G,08,4G,0,547,76,471,303,168,75,472,253,219,inf,13.893967093235831,86.10603290676416,55.393053016453386,30.712979890310788,13.711151736745887,86.28884826325411,46.25228519195612,40.036563071297984
084H,08,4H,0,629,49,580,384,196,51,578,291,287,inf,7.790143084260731,92.20985691573927,61.04928457869634,31.160572337042925,8.108108108108109,91.8918918918919,46.26391096979332,45.62798092209857
08501,08,501,1156,401,31,370,224,146,45,356,173,183,34.68858131487889,7.73067331670823,92.26932668329178,55.86034912718204,36.408977556109726,11.221945137157107,88.7780548628429,43.14214463840399,45.6359102244389
08502,08,502,1087,311,27,284,180,104,39,272,131,141,28.61085556577737,8.681672025723474,91.31832797427653,57.87781350482315,33.440514469453376,12.540192926045016,87.45980707395499,42.12218649517685,45.337620578778136
08503,08,503,1282,279,17,262,182,80,26,253,103,150,21.76287051482059,6.093189964157706,93.9068100358423,65.23297491039428,28.673835125448026,9.31899641577061,90.68100358422939,36.91756272401434,53.76344086021505
08504,08,504,1155,427,31,396,274,122,36,391,139,252,36.96969696969697,7.259953161592506,92.7400468384075,64.16861826697892,28.57142857142857,8.430913348946136,91.56908665105387,32.55269320843091,59.01639344262295
08505,08,505,1171,320,18,302,207,95,25,295,106,189,27.327070879590092,5.625,94.375,64.6875,29.6875,7.8125,92.1875,33.125,59.06249999999999
08506,08,506,1293,332,21,311,220,91,37,295,113,182,25.676720804331016,6.325301204819277,93.67469879518072,66.26506024096386,27.40963855421687,11.144578313253012,88.85542168674698,34.036144578313255,54.81927710843374
08507,08,507,1121,299,22,277,183,94,31,268,131,137,26.672613737734164,7.357859531772576,92.64214046822742,61.20401337792642,31.438127090301005,10.367892976588628,89.63210702341136,43.812709030100336,45.819397993311036
08508,08,508,1225,347,36,311,201,110,49,298,143,155,28.3265306122449,10.37463976945245,89.62536023054754,57.925072046109506,31.70028818443804,14.121037463976945,85.87896253602305,41.210374639769455,44.668587896253605
08509,08,509,1380,365,31,334,229,105,45,320,147,173,26.44927536231884,8.493150684931507,91.5068493150685,62.73972602739726,28.767123287671232,12.32876712328767,87.67123287671232,40.273972602739725,47.397260273972606
08510,08,510,1446,408,20,388,280,108,57,351,148,203,28.21576763485477,4.901960784313726,95.09803921568627,68.62745098039215,26.47058823529412,13.970588235294118,86.02941176470588,36.27450980392157,49.754901960784316
08511,08,511,1470,349,34,315,209,106,46,303,153,150,23.741496598639454,9.742120343839542,90.25787965616045,59.885386819484246,30.37249283667622,13.18051575931232,86.81948424068769,43.83954154727794,42.97994269340974
08512,08,512,1205,314,23,291,185,106,31,283,150,133,26.058091286307057,7.32484076433121,92.67515923566879,58.917197452229296,33.75796178343949,9.872611464968154,90.12738853503186,47.77070063694268,42.35668789808918
08513,08,513,1549,324,30,294,206,88,47,277,125,152,20.91672046481601,9.25925925925926,90.74074074074075,63.580246913580254,27.160493827160494,14.506172839506174,85.49382716049382,38.58024691358025,46.913580246913575
08514,08,514,1614,452,32,420,250,170,41,411,198,213,28.004956629491947,7.079646017699115,92.92035398230088,55.309734513274336,37.610619469026545,9.070796460176991,90.929203539823,43.80530973451327,47.123893805309734
08515,08,515,1628,299,38,261,193,68,37,262,124,138,18.366093366093367,12.709030100334449,87.29096989966555,64.54849498327759,22.74247491638796,12.37458193979933,87.62541806020067,41.47157190635451,46.15384615384615
08516,08,516,1272,219,14,205,151,54,27,192,98,94,17.21698113207547,6.392694063926941,93.60730593607306,68.94977168949772,24.65753424657534,12.32876712328767,87.67123287671232,44.74885844748858,42.922374429223744
08517,08,517,1303,359,23,336,236,100,41,318,135,183,27.551803530314658,6.406685236768802,93.59331476323119,65.73816155988858,27.85515320334262,11.420612813370473,88.57938718662952,37.60445682451253,50.974930362116986
08518,08,518,1549,547,41,506,348,158,33,514,199,315,35.31310522918012,7.495429616087751,92.50457038391224,63.61974405850091,28.884826325411332,6.032906764168191,93.96709323583181,36.38025594149909,57.586837294332724
08519,08,519,1588,562,43,519,346,173,51,511,205,306,35.3904282115869,7.6512455516014235,92.34875444839858,61.56583629893239,30.782918149466195,9.07473309608541,90.92526690391459,36.47686832740214,54.44839857651246
08520,08,520,1061,365,23,342,218,124,26,339,140,199,34.401508011310085,6.301369863013699,93.69863013698631,59.726027397260275,33.97260273972603,7.123287671232877,92.87671232876711,38.35616438356164,54.52054794520548
08521,08,521,1380,245,17,228,170,58,37,208,89,119,17.753623188405797,6.938775510204081,93.06122448979592,69.38775510204081,23.6734693877551,15.10204081632653,84.89795918367346,36.3265306122449,48.57142857142857
08522,08,522,1363,428,34,394,254,140,52,376,203,173,31.401320616287602,7.943925233644859,92.05607476635514,59.345794392523366,32.71028037383177,12.149532710280374,87.85046728971963,47.429906542056074,40.42056074766355
08523,08,523,1435,374,31,343,237,106,48,326,146,180,26.062717770034844,8.288770053475936,91.71122994652407,63.36898395721925,28.342245989304814,12.834224598930483,87.16577540106952,39.037433155080215,48.1283422459893
08524,08,524,1400,306,28,278,193,85,36,270,123,147,21.857142857142858,9.15032679738562,90.84967320261438,63.0718954248366,27.77777777777778,11.76470588235294,88.23529411764706,40.19607843137255,48.03921568627451
08525,08,525,1340,284,26,258,203,55,43,241,103,138,21.19402985074627,9.15492957746479,90.84507042253522,71.47887323943662,19.366197183098592,15.140845070422534,84.85915492957746,36.267605633802816,48.59154929577465
085A,08,5A,0,745,45,700,449,251,49,696,346,350,inf,6.0402684563758395,93.95973154362416,60.26845637583893,33.691275167785236,6.577181208053691,93.4228187919463,46.442953020134226,46.97986577181208
085B,08,5B,0,795,92,703,445,258,93,702,370,332,inf,11.572327044025158,88.42767295597484,55.9748427672956,32.45283018867924,11.69811320754717,88.30188679245283,46.540880503144656,41.76100628930818
085C,08,5C,0,559,63,496,343,153,46,513,267,246,inf,11.270125223613595,88.72987477638641,61.35957066189624,27.370304114490164,8.228980322003578,91.77101967799642,47.76386404293381,44.00715563506261
085D,08,5D,0,579,53,526,340,186,67,512,280,232,inf,9.153713298791018,90.84628670120898,58.72193436960277,32.12435233160622,11.57167530224525,88.42832469775475,48.35924006908463,40.06908462867012
085E,08,5E,0,605,58,547,329,218,65,540,323,217,inf,9.586776859504132,90.41322314049587,54.3801652892562,36.03305785123967,10.743801652892563,89.25619834710744,53.388429752066116,35.86776859504132
085F,08,5F,0,766,64,702,441,261,72,694,396,298,inf,8.355091383812011,91.64490861618799,57.57180156657964,34.07310704960835,9.39947780678851,90.60052219321149,51.697127937336816,38.90339425587467
085G,08,5G,0,612,46,566,352,214,40,572,302,270,inf,7.516339869281046,92.48366013071896,57.51633986928104,34.967320261437905,6.535947712418301,93.4640522875817,49.34640522875817,44.11764705882353
08601,08,601,1136,205,19,186,141,45,33,172,84,88,18.045774647887324,9.268292682926829,90.73170731707317,68.78048780487805,21.951219512195124,16.097560975609756,83.90243902439025,40.97560975609756,42.926829268292686
08602,08,602,1028,184,14,170,124,46,23,161,73,88,17.898832684824903,7.608695652173914,92.3913043478261,67.3913043478261,25.0,12.5,87.5,39.67391304347826,47.82608695652174
08603,08,603,928,225,21,204,145,59,35,190,87,103,24.245689655172413,9.333333333333334,90.66666666666666,64.44444444444444,26.222222222222225,15.555555555555555,84.44444444444444,38.666666666666664,45.77777777777778
08604,08,604,1132,297,20,277,196,81,41,256,122,134,26.236749116607772,6.7340067340067336,93.26599326599326,65.993265993266,27.27272727272727,13.804713804713806,86.19528619528619,41.07744107744108,45.11784511784512
08605,08,605,1106,382,17,365,244,121,35,347,149,198,34.53887884267631,4.450261780104712,95.54973821989529,63.87434554973822,31.675392670157066,9.162303664921465,90.83769633507853,39.00523560209424,51.832460732984295
08606,08,606,1203,392,28,364,252,112,43,349,153,196,32.58520365752286,7.142857142857142,92.85714285714286,64.28571428571429,28.57142857142857,10.96938775510204,89.03061224489795,39.03061224489796,50.0
08607,08,607,1605,542,31,511,325,186,46,496,212,284,33.769470404984425,5.719557195571956,94.28044280442805,59.96309963099631,34.31734317343174,8.487084870848708,91.5129151291513,39.11439114391143,52.398523985239855
08608,08,608,1472,500,43,457,302,155,66,434,184,250,33.96739130434783,8.6,91.4,60.4,31.0,13.200000000000001,86.8,36.8,50.0
08609,08,609,1010,297,28,269,187,82,28,269,134,135,29.405940594059405,9.427609427609427,90.57239057239057,62.96296296296296,27.609427609427613,9.427609427609427,90.57239057239057,45.11784511784512,45.45454545454545
08610,08,610,1531,408,29,379,261,118,50,358,156,202,26.649248856956238,7.107843137254902,92.8921568627451,63.970588235294116,28.921568627450984,12.254901960784313,87.74509803921569,38.23529411764706,49.50980392156863
08611,08,611,1313,540,22,518,336,182,47,493,196,297,41.12718964204113,4.074074074074074,95.92592592592592,62.22222222222222,33.7037037037037,8.703703703703704,91.2962962962963,36.2962962962963,55.00000000000001
08612,08,612,1377,418,39,379,244,135,44,374,167,207,30.355846042120554,9.330143540669857,90.66985645933015,58.3732057416268,32.29665071770335,10.526315789473683,89.47368421052632,39.952153110047846,49.52153110047847
08613,08,613,1441,603,41,562,379,183,46,557,218,339,41.84594031922276,6.799336650082918,93.20066334991708,62.852404643449425,30.34825870646766,7.628524046434494,92.37147595356551,36.152570480928695,56.21890547263681
08614,08,614,1364,588,22,566,372,194,53,535,207,328,43.10850439882698,3.741496598639456,96.25850340136054,63.26530612244898,32.99319727891156,9.013605442176871,90.98639455782312,35.204081632653065,55.78231292517006
08615,08,615,1503,490,29,461,333,128,41,449,168,281,32.60146373918829,5.918367346938775,94.08163265306122,67.9591836734694,26.122448979591837,8.36734693877551,91.63265306122449,34.285714285714285,57.3469387755102
08616,08,616,1187,420,28,392,283,109,32,388,156,232,35.38331929233362,6.666666666666667,93.33333333333333,67.38095238095238,25.952380952380956,7.6190476190476195,92.38095238095238,37.142857142857146,55.23809523809524
08617,08,617,1056,351,18,333,207,126,26,325,147,178,33.23863636363637,5.128205128205128,94.87179487179486,58.97435897435898,35.8974358974359,7.4074074074074066,92.5925925925926,41.88034188034188,50.712250712250714
08618,08,618,1091,380,24,356,234,122,39,341,161,180,34.83043079743355,6.315789473684211,93.6842105263158,61.578947368421055,32.10526315789474,10.263157894736842,89.73684210526316,42.368421052631575,47.368421052631575
08619,08,619,1041,319,15,304,193,111,28,291,135,156,30.643611911623438,4.702194357366771,95.29780564263322,60.50156739811913,34.79623824451411,8.77742946708464,91.22257053291536,42.31974921630094,48.90282131661442
08620,08,620,1387,398,27,371,283,88,43,355,140,215,28.69502523431867,6.78391959798995,93.21608040201005,71.10552763819096,22.110552763819097,10.804020100502512,89.19597989949749,35.175879396984925,54.020100502512555
08621,08,621,914,265,28,237,168,69,37,228,103,125,28.99343544857768,10.566037735849058,89.43396226415095,63.39622641509434,26.037735849056602,13.962264150943396,86.0377358490566,38.86792452830189,47.16981132075472
08622,08,622,1258,372,23,349,236,113,44,328,147,181,29.570747217806044,6.182795698924731,93.81720430107528,63.44086021505376,30.376344086021508,11.827956989247312,88.17204301075269,39.516129032258064,48.655913978494624
08623,08,623,1112,425,6,419,284,135,8,417,175,242,38.219424460431654,1.411764705882353,98.58823529411764,66.82352941176471,31.76470588235294,1.8823529411764703,98.11764705882354,41.17647058823529,56.94117647058824
08624,08,624,1104,364,24,340,242,98,30,334,122,212,32.971014492753625,6.593406593406594,93.4065934065934,66.48351648351648,26.923076923076923,8.241758241758241,91.75824175824175,33.51648351648351,58.24175824175825
08625,08,625,1151,439,36,403,262,141,38,401,170,231,38.14074717636838,8.200455580865604,91.79954441913439,59.68109339407744,32.11845102505695,8.656036446469248,91.34396355353076,38.724373576309794,52.61958997722096
08626,08,626,1363,428,20,408,298,110,38,390,158,232,31.401320616287602,4.672897196261682,95.32710280373831,69.62616822429906,25.70093457943925,8.878504672897195,91.1214953271028,36.915887850467286,54.20560747663551
086A,08,6A,0,551,41,510,341,169,62,489,248,241,inf,7.441016333938294,92.5589836660617,61.88747731397459,30.671506352087114,11.252268602540836,88.74773139745916,45.00907441016334,43.738656987295826
086B,08,6B,0,645,63,582,348,234,61,584,320,264,inf,9.767441860465116,90.23255813953487,53.95348837209303,36.27906976744186,9.45736434108527,90.54263565891473,49.6124031007752,40.93023255813954
086C,08,6C,0,582,38,544,355,189,49,533,260,273,inf,6.529209621993128,93.47079037800687,60.996563573883165,32.47422680412371,8.419243986254296,91.5807560137457,44.67353951890035,46.90721649484536
086D,08,6D,0,525,31,494,298,196,35,490,266,224,inf,5.904761904761905,94.0952380952381,56.76190476190476,37.333333333333336,6.666666666666667,93.33333333333333,50.66666666666667,42.66666666666667
086E,08,6E,0,810,7,803,495,308,16,794,395,399,inf,0.8641975308641975,99.1358024691358,61.111111111111114,38.02469135802469,1.9753086419753085,98.0246913580247,48.76543209876543,49.25925925925926
086F,08,6F,0,664,47,617,378,239,43,621,345,276,inf,7.078313253012049,92.92168674698796,56.92771084337349,35.993975903614455,6.475903614457831,93.52409638554217,51.95783132530121,41.566265060240966
086G,08,6G,0,430,31,399,251,148,37,393,205,188,inf,7.209302325581396,92.79069767441861,58.372093023255815,34.418604651162795,8.604651162790699,91.3953488372093,47.674418604651166,43.72093023255814
09101,09,101,1398,575,18,557,483,74,36,539,120,419,41.13018597997139,3.130434782608696,96.86956521739131,84.0,12.869565217391305,6.260869565217392,93.73913043478261,20.869565217391305,72.86956521739131
09102,09,102,1944,734,25,709,557,152,51,683,236,447,37.757201646090536,3.4059945504087197,96.59400544959128,75.88555858310627,20.708446866485016,6.948228882833788,93.05177111716621,32.15258855585831,60.89918256130791
09103,09,103,1973,879,23,856,723,133,66,813,162,651,44.55144450076026,2.6166097838452784,97.38339021615472,82.25255972696246,15.130830489192265,7.508532423208192,92.4914675767918,18.43003412969283,74.06143344709898
09104,09,104,1148,503,7,496,396,100,25,478,140,338,43.815331010452965,1.3916500994035785,98.60834990059642,78.72763419483101,19.880715705765407,4.970178926441352,95.02982107355865,27.833001988071572,67.19681908548708
09105,09,105,1372,498,20,478,374,104,26,472,137,335,36.29737609329446,4.016064257028113,95.98393574297188,75.1004016064257,20.883534136546185,5.220883534136546,94.77911646586345,27.510040160642568,67.26907630522089
09106,09,106,2036,774,31,743,542,201,55,719,239,480,38.01571709233792,4.0051679586563305,95.99483204134367,70.02583979328165,25.968992248062015,7.10594315245478,92.89405684754522,30.87855297157623,62.01550387596899
09107,09,107,2130,625,51,574,428,146,57,568,229,339,29.342723004694836,8.16,91.84,68.47999999999999,23.36,9.120000000000001,90.88000000000001,36.64,54.24
09108,09,108,2103,582,26,556,415,141,58,524,189,335,27.674750356633382,4.4673539518900345,95.53264604810997,71.30584192439862,24.22680412371134,9.965635738831615,90.03436426116839,32.47422680412371,57.56013745704467
09109,09,109,1966,602,35,567,384,183,58,544,249,295,30.620549338758902,5.813953488372093,94.18604651162791,63.78737541528239,30.398671096345513,9.634551495016613,90.36544850498339,41.36212624584717,49.00332225913621
09110,09,110,2144,472,30,442,317,125,52,420,191,229,22.01492537313433,6.3559322033898304,93.64406779661016,67.16101694915254,26.48305084745763,11.016949152542372,88.98305084745762,40.46610169491525,48.516949152542374
09111,09,111,1983,569,26,543,422,121,50,519,164,355,28.693898134140188,4.569420035149385,95.43057996485061,74.16520210896309,21.26537785588752,8.787346221441124,91.21265377855887,28.822495606326886,62.39015817223199
09112,09,112,2272,767,70,697,422,275,75,692,385,307,33.75880281690141,9.126466753585397,90.87353324641461,55.019556714471975,35.853976531942635,9.778357235984354,90.22164276401564,50.19556714471969,40.02607561929596
09113,09,113,1050,359,19,340,245,95,27,332,134,198,34.19047619047619,5.2924791086350975,94.70752089136491,68.24512534818942,26.46239554317549,7.520891364902507,92.47910863509749,37.32590529247911,55.15320334261838
09114,09,114,2037,744,33,711,514,197,47,697,264,433,36.52430044182621,4.435483870967742,95.56451612903226,69.08602150537635,26.478494623655912,6.317204301075269,93.68279569892472,35.483870967741936,58.1989247311828
09115,09,115,1716,601,43,558,382,176,59,542,256,286,35.023310023310025,7.154742096505824,92.84525790349417,63.56073211314476,29.28452579034942,9.816971713810316,90.18302828618968,42.59567387687188,47.587354409317804
09116,09,116,2025,595,35,560,401,159,48,547,228,319,29.38271604938272,5.88235294117647,94.11764705882352,67.39495798319328,26.722689075630253,8.067226890756302,91.9327731092437,38.31932773109244,53.61344537815126
09117,09,117,1932,617,27,590,392,198,52,565,246,319,31.93581780538302,4.376012965964344,95.62398703403565,63.533225283630465,32.090761750405186,8.427876823338735,91.57212317666126,39.87034035656402,51.70178282009724
09118,09,118,1115,372,7,365,287,78,19,353,126,227,33.36322869955157,1.881720430107527,98.11827956989248,77.15053763440861,20.967741935483872,5.10752688172043,94.89247311827957,33.87096774193548,61.02150537634409
09119,09,119,1228,414,18,396,297,99,33,381,151,230,33.71335504885993,4.3478260869565215,95.65217391304348,71.73913043478261,23.91304347826087,7.971014492753622,92.02898550724638,36.473429951690825,55.55555555555556
091A,09,1A,0,838,38,800,611,189,41,797,243,554,inf,4.534606205250596,95.4653937947494,72.91169451073985,22.553699284009546,4.892601431980907,95.1073985680191,28.997613365155132,66.10978520286396
091B,09,1B,0,1121,59,1062,726,336,56,1065,539,526,inf,5.263157894736842,94.73684210526315,64.7636039250669,29.973238180196255,4.9955396966993755,95.00446030330062,48.08206958073149,46.92239072256913
091C,09,1C,0,657,41,616,410,206,48,609,306,303,inf,6.2404870624048705,93.75951293759512,62.404870624048705,31.35464231354642,7.30593607305936,92.69406392694064,46.57534246575342,46.118721461187214
091D,09,1D,0,795,81,714,455,259,77,718,410,308,inf,10.18867924528302,89.81132075471699,57.23270440251572,32.57861635220126,9.685534591194969,90.31446540880503,51.57232704402516,38.742138364779876
091E,09,1E,0,857,63,794,502,292,42,815,434,381,inf,7.351225204200699,92.6487747957993,58.57642940490082,34.072345390898484,4.900816802800467,95.09918319719954,50.64177362893816,44.457409568261376
09201,09,201,1966,638,40,598,397,201,52,586,277,309,32.45167853509665,6.269592476489027,93.73040752351098,62.225705329153605,31.504702194357364,8.150470219435736,91.84952978056427,43.41692789968652,48.43260188087774
09202,09,202,2124,709,49,660,470,190,63,646,285,361,33.3804143126177,6.911142454160791,93.0888575458392,66.29055007052186,26.79830747531735,8.885754583921015,91.11424541607899,40.19746121297602,50.916784203102964
09203,09,203,1881,665,43,622,418,204,64,601,294,307,35.35353535353536,6.466165413533835,93.53383458646617,62.857142857142854,30.67669172932331,9.624060150375941,90.37593984962406,44.21052631578947,46.16541353383459
09204,09,204,2157,679,23,656,446,210,43,636,287,349,31.47890588780714,3.3873343151693667,96.61266568483063,65.68483063328424,30.927835051546392,6.332842415316642,93.66715758468335,42.2680412371134,51.39911634756995
09205,09,205,1519,451,17,434,306,128,32,419,190,229,29.69058591178407,3.7694013303769403,96.23059866962306,67.84922394678492,28.38137472283814,7.095343680709535,92.90465631929047,42.12860310421286,50.77605321507761
09206,09,206,1761,487,50,437,294,143,45,442,236,206,27.65474162407723,10.266940451745379,89.73305954825463,60.36960985626283,29.36344969199179,9.240246406570842,90.75975359342917,48.459958932238195,42.299794661190965
09207,09,207,1510,446,47,399,242,157,53,393,217,176,29.5364238410596,10.538116591928251,89.46188340807176,54.26008968609865,35.2017937219731,11.883408071748878,88.11659192825113,48.654708520179376,39.46188340807175
09208,09,208,1385,494,21,473,295,178,30,464,219,245,35.667870036101085,4.251012145748987,95.74898785425101,59.716599190283404,36.032388663967616,6.0728744939271255,93.92712550607287,44.33198380566802,49.59514170040486
09209,09,209,1343,449,41,408,249,159,42,407,225,182,33.43261355174981,9.131403118040089,90.8685968819599,55.45657015590201,35.4120267260579,9.35412026726058,90.64587973273942,50.11135857461024,40.53452115812918
09210,09,210,1815,529,28,501,380,121,53,476,187,289,29.146005509641874,5.293005671077505,94.7069943289225,71.83364839319471,22.873345935727787,10.01890359168242,89.98109640831758,35.34971644612476,54.63137996219282
09211,09,211,2135,683,43,640,402,238,63,620,309,311,31.990632318501174,6.295754026354319,93.70424597364568,58.85797950219619,34.84626647144949,9.224011713030746,90.77598828696925,45.241581259150806,45.534407027818446
09212,09,212,2085,479,31,448,322,126,54,425,189,236,22.973621103117505,6.471816283924843,93.52818371607515,67.22338204592901,26.304801670146137,11.273486430062631,88.72651356993737,39.45720250521921,49.26931106471816
09213,09,213,2340,624,25,599,455,144,47,577,262,315,26.666666666666668,4.006410256410256,95.99358974358975,72.91666666666666,23.076923076923077,7.532051282051282,92.46794871794873,41.98717948717949,50.480769230769226
09214,09,214,2154,605,27,578,438,140,35,570,219,351,28.087279480037143,4.462809917355372,95.53719008264463,72.39669421487604,23.140495867768596,5.785123966942149,94.21487603305785,36.19834710743802,58.01652892561984
09215,09,215,1350,402,15,387,282,105,20,382,151,231,29.777777777777775,3.731343283582089,96.26865671641791,70.1492537313433,26.119402985074625,4.975124378109453,95.02487562189054,37.56218905472637,57.46268656716418
09216,09,216,1501,528,28,500,449,51,56,472,199,273,35.176548967355096,5.303030303030303,94.6969696969697,85.03787878787878,9.659090909090908,10.606060606060606,89.39393939393939,37.68939393939394,51.70454545454546
09217,09,217,2090,656,36,620,447,173,33,623,238,385,31.38755980861244,5.487804878048781,94.51219512195121,68.14024390243902,26.371951219512198,5.0304878048780495,94.96951219512195,36.28048780487805,58.6890243902439
09218,09,218,1208,383,7,376,292,84,20,363,132,231,31.70529801324503,1.8276762402088773,98.17232375979113,76.2402088772846,21.93211488250653,5.221932114882506,94.7780678851175,34.46475195822455,60.313315926892955
09219,09,219,1292,353,26,327,228,99,37,316,159,157,27.321981424148607,7.365439093484419,92.63456090651559,64.58923512747874,28.04532577903683,10.48158640226629,89.51841359773371,45.04249291784703,44.47592067988669
09220,09,220,1764,576,23,553,398,155,48,528,220,308,32.6530612244898,3.9930555555555554,96.00694444444444,69.09722222222221,26.90972222222222,8.333333333333332,91.66666666666666,38.19444444444444,53.47222222222222
09221,09,221,1911,482,37,445,327,118,69,413,147,266,25.222396650968083,7.676348547717843,92.32365145228216,67.84232365145229,24.481327800829874,14.315352697095435,85.68464730290457,30.49792531120332,55.18672199170125
092A,09,2A,0,813,44,769,484,285,48,765,394,371,inf,5.412054120541206,94.58794587945879,59.53259532595327,35.05535055350554,5.904059040590406,94.0959409594096,48.46248462484625,45.63345633456334
092B,09,2B,0,751,58,693,470,223,70,681,350,331,inf,7.723035952063914,92.27696404793608,62.5832223701731,29.69374167776298,9.320905459387484,90.67909454061251,46.60452729693741,44.0745672436751
092C,09,2C,0,533,24,509,314,195,30,503,255,248,inf,4.50281425891182,95.49718574108817,58.91181988742964,36.58536585365854,5.628517823639775,94.37148217636022,47.84240150093809,46.52908067542214
092D,09,2D,0,385,8,377,290,87,19,366,153,213,inf,2.0779220779220777,97.92207792207792,75.32467532467533,22.597402597402596,4.935064935064935,95.06493506493506,39.740259740259745,55.32467532467532
092E,09,2E,0,568,28,540,329,211,33,535,247,288,inf,4.929577464788732,95.07042253521126,57.9225352112676,37.147887323943664,5.809859154929577,94.19014084507043,43.485915492957744,50.70422535211267
092F,09,2F,0,791,52,739,470,269,67,724,417,307,inf,6.573957016434892,93.42604298356511,59.41845764854614,34.007585335018966,8.470290771175728,91.52970922882427,52.718078381795195,38.81163084702908
09301,09,301,1741,629,35,594,415,179,63,566,231,335,36.128661688684666,5.5643879173290935,94.4356120826709,65.97774244833067,28.45786963434022,10.01589825119237,89.98410174880763,36.72496025437202,53.25914149443561
09302,09,302,1948,651,56,595,381,214,83,568,273,295,33.418891170431216,8.60215053763441,91.39784946236558,58.525345622119815,32.87250384024578,12.749615975422426,87.25038402457757,41.935483870967744,45.314900153609834
09303,09,303,1993,621,28,593,421,172,51,570,227,343,31.159056698444555,4.508856682769726,95.49114331723028,67.7938808373591,27.697262479871178,8.212560386473431,91.78743961352657,36.553945249597426,55.23349436392915
09304,09,304,1789,593,36,557,373,184,47,546,253,293,33.147009502515374,6.070826306913997,93.929173693086,62.900505902192236,31.02866779089376,7.925801011804384,92.0741989881956,42.66441821247892,49.4097807757167
09305,09,305,1952,555,49,506,346,160,34,521,220,301,28.432377049180328,8.82882882882883,91.17117117117117,62.34234234234234,28.82882882882883,6.126126126126126,93.87387387387388,39.63963963963964,54.234234234234236
09306,09,306,1881,618,41,577,418,159,46,572,228,344,32.854864433811805,6.634304207119741,93.36569579288026,67.63754045307444,25.728155339805824,7.443365695792881,92.55663430420712,36.89320388349515,55.663430420711975
09307,09,307,1695,460,17,443,300,143,17,443,213,230,27.13864306784661,3.6956521739130435,96.30434782608695,65.21739130434783,31.08695652173913,3.6956521739130435,96.30434782608695,46.30434782608695,50.0
09308,09,308,1739,504,26,478,308,170,41,463,217,246,28.982173663024728,5.158730158730158,94.84126984126983,61.111111111111114,33.730158730158735,8.134920634920634,91.86507936507937,43.05555555555556,48.80952380952381
09309,09,309,1373,473,38,435,290,145,44,429,200,229,34.45010924981792,8.0338266384778,91.9661733615222,61.31078224101479,30.655391120507396,9.30232558139535,90.69767441860465,42.28329809725159,48.41437632135307
09310,09,310,1615,645,46,599,383,216,55,590,277,313,39.93808049535604,7.131782945736434,92.86821705426357,59.379844961240316,33.48837209302326,8.527131782945736,91.47286821705426,42.945736434108525,48.52713178294574
09311,09,311,1902,753,43,710,439,271,53,700,332,368,39.58990536277602,5.710491367861885,94.28950863213812,58.300132802124836,35.98937583001328,7.03851261620186,92.96148738379813,44.090305444887115,48.87118193891102
09312,09,312,1454,529,22,507,346,161,54,475,211,264,36.38239339752407,4.158790170132325,95.84120982986768,65.40642722117202,30.434782608695656,10.207939508506616,89.79206049149339,39.88657844990548,49.9054820415879
09313,09,313,1943,539,32,507,352,155,43,496,228,268,27.740607308286158,5.936920222634509,94.06307977736549,65.3061224489796,28.7569573283859,7.977736549165121,92.02226345083488,42.30055658627087,49.721706864564005
09314,09,314,1963,479,24,455,325,130,47,432,211,221,24.401426388181356,5.010438413361169,94.98956158663883,67.84968684759917,27.139874739039666,9.812108559498958,90.18789144050105,44.05010438413361,46.13778705636743
09315,09,315,1479,546,29,517,313,204,39,507,254,253,36.91683569979716,5.311355311355311,94.68864468864469,57.32600732600732,37.362637362637365,7.142857142857142,92.85714285714286,46.52014652014652,46.336996336996336
09316,09,316,1730,566,48,518,371,147,57,509,238,271,32.71676300578035,8.480565371024735,91.51943462897526,65.54770318021201,25.97173144876325,10.070671378091872,89.92932862190813,42.04946996466431,47.879858657243815
09317,09,317,1108,330,25,305,219,86,34,296,131,165,29.783393501805055,7.575757575757576,92.42424242424242,66.36363636363637,26.060606060606062,10.303030303030303,89.6969696969697,39.696969696969695,50.0
09318,09,318,1930,308,16,292,210,82,26,282,151,131,15.958549222797927,5.194805194805195,94.8051948051948,68.18181818181817,26.623376623376622,8.441558441558442,91.55844155844156,49.02597402597403,42.532467532467535
09319,09,319,883,276,11,265,163,102,21,255,120,135,31.257078142695356,3.985507246376811,96.01449275362319,59.05797101449275,36.95652173913043,7.608695652173914,92.3913043478261,43.47826086956522,48.91304347826087
09320,09,320,1989,488,45,443,319,124,57,431,206,225,24.534942182001004,9.221311475409836,90.77868852459017,65.3688524590164,25.40983606557377,11.68032786885246,88.31967213114754,42.21311475409836,46.10655737704918
093A,09,3A,0,890,113,777,524,253,94,796,400,396,inf,12.696629213483146,87.30337078651685,58.876404494382015,28.426966292134832,10.561797752808989,89.43820224719101,44.9438202247191,44.49438202247191
093B,09,3B,0,644,37,607,382,225,37,607,324,283,inf,5.745341614906832,94.25465838509317,59.3167701863354,34.93788819875777,5.745341614906832,94.25465838509317,50.31055900621118,43.94409937888199
093C,09,3C,0,771,55,716,464,252,59,712,384,328,inf,7.133592736705577,92.86640726329442,60.18158236057069,32.68482490272373,7.652399481193256,92.34760051880674,49.80544747081712,42.54215304798962
093D,09,3D,0,458,24,434,298,136,37,421,200,221,inf,5.240174672489083,94.75982532751091,65.06550218340611,29.694323144104807,8.078602620087336,91.92139737991266,43.66812227074236,48.25327510917031
093E,09,3E,0,519,27,492,371,121,50,469,224,245,inf,5.202312138728324,94.79768786127167,71.48362235067437,23.314065510597302,9.633911368015415,90.36608863198458,43.15992292870906,47.20616570327553
09401,09,401,2000,599,42,557,373,184,59,540,237,303,29.95,7.0116861435726205,92.98831385642737,62.270450751252085,30.71786310517529,9.84974958263773,90.15025041736226,39.565943238731215,50.58430717863105
09402,09,402,1668,460,26,434,301,133,49,411,186,225,27.577937649880095,5.6521739130434785,94.34782608695652,65.43478260869566,28.913043478260867,10.652173913043478,89.34782608695652,40.43478260869565,48.91304347826087
09403,09,403,1966,665,47,618,383,235,57,608,309,299,33.825025432349946,7.067669172932331,92.93233082706766,57.59398496240602,35.338345864661655,8.571428571428571,91.42857142857143,46.46616541353383,44.962406015037594
09404,09,404,1612,573,44,529,374,155,66,507,244,263,35.54590570719603,7.678883071553229,92.32111692844677,65.27050610820244,27.05061082024433,11.518324607329843,88.48167539267016,42.582897033158815,45.89877835951135
09405,09,405,1885,545,26,519,381,138,58,487,185,302,28.912466843501328,4.770642201834862,95.22935779816514,69.90825688073394,25.321100917431195,10.642201834862385,89.35779816513761,33.94495412844037,55.41284403669725
09406,09,406,1959,602,34,568,390,178,55,547,179,368,30.72996426748341,5.647840531561462,94.35215946843853,64.78405315614619,29.568106312292358,9.136212624584719,90.86378737541528,29.73421926910299,61.12956810631229
09407,09,407,1521,477,22,455,344,111,36,441,182,259,31.360946745562128,4.612159329140461,95.38784067085953,72.11740041928721,23.270440251572328,7.547169811320755,92.45283018867924,38.15513626834382,54.29769392033543
09408,09,408,1104,283,17,266,179,87,22,261,124,137,25.63405797101449,6.007067137809187,93.99293286219081,63.25088339222616,30.742049469964666,7.773851590106007,92.226148409894,43.81625441696113,48.409893992932865
09409,09,409,1738,435,33,402,269,133,60,375,194,181,25.028768699654773,7.586206896551724,92.41379310344827,61.839080459770116,30.574712643678158,13.793103448275861,86.20689655172413,44.59770114942529,41.60919540229885
09410,09,410,1633,303,5,298,250,48,29,274,128,146,18.554807103490507,1.65016501650165,98.34983498349835,82.50825082508251,15.841584158415841,9.570957095709572,90.42904290429043,42.244224422442244,48.18481848184818
09411,09,411,1248,424,46,378,242,136,52,372,194,178,33.97435897435898,10.849056603773585,89.15094339622641,57.07547169811321,32.075471698113205,12.264150943396226,87.73584905660378,45.75471698113208,41.9811320754717
09412,09,412,2098,739,43,696,468,228,72,667,321,346,35.22402287893232,5.818673883626523,94.18132611637347,63.32882273342354,30.85250338294993,9.742895805142084,90.25710419485792,43.437077131258455,46.820027063599454
09413,09,413,1315,506,44,462,307,155,43,463,214,249,38.47908745247148,8.695652173913043,91.30434782608695,60.67193675889329,30.632411067193676,8.49802371541502,91.50197628458498,42.29249011857708,49.209486166007906
09414,09,414,1481,554,3,551,367,184,32,522,245,277,37.40715732613099,0.5415162454873645,99.45848375451264,66.24548736462094,33.2129963898917,5.776173285198556,94.22382671480143,44.22382671480145,50.0
09415,09,415,786,297,19,278,196,82,29,268,119,149,37.786259541984734,6.397306397306397,93.60269360269359,65.993265993266,27.609427609427613,9.764309764309765,90.23569023569024,40.06734006734007,50.16835016835017
09416,09,416,727,259,18,241,165,76,31,228,108,120,35.62585969738652,6.94980694980695,93.05019305019306,63.7065637065637,29.343629343629345,11.96911196911197,88.03088803088804,41.6988416988417,46.33204633204633
09417,09,417,367,177,11,166,98,68,17,160,70,90,48.228882833787466,6.214689265536723,93.78531073446328,55.367231638418076,38.4180790960452,9.6045197740113,90.3954802259887,39.548022598870055,50.847457627118644
09418,09,418,2076,744,48,696,465,231,65,679,334,345,35.83815028901734,6.451612903225806,93.54838709677419,62.5,31.048387096774192,8.736559139784946,91.26344086021506,44.89247311827957,46.37096774193548
09419,09,419,1529,533,22,511,365,146,53,480,208,272,34.85938521909745,4.127579737335835,95.87242026266416,68.48030018761726,27.392120075046904,9.943714821763603,90.0562851782364,39.02439024390244,51.031894934333955
09420,09,420,1160,310,14,296,227,69,26,284,109,175,26.72413793103448,4.516129032258064,95.48387096774194,73.22580645161291,22.258064516129032,8.38709677419355,91.61290322580645,35.16129032258065,56.451612903225815
09421,09,421,1856,592,19,573,413,160,33,559,224,335,31.896551724137932,3.209459459459459,96.79054054054053,69.76351351351352,27.027027027027028,5.574324324324325,94.42567567567568,37.83783783783784,56.58783783783784
09422,09,422,1612,525,55,470,253,217,42,483,301,182,32.5682382133995,10.476190476190476,89.52380952380953,48.19047619047619,41.333333333333336,8.0,92.0,57.333333333333336,34.66666666666667
094A,09,4A,0,851,45,806,541,265,56,795,382,413,inf,5.287896592244419,94.71210340775558,63.572267920094006,31.13983548766158,6.580493537015276,93.41950646298473,44.888366627497064,48.531139835487664
094B,09,4B,0,668,73,595,381,214,53,615,366,249,inf,10.928143712574851,89.07185628742515,57.035928143712574,32.035928143712574,7.934131736526946,92.06586826347305,54.79041916167665,37.27544910179641
094C,09,4C,0,669,53,616,398,218,50,619,336,283,inf,7.922272047832586,92.07772795216741,59.49177877428998,32.585949177877424,7.473841554559043,92.52615844544096,50.224215246636774,42.30194319880419
094D,09,4D,0,678,49,629,370,259,61,617,376,241,inf,7.227138643067847,92.77286135693215,54.572271386430685,38.200589970501476,8.997050147492626,91.00294985250737,55.45722713864307,35.54572271386431
094E,09,4E,0,961,59,902,597,305,51,910,447,463,inf,6.139438085327783,93.86056191467222,62.12278876170656,31.73777315296566,5.30697190426639,94.69302809573361,46.51404786680541,48.1789802289282
09501,09,501,1539,513,24,489,339,150,35,478,208,270,33.33333333333333,4.678362573099415,95.32163742690058,66.08187134502924,29.239766081871345,6.82261208576998,93.17738791423001,40.5458089668616,52.63157894736842
09502,09,502,1874,483,27,456,306,150,38,445,214,231,25.773745997865525,5.590062111801243,94.40993788819875,63.35403726708074,31.05590062111801,7.867494824016563,92.13250517598344,44.3064182194617,47.82608695652174
09503,09,503,1271,357,30,327,204,123,46,311,182,129,28.08811959087333,8.403361344537815,91.59663865546219,57.14285714285714,34.45378151260504,12.885154061624648,87.11484593837535,50.98039215686274,36.134453781512605
09504,09,504,1924,594,59,535,356,179,70,524,280,244,30.87318087318087,9.932659932659933,90.06734006734007,59.93265993265994,30.134680134680135,11.784511784511785,88.21548821548821,47.13804713804714,41.07744107744108
09505,09,505,1268,453,35,418,281,137,40,413,198,215,35.72555205047318,7.72626931567329,92.27373068432672,62.03090507726269,30.242825607064017,8.830022075055188,91.16997792494482,43.70860927152318,47.46136865342163
09506,09,506,1355,339,19,320,220,100,45,294,159,135,25.018450184501845,5.604719764011799,94.3952802359882,64.89675516224189,29.49852507374631,13.274336283185843,86.72566371681415,46.902654867256636,39.823008849557525
09507,09,507,898,292,29,263,190,73,58,234,114,120,32.516703786191535,9.931506849315069,90.06849315068493,65.06849315068493,25.0,19.863013698630137,80.13698630136986,39.04109589041096,41.0958904109589
09508,09,508,1469,399,33,366,250,116,37,362,179,183,27.161334240980256,8.270676691729323,91.72932330827066,62.65664160401002,29.07268170426065,9.273182957393484,90.72681704260651,44.86215538847117,45.86466165413533
09509,09,509,1515,379,16,363,264,99,45,334,155,179,25.01650165016502,4.221635883905013,95.77836411609498,69.65699208443272,26.121372031662272,11.87335092348285,88.12664907651715,40.89709762532981,47.229551451187334
09510,09,510,1349,306,8,298,211,87,25,281,137,144,22.68346923647146,2.6143790849673203,97.38562091503267,68.95424836601308,28.431372549019606,8.169934640522875,91.83006535947712,44.771241830065364,47.05882352941176
09511,09,511,1654,593,40,553,365,188,49,544,256,288,35.85247883917775,6.745362563237774,93.25463743676222,61.551433389544684,31.703204047217536,8.263069139966273,91.73693086003372,43.17032040472175,48.566610455311974
09512,09,512,2045,616,44,572,389,183,54,562,259,303,30.12224938875306,7.142857142857142,92.85714285714286,63.149350649350644,29.707792207792206,8.766233766233766,91.23376623376623,42.04545454545455,49.188311688311686
09513,09,513,2125,661,56,605,387,218,61,600,313,287,31.105882352941176,8.472012102874432,91.52798789712556,58.54765506807866,32.9803328290469,9.228441754916792,90.77155824508321,47.352496217851744,43.41906202723147
09514,09,514,2107,615,58,557,364,193,78,537,274,263,29.188419553868062,9.43089430894309,90.5691056910569,59.18699186991871,31.382113821138212,12.682926829268293,87.3170731707317,44.552845528455286,42.76422764227642
09515,09,515,1925,695,54,641,376,265,46,649,331,318,36.103896103896105,7.76978417266187,92.23021582733813,54.10071942446043,38.1294964028777,6.618705035971223,93.38129496402877,47.62589928057554,45.75539568345324
09516,09,516,1983,690,45,645,476,169,77,613,270,343,34.79576399394856,6.521739130434782,93.47826086956522,68.98550724637681,24.492753623188406,11.159420289855072,88.84057971014492,39.130434782608695,49.710144927536234
09517,09,517,1989,692,45,647,446,201,90,602,269,333,34.79135243841126,6.502890173410404,93.4971098265896,64.45086705202311,29.046242774566473,13.005780346820808,86.9942196531792,38.872832369942195,48.12138728323699
09518,09,518,1592,538,52,486,341,145,58,480,210,270,33.79396984924623,9.66542750929368,90.33457249070632,63.38289962825279,26.95167286245353,10.780669144981413,89.21933085501858,39.03345724907063,50.18587360594795
095A,09,5A,0,629,36,593,370,223,44,585,323,262,inf,5.723370429252783,94.27662957074722,58.82352941176471,35.453100158982515,6.995230524642289,93.0047694753577,51.35135135135135,41.65341812400636
095B,09,5B,0,685,74,611,390,221,72,613,373,240,inf,10.802919708029197,89.19708029197079,56.934306569343065,32.262773722627735,10.510948905109489,89.48905109489051,54.45255474452555,35.03649635036496
095C,09,5C,0,583,35,548,337,211,41,542,296,246,inf,6.003430531732419,93.99656946826758,57.80445969125214,36.19210977701543,7.032590051457976,92.96740994854203,50.77186963979416,42.19554030874786
095D,09,5D,0,714,71,643,371,272,65,649,412,237,inf,9.943977591036415,90.05602240896359,51.9607843137255,38.095238095238095,9.103641456582633,90.89635854341736,57.70308123249299,33.193277310924366
095E,09,5E,0,590,57,533,368,165,93,497,233,264,inf,9.661016949152543,90.33898305084746,62.37288135593221,27.966101694915253,15.76271186440678,84.23728813559322,39.49152542372881,44.74576271186441
09601,09,601,1938,751,51,700,476,224,81,670,295,375,38.75128998968008,6.790945406125166,93.20905459387482,63.38215712383488,29.82689747003995,10.785619174434089,89.21438082556591,39.280958721704394,49.93342210386152
09602,09,602,1419,625,36,589,419,170,45,580,229,351,44.04510218463707,5.76,94.24,67.04,27.200000000000003,7.199999999999999,92.80000000000001,36.64,56.16
09603,09,603,1463,567,44,523,382,141,73,494,208,286,38.75598086124402,7.760141093474426,92.23985890652557,67.3721340388007,24.867724867724867,12.874779541446207,87.12522045855378,36.68430335097001,50.44091710758377
09604,09,604,1878,763,56,707,509,198,62,701,283,418,40.6283280085197,7.339449541284404,92.66055045871559,66.71035386631718,25.950196592398427,8.125819134993446,91.87418086500655,37.09043250327654,54.78374836173001
09605,09,605,2215,762,56,706,503,203,72,690,345,345,34.401805869074494,7.349081364829396,92.6509186351706,66.01049868766404,26.64041994750656,9.448818897637794,90.5511811023622,45.2755905511811,45.2755905511811
09606,09,606,1960,712,57,655,418,237,87,625,312,313,36.3265306122449,8.00561797752809,91.99438202247191,58.70786516853933,33.28651685393258,12.219101123595506,87.78089887640449,43.82022471910113,43.96067415730337
09607,09,607,1662,528,30,498,358,140,57,471,202,269,31.768953068592058,5.681818181818182,94.31818181818183,67.8030303030303,26.515151515151516,10.795454545454545,89.20454545454545,38.25757575757576,50.9469696969697
09608,09,608,2258,786,59,727,510,217,59,727,283,444,34.80956598759965,7.506361323155216,92.49363867684478,64.8854961832061,27.608142493638677,7.506361323155216,92.49363867684478,36.00508905852418,56.48854961832062
09609,09,609,1457,530,44,486,317,169,48,482,244,238,36.376115305422104,8.30188679245283,91.69811320754717,59.81132075471698,31.886792452830186,9.056603773584905,90.9433962264151,46.0377358490566,44.905660377358494
09610,09,610,1235,502,39,463,303,160,47,455,211,244,40.64777327935223,7.768924302788845,92.23107569721115,60.3585657370518,31.872509960159363,9.362549800796813,90.63745019920319,42.03187250996016,48.60557768924303
09611,09,611,1695,568,50,518,368,150,65,503,220,283,33.51032448377581,8.80281690140845,91.19718309859155,64.7887323943662,26.408450704225352,11.443661971830986,88.55633802816901,38.732394366197184,49.82394366197183
09612,09,612,2111,750,28,722,440,282,77,673,344,329,35.52818569398389,3.733333333333334,96.26666666666667,58.666666666666664,37.6,10.266666666666667,89.73333333333333,45.86666666666667,43.86666666666667
09613,09,613,1352,380,42,338,212,126,36,344,188,156,28.106508875739642,11.052631578947368,88.94736842105263,55.78947368421052,33.1578947368421,9.473684210526317,90.52631578947368,49.473684210526315,41.05263157894737
09614,09,614,2671,949,82,867,530,337,118,831,467,364,35.529764133283415,8.640674394099051,91.35932560590095,55.84826132771338,35.51106427818757,12.434141201264488,87.5658587987355,49.209694415173864,38.35616438356164
09615,09,615,1216,468,43,425,256,169,43,425,211,214,38.48684210526316,9.18803418803419,90.8119658119658,54.700854700854705,36.11111111111111,9.18803418803419,90.8119658119658,45.085470085470085,45.72649572649573
09616,09,616,1554,595,18,577,356,221,18,577,260,317,38.288288288288285,3.0252100840336134,96.97478991596638,59.831932773109244,37.142857142857146,3.0252100840336134,96.97478991596638,43.69747899159664,53.27731092436975
09617,09,617,1850,631,38,593,400,193,55,576,257,319,34.10810810810811,6.022187004754358,93.97781299524564,63.39144215530903,30.58637083993661,8.716323296354993,91.28367670364501,40.729001584786054,50.55467511885895
09618,09,618,1499,557,51,506,335,171,59,498,247,251,37.158105403602406,9.156193895870736,90.84380610412927,60.14362657091562,30.700179533213646,10.59245960502693,89.40754039497307,44.34470377019748,45.062836624775585
09619,09,619,1333,557,31,526,338,188,75,482,230,252,41.785446361590395,5.565529622980251,94.43447037701975,60.68222621184919,33.75224416517056,13.464991023339318,86.53500897666068,41.292639138240574,45.24236983842011
096A,09,6A,0,782,43,739,491,248,54,728,351,377,inf,5.498721227621484,94.50127877237851,62.787723785166236,31.713554987212277,6.905370843989769,93.09462915601023,44.8849104859335,48.209718670076725
096B,09,6B,0,809,60,749,476,273,71,738,241,497,inf,7.416563658838071,92.58343634116193,58.838071693448704,33.74536464771323,8.776266996291717,91.22373300370829,29.78986402966625,61.43386897404203
096C,09,6C,0,784,63,721,445,276,66,718,416,302,inf,8.035714285714286,91.96428571428571,56.76020408163265,35.204081632653065,8.418367346938775,91.58163265306123,53.06122448979592,38.52040816326531
096D,09,6D,0,749,85,664,401,263,84,665,408,257,inf,11.348464619492656,88.65153538050734,53.538050734312414,35.11348464619493,11.214953271028037,88.78504672897196,54.47263017356475,34.31241655540721
096E,09,6E,0,923,69,854,554,300,58,865,411,454,inf,7.475622968580716,92.52437703141928,60.0216684723727,32.50270855904659,6.28385698808234,93.71614301191767,44.52871072589382,49.187432286023835
10101,10,101,1811,304,13,291,210,81,26,278,146,132,16.786305908337933,4.276315789473684,95.72368421052632,69.07894736842105,26.644736842105267,8.552631578947368,91.44736842105263,48.026315789473685,43.42105263157895
10102,10,102,1105,290,26,264,167,97,32,258,147,111,26.244343891402718,8.96551724137931,91.0344827586207,57.58620689655173,33.44827586206897,11.03448275862069,88.96551724137932,50.689655172413794,38.275862068965516
10103,10,103,1301,195,13,182,120,62,12,183,87,96,14.98847040737894,6.666666666666667,93.33333333333333,61.53846153846154,31.794871794871792,6.153846153846154,93.84615384615384,44.61538461538462,49.23076923076923
10104,10,104,1444,238,16,222,162,60,25,213,111,102,16.481994459833796,6.722689075630252,93.27731092436974,68.0672268907563,25.210084033613445,10.504201680672269,89.49579831932773,46.63865546218487,42.857142857142854
10105,10,105,1401,236,18,218,150,68,16,220,121,99,16.84511063526053,7.627118644067797,92.37288135593221,63.559322033898304,28.8135593220339,6.779661016949152,93.22033898305084,51.271186440677965,41.94915254237288
10106,10,106,1331,208,18,190,130,60,24,184,97,87,15.627347858752819,8.653846153846153,91.34615384615384,62.5,28.846153846153843,11.538461538461538,88.46153846153845,46.63461538461539,41.82692307692308
10107,10,107,1804,391,28,363,267,96,40,351,173,178,21.674057649667404,7.161125319693094,92.8388746803069,68.28644501278772,24.55242966751918,10.230179028132993,89.769820971867,44.24552429667519,45.52429667519181
10108,10,108,1593,257,19,238,159,79,29,228,127,101,16.13308223477715,7.392996108949417,92.60700389105058,61.86770428015564,30.739299610894943,11.284046692607005,88.715953307393,49.416342412451364,39.29961089494164
10109,10,109,1690,242,13,229,167,62,23,219,112,107,14.319526627218934,5.371900826446281,94.62809917355372,69.00826446280992,25.6198347107438,9.50413223140496,90.49586776859503,46.28099173553719,44.214876033057855
10110,10,110,1757,298,15,283,200,83,27,271,145,126,16.960728514513377,5.033557046979865,94.96644295302013,67.11409395973155,27.85234899328859,9.060402684563758,90.93959731543623,48.65771812080537,42.281879194630875
10111,10,111,1948,380,28,352,260,92,47,333,162,171,19.50718685831622,7.368421052631578,92.63157894736842,68.42105263157895,24.210526315789473,12.368421052631579,87.63157894736841,42.63157894736842,45.0
10112,10,112,1828,347,29,318,225,93,44,303,159,144,18.98249452954048,8.357348703170029,91.64265129682997,64.84149855907782,26.801152737752158,12.680115273775217,87.31988472622479,45.821325648414984,41.4985590778098
10113,10,113,1597,263,24,239,152,87,20,243,143,100,16.46837820914214,9.125475285171103,90.8745247148289,57.79467680608364,33.07984790874524,7.604562737642586,92.39543726235742,54.372623574144484,38.02281368821293
10114,10,114,1978,378,34,344,218,126,31,347,196,151,19.11021233569262,8.994708994708994,91.005291005291,57.67195767195767,33.33333333333333,8.201058201058201,91.7989417989418,51.85185185185185,39.94708994708995
10115,10,115,2062,518,75,443,324,119,55,463,247,216,25.121241513094084,14.478764478764477,85.52123552123551,62.54826254826254,22.972972972972975,10.617760617760617,89.38223938223938,47.68339768339768,41.6988416988417
10116,10,116,1865,296,24,272,193,79,29,267,138,129,15.871313672922252,8.108108108108109,91.8918918918919,65.2027027027027,26.68918918918919,9.797297297297296,90.2027027027027,46.62162162162162,43.58108108108108
10117,10,117,1879,407,25,382,254,128,36,371,209,162,21.660457690260777,6.142506142506143,93.85749385749385,62.40786240786241,31.44963144963145,8.845208845208845,91.15479115479116,51.35135135135135,39.80343980343981
10118,10,118,1843,340,22,318,223,95,40,300,160,140,18.448182311448726,6.470588235294119,93.52941176470588,65.58823529411765,27.941176470588236,11.76470588235294,88.23529411764706,47.05882352941176,41.17647058823529
10119,10,119,1585,416,33,383,246,137,26,390,199,191,26.24605678233439,7.9326923076923075,92.0673076923077,59.13461538461539,32.93269230769231,6.25,93.75,47.83653846153847,45.91346153846153
10120,10,120,1070,159,14,145,105,40,20,139,74,65,14.859813084112151,8.80503144654088,91.19496855345912,66.0377358490566,25.157232704402517,12.578616352201259,87.42138364779875,46.540880503144656,40.88050314465409
101A,10,1A,0,477,34,443,285,158,40,437,296,141,inf,7.127882599580712,92.87211740041928,59.74842767295597,33.123689727463315,8.385744234800839,91.61425576519916,62.05450733752621,29.559748427672954
101B,10,1B,0,477,20,457,306,151,34,443,285,158,inf,4.1928721174004195,95.80712788259959,64.15094339622641,31.656184486373167,7.127882599580712,92.87211740041928,59.74842767295597,33.123689727463315
101C,10,1C,0,395,28,367,228,139,31,364,230,134,inf,7.088607594936709,92.91139240506328,57.72151898734177,35.189873417721515,7.848101265822785,92.15189873417722,58.22784810126582,33.92405063291139
101D,10,1D,0,363,24,339,229,110,31,332,184,148,inf,6.6115702479338845,93.38842975206612,63.08539944903582,30.303030303030305,8.539944903581267,91.46005509641874,50.688705234159784,40.77134986225895
10201,10,201,1865,402,40,362,219,143,36,366,225,141,21.554959785522787,9.950248756218906,90.04975124378109,54.47761194029851,35.57213930348259,8.955223880597014,91.04477611940298,55.970149253731336,35.07462686567165
10202,10,202,1975,334,25,309,203,106,31,303,167,136,16.911392405063292,7.48502994011976,92.51497005988024,60.778443113772454,31.736526946107784,9.281437125748502,90.71856287425149,50.0,40.7185628742515
10203,10,203,1992,395,42,353,226,127,53,342,204,138,19.829317269076306,10.632911392405063,89.36708860759494,57.21518987341773,32.151898734177216,13.41772151898734,86.58227848101265,51.64556962025316,34.93670886075949
10204,10,204,2191,472,51,421,248,173,43,429,262,167,21.542674577818346,10.805084745762713,89.19491525423729,52.54237288135594,36.652542372881356,9.110169491525424,90.88983050847457,55.50847457627118,35.38135593220339
10205,10,205,1967,358,16,342,226,116,46,312,187,125,18.200305033045247,4.4692737430167595,95.53072625698324,63.128491620111724,32.402234636871505,12.849162011173185,87.15083798882681,52.23463687150838,34.91620111731844
10206,10,206,1776,379,27,352,219,133,50,329,184,145,21.34009009009009,7.12401055408971,92.87598944591029,57.78364116094987,35.09234828496042,13.192612137203167,86.80738786279683,48.54881266490765,38.258575197889186
10207,10,207,1594,376,42,334,211,123,37,339,195,144,23.588456712672524,11.170212765957446,88.82978723404256,56.11702127659575,32.71276595744681,9.840425531914894,90.1595744680851,51.86170212765957,38.297872340425535
10208,10,208,1711,366,29,337,218,119,32,334,194,140,21.390999415546464,7.923497267759563,92.07650273224044,59.56284153005464,32.51366120218579,8.743169398907105,91.2568306010929,53.00546448087432,38.25136612021858
10209,10,209,1646,377,37,340,213,127,46,331,199,132,22.904009720534628,9.814323607427056,90.18567639257294,56.49867374005305,33.687002652519894,12.20159151193634,87.79840848806366,52.785145888594165,35.0132625994695
10210,10,210,1887,390,33,357,222,135,35,355,211,144,20.66772655007949,8.461538461538462,91.53846153846153,56.92307692307692,34.61538461538461,8.974358974358974,91.02564102564102,54.1025641025641,36.92307692307693
10211,10,211,1740,376,31,345,202,143,35,341,185,156,21.60919540229885,8.24468085106383,91.75531914893617,53.72340425531915,38.03191489361702,9.308510638297872,90.69148936170212,49.202127659574465,41.48936170212766
10212,10,212,1337,361,20,341,199,142,30,331,191,140,27.000747943156323,5.540166204986149,94.45983379501385,55.124653739612185,39.335180055401665,8.310249307479225,91.68975069252078,52.90858725761773,38.78116343490305
10213,10,213,2146,539,44,495,310,185,54,485,271,214,25.11649580615098,8.16326530612245,91.83673469387756,57.5139146567718,34.32282003710575,10.018552875695732,89.98144712430427,50.278293135435995,39.70315398886827
10214,10,214,1647,434,37,397,248,149,48,386,218,168,26.350941105039468,8.525345622119817,91.47465437788019,57.14285714285714,34.331797235023046,11.059907834101383,88.94009216589862,50.23041474654379,38.70967741935484
10215,10,215,1720,465,43,422,298,124,46,419,227,192,27.03488372093023,9.247311827956988,90.75268817204301,64.08602150537635,26.666666666666668,9.89247311827957,90.10752688172043,48.817204301075265,41.29032258064516
10216,10,216,1953,542,40,502,307,195,43,499,275,224,27.752176139272915,7.380073800738007,92.619926199262,56.64206642066421,35.97785977859779,7.9335793357933575,92.06642066420663,50.7380073800738,41.32841328413284
10217,10,217,1579,360,38,322,208,114,40,320,178,142,22.79924002533249,10.555555555555555,89.44444444444444,57.77777777777777,31.666666666666664,11.11111111111111,88.88888888888889,49.44444444444444,39.44444444444444
10218,10,218,1474,360,23,337,215,122,37,323,173,150,24.423337856173678,6.388888888888888,93.61111111111111,59.72222222222222,33.88888888888889,10.277777777777777,89.72222222222223,48.05555555555556,41.66666666666667
10219,10,219,1306,223,5,218,124,94,32,191,113,78,17.075038284839202,2.242152466367713,97.75784753363229,55.60538116591929,42.152466367713004,14.349775784753364,85.65022421524664,50.672645739910315,34.97757847533632
10220,10,220,1532,383,37,346,222,124,53,330,182,148,25.0,9.660574412532636,90.33942558746736,57.96344647519582,32.375979112271544,13.838120104438643,86.16187989556136,47.51958224543081,38.642297650130544
102A,10,2A,0,454,29,425,243,182,35,419,267,152,inf,6.387665198237885,93.6123348017621,53.524229074889874,40.08810572687225,7.709251101321586,92.29074889867842,58.81057268722467,33.480176211453745
102B,10,2B,0,475,35,440,268,172,44,431,261,170,inf,7.368421052631578,92.63157894736842,56.42105263157895,36.21052631578948,9.263157894736842,90.73684210526316,54.94736842105263,35.78947368421053
102C,10,2C,0,555,36,519,311,208,38,517,314,203,inf,6.486486486486487,93.51351351351352,56.03603603603604,37.47747747747748,6.846846846846846,93.15315315315316,56.57657657657658,36.57657657657658
102D,10,2D,0,392,23,369,207,162,24,368,226,142,inf,5.86734693877551,94.13265306122449,52.806122448979586,41.3265306122449,6.122448979591836,93.87755102040816,57.6530612244898,36.224489795918366
102E,10,2E,0,559,40,519,289,230,43,516,332,184,inf,7.155635062611807,92.84436493738819,51.699463327370296,41.14490161001789,7.6923076923076925,92.3076923076923,59.391771019677996,32.91592128801431
102F,10,2F,0,440,29,411,249,162,36,404,263,141,inf,6.59090909090909,93.4090909090909,56.59090909090909,36.81818181818181,8.181818181818182,91.81818181818183,59.77272727272728,32.04545454545455
10301,10,301,1914,524,38,486,258,228,46,478,296,182,27.377220480668758,7.251908396946565,92.74809160305344,49.23664122137404,43.51145038167939,8.778625954198473,91.22137404580153,56.48854961832062,34.73282442748092
10302,10,302,1692,236,16,220,157,63,21,215,113,102,13.947990543735225,6.779661016949152,93.22033898305084,66.52542372881356,26.69491525423729,8.898305084745763,91.10169491525424,47.88135593220339,43.22033898305085
10303,10,303,1666,237,17,220,162,58,17,220,119,101,14.225690276110445,7.172995780590717,92.82700421940928,68.35443037974683,24.47257383966245,7.172995780590717,92.82700421940928,50.210970464135016,42.616033755274266
10304,10,304,1166,163,14,149,107,42,15,148,83,65,13.979416809605489,8.588957055214724,91.41104294478528,65.6441717791411,25.766871165644172,9.202453987730062,90.79754601226993,50.920245398773,39.87730061349693
10305,10,305,1831,280,20,260,195,65,29,251,156,95,15.29219006007646,7.142857142857142,92.85714285714286,69.64285714285714,23.214285714285715,10.357142857142858,89.64285714285715,55.714285714285715,33.92857142857143
10306,10,306,2108,371,20,351,241,110,43,328,166,162,17.599620493358632,5.3908355795148255,94.60916442048517,64.95956873315365,29.649595687331537,11.590296495956872,88.40970350404312,44.74393530997305,43.66576819407008
10307,10,307,2021,389,24,365,268,97,38,351,188,163,19.247897080653143,6.169665809768637,93.83033419023135,68.89460154241645,24.93573264781491,9.768637532133676,90.23136246786633,48.329048843187664,41.90231362467866
10308,10,308,1510,297,22,275,191,84,13,284,158,126,19.66887417218543,7.4074074074074066,92.5925925925926,64.3097643097643,28.28282828282828,4.377104377104377,95.62289562289563,53.198653198653204,42.42424242424242
10309,10,309,2124,407,19,388,263,125,38,369,178,191,19.16195856873823,4.668304668304668,95.33169533169533,64.61916461916462,30.71253071253071,9.336609336609335,90.66339066339066,43.73464373464373,46.928746928746925
10310,10,310,1574,309,17,292,199,93,32,277,148,129,19.63151207115629,5.501618122977346,94.49838187702265,64.40129449838187,30.097087378640776,10.355987055016183,89.64401294498381,47.896440129449836,41.74757281553398
10311,10,311,1452,273,20,253,169,84,23,250,142,108,18.801652892561986,7.326007326007327,92.67399267399267,61.904761904761905,30.76923076923077,8.424908424908425,91.57509157509158,52.01465201465202,39.56043956043956
10312,10,312,1028,174,5,169,118,51,9,165,79,86,16.926070038910506,2.8735632183908044,97.12643678160919,67.81609195402298,29.310344827586203,5.172413793103448,94.82758620689656,45.40229885057471,49.42528735632184
10313,10,313,1616,215,9,206,155,51,13,202,98,104,13.304455445544555,4.186046511627907,95.81395348837209,72.09302325581395,23.72093023255814,6.046511627906977,93.95348837209302,45.58139534883721,48.372093023255815
10314,10,314,1917,352,21,331,216,115,40,312,160,152,18.362023995826814,5.965909090909091,94.0340909090909,61.36363636363637,32.67045454545455,11.363636363636363,88.63636363636364,45.45454545454545,43.18181818181818
10315,10,315,1728,201,13,188,128,60,15,186,111,75,11.631944444444445,6.467661691542288,93.53233830845771,63.681592039801,29.850746268656714,7.462686567164178,92.53731343283582,55.223880597014926,37.3134328358209
10316,10,316,1748,327,21,306,228,78,17,310,157,153,18.7070938215103,6.422018348623854,93.57798165137615,69.72477064220183,23.853211009174313,5.198776758409786,94.80122324159022,48.01223241590214,46.788990825688074
10317,10,317,1968,443,23,420,271,149,40,403,204,199,22.510162601626014,5.191873589164786,94.80812641083521,61.17381489841986,33.63431151241535,9.029345372460497,90.9706546275395,46.04966139954853,44.92099322799097
10318,10,318,1833,387,29,358,239,119,34,353,194,159,21.112929623567922,7.493540051679587,92.50645994832041,61.75710594315246,30.749354005167955,8.785529715762273,91.21447028423772,50.129198966408275,41.08527131782946
10319,10,319,1909,389,31,358,219,139,44,345,188,157,20.377160817181768,7.969151670951156,92.03084832904884,56.29820051413882,35.732647814910024,11.311053984575835,88.68894601542416,48.329048843187664,40.3598971722365
10320,10,320,1808,413,38,375,259,116,41,372,212,160,22.8429203539823,9.200968523002421,90.79903147699758,62.71186440677966,28.087167070217916,9.927360774818402,90.07263922518159,51.3317191283293,38.7409200968523
103A,10,3A,0,515,30,485,318,167,34,481,290,191,inf,5.825242718446602,94.1747572815534,61.74757281553398,32.42718446601941,6.601941747572816,93.39805825242719,56.310679611650485,37.0873786407767
103B,10,3B,0,434,26,408,257,151,37,397,242,155,inf,5.990783410138248,94.00921658986175,59.21658986175116,34.7926267281106,8.525345622119817,91.47465437788019,55.76036866359447,35.714285714285715
103C,10,3C,0,348,25,323,205,118,23,325,194,131,inf,7.183908045977011,92.81609195402298,58.90804597701149,33.90804597701149,6.609195402298851,93.39080459770115,55.74712643678161,37.64367816091954
103D,10,3D,0,536,34,502,324,178,32,504,296,208,inf,6.343283582089552,93.65671641791045,60.447761194029844,33.2089552238806,5.970149253731343,94.02985074626866,55.223880597014926,38.80597014925373
10401,10,401,2116,530,41,489,339,150,46,484,247,237,25.04725897920605,7.735849056603773,92.26415094339623,63.96226415094339,28.30188679245283,8.679245283018867,91.32075471698113,46.60377358490566,44.716981132075475
10402,10,402,2031,531,11,520,320,200,10,521,264,257,26.14475627769572,2.0715630885122414,97.92843691148776,60.263653483992464,37.664783427495294,1.8832391713747645,98.11676082862523,49.717514124293785,48.39924670433145
10403,10,403,1716,360,35,325,207,118,43,317,186,131,20.97902097902098,9.722222222222223,90.27777777777779,57.49999999999999,32.77777777777778,11.944444444444445,88.05555555555556,51.66666666666667,36.388888888888886
10404,10,404,2149,499,41,458,279,179,62,437,240,197,23.220102373196834,8.216432865731463,91.78356713426854,55.91182364729459,35.87174348697395,12.424849699398797,87.5751503006012,48.09619238476954,39.478957915831664
10405,10,405,2020,553,26,527,344,183,64,489,249,240,27.37623762376238,4.701627486437613,95.29837251356238,62.20614828209765,33.09222423146474,11.573236889692586,88.42676311030742,45.02712477396022,43.399638336347195
10406,10,406,2081,599,69,530,339,191,64,535,312,223,28.78423834694858,11.519198664440735,88.48080133555926,56.594323873121866,31.886477462437394,10.684474123539232,89.31552587646077,52.08681135225376,37.228714524207014
10407,10,407,2159,696,42,654,333,321,63,633,387,246,32.23714682723483,6.0344827586206895,93.96551724137932,47.8448275862069,46.12068965517241,9.051724137931034,90.94827586206897,55.603448275862064,35.3448275862069
10408,10,408,1649,539,46,493,285,208,53,486,271,215,32.686476652516674,8.534322820037106,91.4656771799629,52.875695732838594,38.5899814471243,9.833024118738404,90.16697588126159,50.278293135435995,39.888682745825605
10409,10,409,1790,515,31,484,282,202,42,473,254,219,28.77094972067039,6.019417475728155,93.98058252427185,54.757281553398066,39.22330097087379,8.155339805825243,91.84466019417475,49.320388349514566,42.52427184466019
10410,10,410,1389,286,26,260,182,78,37,249,147,102,20.59035277177826,9.090909090909092,90.9090909090909,63.63636363636363,27.27272727272727,12.937062937062937,87.06293706293707,51.39860139860139,35.66433566433567
10411,10,411,1395,491,28,463,287,176,37,454,242,212,35.19713261648745,5.7026476578411405,94.29735234215886,58.45213849287168,35.84521384928717,7.535641547861507,92.4643584521385,49.287169042769854,43.17718940936864
10412,10,412,1711,415,34,381,271,110,50,365,215,150,24.254821741671538,8.19277108433735,91.80722891566265,65.3012048192771,26.506024096385545,12.048192771084338,87.95180722891565,51.80722891566265,36.144578313253014
10413,10,413,1805,614,24,590,327,263,44,570,327,243,34.016620498614955,3.908794788273615,96.09120521172639,53.25732899022802,42.83387622149837,7.166123778501629,92.83387622149837,53.25732899022802,39.57654723127036
10414,10,414,1808,698,40,658,327,331,38,660,386,274,38.60619469026549,5.730659025787966,94.26934097421203,46.84813753581662,47.421203438395416,5.444126074498568,94.55587392550143,55.30085959885387,39.25501432664756
10415,10,415,2076,689,49,640,329,311,40,649,350,299,33.188824662813104,7.111756168359943,92.88824383164005,47.750362844702465,45.13788098693759,5.805515239477503,94.1944847605225,50.79825834542816,43.39622641509434
10416,10,416,1781,689,58,631,341,290,45,644,364,280,38.68613138686132,8.417997097242381,91.58200290275762,49.49201741654572,42.0899854862119,6.531204644412192,93.46879535558782,52.83018867924528,40.638606676342526
10417,10,417,1893,728,58,670,372,298,45,683,377,306,38.45747490755414,7.967032967032966,92.03296703296702,51.098901098901095,40.934065934065934,6.181318681318682,93.81868131868131,51.78571428571429,42.032967032967036
10418,10,418,1239,464,22,442,249,193,41,423,241,182,37.44955609362389,4.741379310344827,95.25862068965517,53.66379310344828,41.5948275862069,8.836206896551724,91.16379310344827,51.939655172413794,39.224137931034484
10419,10,419,1455,463,37,426,263,163,55,408,220,188,31.821305841924396,7.991360691144708,92.0086393088553,56.803455723542115,35.20518358531318,11.879049676025918,88.12095032397409,47.51619870410367,40.60475161987041
104A,10,4A,0,466,23,443,272,171,32,434,249,185,inf,4.935622317596566,95.06437768240343,58.36909871244635,36.69527896995708,6.866952789699571,93.13304721030042,53.43347639484979,39.69957081545064
104B,10,4B,0,587,54,533,287,246,43,544,353,191,inf,9.19931856899489,90.80068143100512,48.89267461669506,41.90800681431005,7.325383304940375,92.67461669505963,60.13628620102215,32.538330494037474
104C,10,4C,0,506,88,418,270,148,29,477,294,183,inf,17.391304347826086,82.6086956521739,53.359683794466406,29.249011857707508,5.7312252964426875,94.26877470355731,58.10276679841897,36.16600790513834
104D,10,4D,0,511,52,459,260,199,39,472,293,179,inf,10.176125244618394,89.82387475538161,50.88062622309197,38.94324853228962,7.632093933463796,92.3679060665362,57.33855185909981,35.0293542074364
104E,10,4E,0,558,37,521,291,230,36,522,349,173,inf,6.630824372759856,93.36917562724014,52.1505376344086,41.21863799283154,6.451612903225806,93.54838709677419,62.54480286738351,31.00358422939068
104F,10,4F,0,474,17,457,286,171,31,443,246,197,inf,3.5864978902953584,96.41350210970464,60.337552742616026,36.075949367088604,6.5400843881856545,93.45991561181435,51.89873417721519,41.561181434599156
104G,10,4G,0,485,28,457,247,210,31,454,274,180,inf,5.77319587628866,94.22680412371133,50.92783505154639,43.29896907216495,6.391752577319587,93.6082474226804,56.49484536082474,37.11340206185567
10501,10,501,2078,793,65,728,430,298,80,713,358,355,38.161693936477384,8.19672131147541,91.80327868852459,54.224464060529634,37.57881462799496,10.08827238335435,89.91172761664565,45.14501891551072,44.76670870113493
10502,10,502,1995,651,47,604,360,244,60,591,304,287,32.631578947368425,7.2196620583717355,92.78033794162826,55.29953917050692,37.48079877112136,9.216589861751153,90.78341013824884,46.6973886328725,44.086021505376344
10503,10,503,1989,707,51,656,373,283,50,657,387,270,35.545500251382606,7.213578500707214,92.78642149929279,52.75813295615276,40.02828854314003,7.072135785007072,92.92786421499292,54.73833097595474,38.189533239038184
10504,10,504,1814,641,41,600,358,242,57,584,313,271,35.336273428886436,6.3962558502340086,93.60374414976599,55.85023400936038,37.753510140405616,8.892355694227769,91.10764430577223,48.829953198127924,42.27769110764431
10505,10,505,2051,746,66,680,409,271,74,672,356,316,36.372501218917606,8.847184986595174,91.15281501340483,54.825737265415555,36.32707774798928,9.919571045576408,90.0804289544236,47.72117962466488,42.35924932975871
10506,10,506,2029,725,64,661,409,252,62,663,350,313,35.73188762937408,8.827586206896552,91.17241379310344,56.41379310344827,34.758620689655174,8.551724137931034,91.44827586206897,48.275862068965516,43.172413793103445
10507,10,507,1644,655,41,614,355,259,71,584,327,257,39.84184914841849,6.259541984732825,93.74045801526718,54.19847328244275,39.541984732824424,10.839694656488549,89.16030534351145,49.92366412213741,39.23664122137404
10508,10,508,1224,432,44,388,198,190,27,405,242,163,35.294117647058826,10.185185185185185,89.81481481481481,45.83333333333333,43.98148148148148,6.25,93.75,56.018518518518526,37.73148148148148
10509,10,509,1993,615,36,579,334,245,56,559,301,258,30.858003010536876,5.853658536585367,94.14634146341463,54.3089430894309,39.83739837398374,9.105691056910569,90.89430894308943,48.94308943089431,41.951219512195124
10510,10,510,1792,706,57,649,376,273,51,655,356,299,39.39732142857143,8.073654390934843,91.92634560906515,53.25779036827195,38.668555240793204,7.223796033994335,92.77620396600567,50.42492917847026,42.35127478753541
10511,10,511,2133,724,8,716,406,310,8,716,347,369,33.94280356305673,1.1049723756906076,98.89502762430939,56.07734806629834,42.81767955801105,1.1049723756906076,98.89502762430939,47.928176795580114,50.966850828729285
10512,10,512,1741,573,43,530,295,235,36,537,286,251,32.91211947156806,7.504363001745201,92.49563699825481,51.48342059336824,41.012216404886566,6.282722513089005,93.717277486911,49.91273996509599,43.80453752181501
10513,10,513,1888,645,51,594,344,250,52,593,321,272,34.16313559322034,7.906976744186046,92.09302325581396,53.333333333333336,38.759689922480625,8.062015503875969,91.93798449612403,49.76744186046512,42.17054263565891
10514,10,514,2061,779,69,710,399,311,64,715,406,309,37.79718583212033,8.857509627727858,91.14249037227215,51.21951219512195,39.92297817715019,8.21566110397946,91.78433889602053,52.118100128369704,39.66623876765084
10515,10,515,2000,684,53,631,362,269,70,614,338,276,34.2,7.748538011695906,92.2514619883041,52.92397660818714,39.32748538011696,10.23391812865497,89.76608187134502,49.41520467836257,40.35087719298245
10516,10,516,2161,845,55,790,441,349,68,777,437,340,39.10226746876446,6.508875739644971,93.49112426035504,52.18934911242603,41.30177514792899,8.04733727810651,91.9526627218935,51.71597633136095,40.23668639053255
10517,10,517,1918,666,39,627,375,252,56,610,332,278,34.72367049009385,5.8558558558558556,94.14414414414415,56.30630630630631,37.83783783783784,8.408408408408409,91.5915915915916,49.849849849849846,41.74174174174174
105A,10,5A,0,504,25,479,259,220,21,483,283,200,inf,4.9603174603174605,95.03968253968253,51.388888888888886,43.65079365079365,4.166666666666666,95.83333333333334,56.15079365079365,39.682539682539684
105B,10,5B,0,432,18,414,232,182,28,404,234,170,inf,4.166666666666666,95.83333333333334,53.70370370370371,42.129629629629626,6.481481481481481,93.51851851851852,54.166666666666664,39.351851851851855
105C,10,5C,0,661,33,628,358,270,25,636,360,276,inf,4.992435703479576,95.00756429652041,54.16036308623298,40.847201210287444,3.7821482602118004,96.2178517397882,54.46293494704992,41.75491679273828
105D,10,5D,0,608,23,585,339,246,35,573,343,230,inf,3.7828947368421053,96.2171052631579,55.75657894736842,40.46052631578947,5.756578947368421,94.24342105263158,56.414473684210535,37.82894736842105
105E,10,5E,0,668,10,658,357,301,28,640,398,242,inf,1.4970059880239521,98.50299401197606,53.443113772455085,45.05988023952096,4.191616766467066,95.80838323353294,59.58083832335329,36.227544910179645
105F,10,5F,0,482,22,460,267,193,30,452,254,198,inf,4.564315352697095,95.4356846473029,55.3941908713693,40.04149377593361,6.224066390041494,93.7759336099585,52.69709543568465,41.078838174273855
105G,10,5G,0,430,29,401,225,176,39,391,247,144,inf,6.744186046511628,93.25581395348837,52.32558139534884,40.93023255813954,9.069767441860465,90.93023255813954,57.44186046511628,33.48837209302326
10601,10,601,1794,452,25,427,307,120,30,422,193,229,25.195094760312152,5.530973451327434,94.46902654867256,67.92035398230088,26.548672566371685,6.637168141592921,93.36283185840708,42.69911504424779,50.66371681415929
10602,10,602,2026,387,35,352,235,117,33,354,189,165,19.10167818361303,9.043927648578812,90.95607235142118,60.72351421188631,30.23255813953488,8.527131782945736,91.47286821705426,48.837209302325576,42.63565891472868
10603,10,603,1965,419,38,381,264,117,43,376,214,162,21.323155216284988,9.069212410501192,90.9307875894988,63.0071599045346,27.923627684964202,10.26252983293556,89.73747016706443,51.07398568019092,38.66348448687351
10604,10,604,1577,428,21,407,266,141,38,390,197,193,27.140139505389982,4.906542056074766,95.09345794392523,62.149532710280376,32.94392523364486,8.878504672897195,91.1214953271028,46.02803738317757,45.09345794392524
10605,10,605,1190,250,14,236,155,81,18,232,133,99,21.008403361344538,5.6000000000000005,94.39999999999999,62.0,32.4,7.199999999999999,92.80000000000001,53.2,39.6
10606,10,606,2095,469,35,434,267,167,37,432,240,192,22.386634844868738,7.462686567164178,92.53731343283582,56.929637526652456,35.60767590618337,7.889125799573561,92.11087420042644,51.1727078891258,40.93816631130064
10607,10,607,2015,431,28,403,249,154,33,398,216,182,21.38957816377171,6.496519721577726,93.50348027842227,57.772621809744784,35.730858468677496,7.65661252900232,92.34338747099768,50.11600928074246,42.22737819025522
10608,10,608,1687,345,22,323,228,95,29,316,173,143,20.450503852993478,6.3768115942028984,93.6231884057971,66.08695652173913,27.536231884057973,8.405797101449275,91.59420289855072,50.14492753623189,41.449275362318836
10609,10,609,1661,397,31,366,241,125,36,361,194,167,23.901264298615292,7.8085642317380355,92.19143576826197,60.70528967254408,31.48614609571788,9.06801007556675,90.93198992443325,48.86649874055416,42.0654911838791
10610,10,610,1955,583,48,535,346,189,57,526,282,244,29.82097186700767,8.233276157804461,91.76672384219555,59.348198970840485,32.41852487135506,9.777015437392796,90.2229845626072,48.3704974271012,41.852487135506
10611,10,611,1911,425,38,387,267,120,38,387,196,191,22.239665096807954,8.941176470588236,91.05882352941177,62.82352941176471,28.235294117647058,8.941176470588236,91.05882352941177,46.11764705882353,44.94117647058823
10612,10,612,1863,669,41,628,342,286,49,620,359,261,35.909822866344605,6.128550074738415,93.87144992526159,51.12107623318386,42.75037369207772,7.324364723467862,92.67563527653215,53.66218236173393,39.01345291479821
10613,10,613,1935,550,39,511,315,196,46,504,260,244,28.42377260981912,7.090909090909091,92.9090909090909,57.27272727272727,35.63636363636364,8.363636363636363,91.63636363636364,47.27272727272727,44.36363636363637
10614,10,614,1944,691,38,653,383,270,47,644,336,308,35.54526748971193,5.499276410998553,94.50072358900144,55.42691751085383,39.07380607814761,6.801736613603474,93.19826338639653,48.62518089725037,44.57308248914617
10615,10,615,1956,396,23,373,241,132,33,363,199,164,20.245398773006134,5.808080808080808,94.1919191919192,60.858585858585855,33.33333333333333,8.333333333333332,91.66666666666666,50.252525252525245,41.41414141414141
10616,10,616,1994,399,25,374,237,137,24,375,198,177,20.01003009027081,6.265664160401002,93.734335839599,59.3984962406015,34.335839598997495,6.015037593984962,93.98496240601504,49.62406015037594,44.3609022556391
10617,10,617,1956,365,28,337,232,105,42,323,178,145,18.66053169734151,7.671232876712329,92.32876712328768,63.561643835616444,28.767123287671232,11.506849315068493,88.4931506849315,48.76712328767123,39.726027397260275
10618,10,618,1830,334,22,312,225,87,29,305,139,166,18.251366120218577,6.58682634730539,93.41317365269461,67.36526946107784,26.047904191616766,8.682634730538922,91.31736526946108,41.61676646706587,49.700598802395206
106A,10,6A,0,515,36,479,320,159,33,482,283,199,inf,6.990291262135923,93.00970873786409,62.13592233009708,30.87378640776699,6.407766990291262,93.59223300970874,54.95145631067962,38.640776699029125
106B,10,6B,0,438,35,403,240,163,29,409,252,157,inf,7.9908675799086755,92.00913242009132,54.794520547945204,37.21461187214612,6.621004566210045,93.37899543378995,57.534246575342465,35.84474885844749
106C,10,6C,0,491,22,469,261,208,33,458,279,179,inf,4.480651731160896,95.5193482688391,53.15682281059063,42.36252545824847,6.720977596741344,93.27902240325867,56.82281059063137,36.456211812627295
106D,10,6D,0,616,34,582,333,249,33,583,356,227,inf,5.51948051948052,94.48051948051948,54.05844155844156,40.42207792207792,5.357142857142857,94.64285714285714,57.7922077922078,36.85064935064935
106E,10,6E,0,414,21,393,258,135,30,384,217,167,inf,5.072463768115942,94.92753623188406,62.31884057971014,32.608695652173914,7.246376811594203,92.7536231884058,52.41545893719807,40.33816425120773
11101,11,101,1844,436,26,410,270,140,43,393,218,175,23.644251626898047,5.963302752293578,94.03669724770643,61.92660550458715,32.11009174311927,9.862385321100918,90.13761467889908,50.0,40.137614678899084
11102,11,102,1042,307,34,273,160,113,31,276,157,119,29.46257197696737,11.074918566775244,88.92508143322475,52.11726384364821,36.807817589576544,10.097719869706841,89.90228013029315,51.14006514657981,38.762214983713356
11103,11,103,1042,276,17,259,142,117,11,265,143,122,26.48752399232246,6.159420289855073,93.84057971014492,51.449275362318836,42.391304347826086,3.985507246376811,96.01449275362319,51.81159420289855,44.20289855072464
11104,11,104,1435,372,25,347,219,128,37,335,192,143,25.923344947735195,6.720430107526881,93.27956989247312,58.87096774193549,34.40860215053764,9.946236559139784,90.05376344086021,51.61290322580645,38.44086021505376
11105,11,105,1642,275,18,257,181,76,22,253,151,102,16.74786845310597,6.545454545454546,93.45454545454545,65.81818181818181,27.636363636363637,8.0,92.0,54.90909090909091,37.09090909090909
11106,11,106,1302,255,20,235,130,105,25,230,160,70,19.5852534562212,7.8431372549019605,92.15686274509804,50.98039215686274,41.17647058823529,9.803921568627452,90.19607843137256,62.745098039215684,27.450980392156865
11107,11,107,1753,461,32,429,266,163,33,428,238,190,26.297775242441528,6.941431670281996,93.058568329718,57.70065075921909,35.35791757049891,7.158351409978309,92.84164859002169,51.62689804772235,41.21475054229935
11108,11,108,1863,310,13,297,200,97,25,285,162,123,16.639828234031132,4.193548387096775,95.80645161290322,64.51612903225806,31.290322580645164,8.064516129032258,91.93548387096774,52.25806451612903,39.67741935483871
11109,11,109,1294,257,18,239,168,71,34,223,127,96,19.860896445131377,7.003891050583658,92.99610894941634,65.36964980544747,27.626459143968873,13.229571984435799,86.7704280155642,49.416342412451364,37.35408560311284
11110,11,110,1837,369,38,331,217,114,45,324,174,150,20.0870985302123,10.29810298102981,89.70189701897019,58.80758807588076,30.89430894308943,12.195121951219512,87.8048780487805,47.15447154471545,40.65040650406504
11111,11,111,1632,377,25,352,206,146,24,353,201,152,23.100490196078432,6.631299734748011,93.36870026525199,54.64190981432361,38.726790450928384,6.36604774535809,93.63395225464191,53.315649867374006,40.318302387267906
11112,11,112,1497,270,18,252,175,77,24,246,140,106,18.03607214428858,6.666666666666667,93.33333333333333,64.81481481481481,28.51851851851852,8.88888888888889,91.11111111111111,51.85185185185185,39.25925925925926
11113,11,113,1117,198,14,184,118,66,20,178,102,76,17.726051924798565,7.07070707070707,92.92929292929293,59.59595959595959,33.33333333333333,10.1010101010101,89.8989898989899,51.515151515151516,38.38383838383838
11114,11,114,1905,446,25,421,285,136,40,406,224,182,23.412073490813647,5.605381165919283,94.39461883408072,63.901345291479814,30.493273542600896,8.968609865470851,91.03139013452915,50.224215246636774,40.80717488789238
11115,11,115,1804,326,17,309,202,107,26,300,167,133,18.070953436807095,5.214723926380368,94.78527607361963,61.963190184049076,32.82208588957055,7.975460122699387,92.02453987730061,51.22699386503068,40.79754601226993
11116,11,116,1294,268,16,252,172,80,20,248,129,119,20.71097372488408,5.970149253731343,94.02985074626866,64.17910447761194,29.850746268656714,7.462686567164178,92.53731343283582,48.134328358208954,44.40298507462687
11117,11,117,1421,258,12,246,173,73,28,230,121,109,18.156228008444756,4.651162790697675,95.34883720930233,67.05426356589147,28.294573643410853,10.852713178294573,89.14728682170544,46.89922480620155,42.248062015503876
11118,11,118,1553,236,21,215,165,50,24,212,110,102,15.19639407598197,8.898305084745763,91.10169491525424,69.91525423728814,21.1864406779661,10.16949152542373,89.83050847457628,46.61016949152542,43.22033898305085
11119,11,119,1920,340,30,310,219,91,32,308,167,141,17.708333333333336,8.823529411764707,91.17647058823529,64.41176470588236,26.764705882352942,9.411764705882353,90.58823529411765,49.11764705882353,41.47058823529412
11120,11,120,1443,336,24,312,217,95,24,312,159,153,23.284823284823286,7.142857142857142,92.85714285714286,64.58333333333334,28.273809523809522,7.142857142857142,92.85714285714286,47.32142857142857,45.535714285714285
111A,11,1A,0,370,16,354,213,141,22,348,212,136,inf,4.324324324324325,95.67567567567568,57.567567567567565,38.108108108108105,5.9459459459459465,94.05405405405406,57.2972972972973,36.75675675675676
111B,11,1B,0,462,40,422,267,155,42,420,234,186,inf,8.658008658008658,91.34199134199135,57.7922077922078,33.549783549783555,9.090909090909092,90.9090909090909,50.649350649350644,40.25974025974026
111C,11,1C,0,457,25,432,269,163,42,415,258,157,inf,5.470459518599562,94.52954048140045,58.86214442013129,35.667396061269145,9.190371991247265,90.80962800875274,56.455142231947484,34.35448577680525
111D,11,1D,0,384,20,364,228,136,27,357,216,141,inf,5.208333333333334,94.79166666666666,59.375,35.41666666666667,7.03125,92.96875,56.25,36.71875
111E,11,1E,0,359,27,332,216,116,32,327,168,159,inf,7.520891364902507,92.47910863509749,60.16713091922006,32.31197771587744,8.913649025069638,91.08635097493037,46.796657381615596,44.28969359331476
11201,11,201,1611,347,15,332,217,115,32,315,169,146,21.53941651148355,4.322766570605188,95.67723342939482,62.53602305475504,33.14121037463977,9.221902017291066,90.77809798270894,48.70317002881844,42.07492795389049
11202,11,202,1367,289,15,274,181,93,22,267,138,129,21.141185076810533,5.190311418685121,94.80968858131487,62.629757785467135,32.17993079584775,7.612456747404845,92.38754325259517,47.75086505190311,44.636678200692046
11203,11,203,1248,327,35,292,206,86,33,294,162,132,26.201923076923077,10.703363914373089,89.29663608562691,62.99694189602446,26.299694189602445,10.091743119266056,89.90825688073394,49.54128440366973,40.36697247706422
11204,11,204,1200,260,22,238,168,70,22,238,135,103,21.666666666666668,8.461538461538462,91.53846153846153,64.61538461538461,26.923076923076923,8.461538461538462,91.53846153846153,51.92307692307693,39.61538461538461
11205,11,205,1374,226,17,209,131,78,23,203,127,76,16.448326055312958,7.52212389380531,92.47787610619469,57.9646017699115,34.51327433628318,10.176991150442479,89.82300884955751,56.19469026548673,33.6283185840708
11206,11,206,1826,378,32,346,247,99,40,338,176,162,20.700985761226725,8.465608465608465,91.53439153439153,65.34391534391534,26.190476190476193,10.582010582010582,89.41798941798942,46.56084656084656,42.857142857142854
11207,11,207,1587,281,20,261,170,91,31,250,135,115,17.706364209199748,7.11743772241993,92.88256227758008,60.4982206405694,32.38434163701068,11.032028469750891,88.96797153024912,48.04270462633452,40.92526690391459
11208,11,208,1516,469,32,437,254,183,39,430,247,183,30.936675461741427,6.823027718550106,93.17697228144989,54.15778251599147,39.01918976545842,8.315565031982942,91.68443496801706,52.66524520255863,39.01918976545842
11209,11,209,1168,337,31,306,184,122,39,298,170,128,28.852739726027398,9.198813056379821,90.80118694362018,54.59940652818991,36.20178041543027,11.572700296735905,88.4272997032641,50.445103857566764,37.98219584569733
11210,11,210,2026,572,31,541,356,185,42,530,265,265,28.2329713721619,5.419580419580419,94.58041958041959,62.23776223776224,32.34265734265735,7.3426573426573425,92.65734265734265,46.32867132867133,46.32867132867133
11211,11,211,2071,487,36,451,293,158,39,448,220,228,23.515210043457266,7.392197125256674,92.60780287474333,60.16427104722793,32.4435318275154,8.008213552361395,91.9917864476386,45.17453798767967,46.81724845995893
11212,11,212,1638,548,43,505,290,215,37,511,270,241,33.45543345543345,7.846715328467154,92.15328467153284,52.919708029197075,39.23357664233576,6.751824817518248,93.24817518248175,49.27007299270073,43.97810218978102
11213,11,213,998,235,20,215,128,87,25,210,118,92,23.547094188376754,8.51063829787234,91.48936170212765,54.46808510638298,37.02127659574468,10.638297872340425,89.36170212765957,50.212765957446805,39.148936170212764
11214,11,214,2093,508,52,456,304,152,49,459,259,200,24.271380793119924,10.236220472440944,89.76377952755905,59.84251968503938,29.92125984251969,9.645669291338582,90.35433070866141,50.98425196850393,39.37007874015748
11215,11,215,1352,450,24,426,257,169,41,409,209,200,33.28402366863905,5.333333333333334,94.66666666666667,57.111111111111114,37.55555555555555,9.11111111111111,90.88888888888889,46.44444444444444,44.44444444444444
11216,11,216,1520,471,40,431,264,167,50,421,248,173,30.986842105263158,8.492569002123142,91.50743099787687,56.05095541401274,35.45647558386412,10.615711252653929,89.38428874734608,52.653927813163484,36.730360934182585
11217,11,217,1930,519,49,470,296,174,67,452,266,186,26.89119170984456,9.441233140655106,90.5587668593449,57.03275529865125,33.52601156069364,12.909441233140656,87.09055876685935,51.252408477842,35.83815028901734
11218,11,218,1771,531,47,484,280,204,53,478,275,203,29.983060417843028,8.851224105461393,91.1487758945386,52.730696798493405,38.4180790960452,9.981167608286253,90.01883239171374,51.78907721280602,38.22975517890772
11219,11,219,2233,620,64,556,366,190,65,555,302,253,27.765338110165693,10.32258064516129,89.6774193548387,59.03225806451613,30.64516129032258,10.483870967741936,89.51612903225806,48.70967741935484,40.806451612903224
11220,11,220,1291,307,27,280,180,100,30,277,154,123,23.78001549186677,8.794788273615636,91.20521172638436,58.63192182410424,32.57328990228013,9.77198697068404,90.22801302931596,50.1628664495114,40.06514657980456
11221,11,221,1052,315,24,291,185,106,37,278,142,136,29.942965779467677,7.6190476190476195,92.38095238095238,58.730158730158735,33.65079365079365,11.746031746031745,88.25396825396825,45.07936507936508,43.17460317460318
112A,11,2A,0,533,50,483,299,184,63,470,284,186,inf,9.380863039399625,90.61913696060037,56.09756097560976,34.52157598499062,11.819887429643527,88.18011257035647,53.283302063789876,34.8968105065666
112B,11,2B,0,532,42,490,254,236,38,494,334,160,inf,7.894736842105263,92.10526315789474,47.744360902255636,44.3609022556391,7.142857142857142,92.85714285714286,62.78195488721805,30.075187969924812
112C,11,2C,0,718,61,657,393,264,58,660,388,272,inf,8.495821727019498,91.5041782729805,54.73537604456824,36.768802228412255,8.07799442896936,91.92200557103064,54.038997214484674,37.88300835654596
112D,11,2D,0,677,46,631,356,275,47,630,373,257,inf,6.794682422451995,93.205317577548,52.58493353028065,40.62038404726736,6.942392909896602,93.0576070901034,55.096011816838995,37.9615952732644
112E,11,2E,0,513,32,481,285,196,35,478,279,199,inf,6.237816764132553,93.76218323586744,55.55555555555556,38.20662768031189,6.82261208576998,93.17738791423001,54.385964912280706,38.79142300194932
11301,11,301,1583,441,54,387,266,121,49,392,236,156,27.858496525584332,12.244897959183673,87.75510204081633,60.317460317460316,27.43764172335601,11.11111111111111,88.88888888888889,53.51473922902494,35.374149659863946
11302,11,302,1212,346,35,311,211,100,39,307,184,123,28.54785478547855,10.115606936416185,89.88439306358381,60.982658959537574,28.901734104046245,11.271676300578035,88.72832369942196,53.179190751445084,35.54913294797688
11303,11,303,1807,437,17,420,281,139,50,387,201,186,24.183729939125623,3.8901601830663615,96.10983981693364,64.30205949656751,31.80778032036613,11.441647597254006,88.558352402746,45.9954233409611,42.5629290617849
11304,11,304,1802,424,30,394,275,119,39,385,189,196,23.52941176470588,7.0754716981132075,92.9245283018868,64.85849056603774,28.066037735849058,9.19811320754717,90.80188679245283,44.575471698113205,46.22641509433962
11305,11,305,1773,496,34,462,294,168,36,460,238,222,27.975183305132546,6.854838709677419,93.14516129032258,59.2741935483871,33.87096774193548,7.258064516129033,92.74193548387096,47.983870967741936,44.75806451612903
11306,11,306,1801,362,28,334,214,120,32,330,170,160,20.099944475291505,7.734806629834254,92.26519337016575,59.11602209944752,33.14917127071823,8.83977900552486,91.16022099447514,46.96132596685083,44.19889502762431
11307,11,307,1881,390,21,369,244,125,40,350,184,166,20.73365231259968,5.384615384615385,94.61538461538461,62.56410256410256,32.05128205128205,10.256410256410255,89.74358974358975,47.179487179487175,42.56410256410256
11308,11,308,1350,282,21,261,160,101,26,256,142,114,20.88888888888889,7.446808510638298,92.5531914893617,56.73758865248227,35.815602836879435,9.219858156028367,90.78014184397163,50.35460992907801,40.42553191489361
11309,11,309,1704,332,21,311,204,107,30,302,148,154,19.483568075117372,6.325301204819277,93.67469879518072,61.44578313253012,32.22891566265061,9.036144578313253,90.96385542168674,44.57831325301205,46.3855421686747
11310,11,310,1738,352,31,321,206,115,45,307,169,138,20.253164556962027,8.806818181818182,91.19318181818183,58.52272727272727,32.67045454545455,12.784090909090908,87.2159090909091,48.01136363636363,39.20454545454545
11311,11,311,1303,324,33,291,190,101,29,295,163,132,24.86569455103607,10.185185185185185,89.81481481481481,58.64197530864198,31.17283950617284,8.950617283950617,91.0493827160494,50.308641975308646,40.74074074074074
11312,11,312,1894,512,38,474,246,228,35,477,306,171,27.03273495248152,7.421875,92.578125,48.046875,44.53125,6.8359375,93.1640625,59.765625,33.3984375
11313,11,313,798,173,11,162,92,70,15,158,93,65,21.67919799498747,6.358381502890173,93.64161849710982,53.179190751445084,40.46242774566474,8.670520231213873,91.32947976878613,53.75722543352601,37.57225433526011
11314,11,314,1572,394,42,352,134,218,52,342,194,148,25.06361323155216,10.65989847715736,89.34010152284264,34.01015228426396,55.32994923857868,13.19796954314721,86.80203045685279,49.23857868020304,37.56345177664975
11315,11,315,1755,436,42,394,263,131,41,395,216,179,24.843304843304843,9.63302752293578,90.36697247706422,60.321100917431195,30.045871559633024,9.403669724770642,90.59633027522935,49.54128440366973,41.05504587155963
11316,11,316,1912,434,26,408,255,153,34,400,216,184,22.698744769874477,5.990783410138248,94.00921658986175,58.75576036866359,35.25345622119816,7.834101382488479,92.16589861751152,49.76958525345622,42.3963133640553
11317,11,317,1115,284,46,238,153,85,28,256,149,107,25.47085201793722,16.19718309859155,83.80281690140845,53.87323943661971,29.929577464788732,9.859154929577464,90.14084507042254,52.46478873239436,37.67605633802817
11318,11,318,1197,227,11,216,156,60,21,206,98,108,18.9640768588137,4.845814977973569,95.15418502202643,68.72246696035242,26.431718061674008,9.251101321585903,90.7488986784141,43.17180616740088,47.57709251101321
11319,11,319,1740,316,25,291,197,94,19,297,151,146,18.160919540229887,7.9113924050632916,92.08860759493672,62.34177215189873,29.746835443037973,6.012658227848101,93.9873417721519,47.78481012658228,46.20253164556962
11320,11,320,2023,507,45,462,324,138,53,454,209,245,25.061789421651014,8.875739644970414,91.12426035502959,63.905325443786985,27.218934911242602,10.453648915187378,89.54635108481263,41.222879684418146,48.32347140039448
11321,11,321,1941,587,68,519,344,175,81,506,273,233,30.24214322514168,11.584327086882453,88.41567291311755,58.603066439523,29.81260647359455,13.798977853492334,86.20102214650767,46.50766609880749,39.69335604770017
113A,11,3A,0,535,28,507,284,223,32,503,302,201,inf,5.233644859813085,94.76635514018692,53.084112149532714,41.6822429906542,5.981308411214954,94.01869158878505,56.44859813084112,37.570093457943926
113B,11,3B,0,547,39,508,300,208,38,509,307,202,inf,7.129798903107861,92.87020109689213,54.844606946983546,38.02559414990859,6.946983546617916,93.05301645338209,56.12431444241316,36.92870201096892
113C,11,3C,0,623,28,595,257,338,33,590,346,244,inf,4.49438202247191,95.50561797752809,41.25200642054575,54.25361155698234,5.296950240770466,94.70304975922953,55.53772070626003,39.1653290529695
113D,11,3D,0,630,65,565,303,262,55,575,386,189,inf,10.317460317460316,89.68253968253968,48.095238095238095,41.58730158730159,8.73015873015873,91.26984126984127,61.26984126984127,30.0
113E,11,3E,0,601,87,514,313,201,63,538,312,226,inf,14.47587354409318,85.52412645590682,52.079866888519135,33.44425956738768,10.482529118136439,89.51747088186356,51.9134775374376,37.60399334442596
11401,11,401,1934,464,42,422,272,150,45,419,222,197,23.991726990692865,9.051724137931034,90.94827586206897,58.620689655172406,32.327586206896555,9.698275862068966,90.30172413793103,47.8448275862069,42.456896551724135
11402,11,402,1234,349,13,336,246,90,24,325,131,194,28.282009724473255,3.7249283667621778,96.27507163323781,70.48710601719198,25.787965616045845,6.876790830945559,93.12320916905445,37.53581661891118,55.587392550143264
11403,11,403,1660,491,37,454,304,150,52,439,221,218,29.578313253012052,7.535641547861507,92.4643584521385,61.91446028513238,30.549898167006113,10.590631364562118,89.40936863543789,45.010183299389,44.39918533604888
11404,11,404,1990,598,55,543,349,194,60,538,289,249,30.050251256281406,9.197324414715718,90.80267558528428,58.36120401337793,32.441471571906355,10.033444816053512,89.96655518394648,48.32775919732442,41.63879598662207
11405,11,405,1716,397,31,366,224,142,43,354,198,156,23.135198135198134,7.8085642317380355,92.19143576826197,56.42317380352645,35.768261964735515,10.831234256926953,89.16876574307305,49.87405541561713,39.29471032745592
11406,11,406,1782,476,36,440,281,159,43,433,227,206,26.71156004489338,7.563025210084033,92.43697478991596,59.03361344537815,33.403361344537814,9.033613445378151,90.96638655462185,47.689075630252105,43.27731092436975
11407,11,407,1369,348,31,317,218,99,34,314,159,155,25.4200146092038,8.908045977011495,91.0919540229885,62.643678160919535,28.448275862068968,9.770114942528735,90.22988505747126,45.689655172413794,44.54022988505747
11408,11,408,1491,392,33,359,228,131,23,369,184,185,26.291079812206576,8.418367346938775,91.58163265306123,58.16326530612245,33.41836734693878,5.86734693877551,94.13265306122449,46.93877551020408,47.19387755102041
11409,11,409,2189,680,36,644,483,161,50,630,244,386,31.064412973960714,5.294117647058823,94.70588235294117,71.02941176470588,23.676470588235293,7.352941176470589,92.64705882352942,35.88235294117647,56.76470588235294
11410,11,410,1795,527,33,494,372,122,50,477,198,279,29.35933147632312,6.261859582542694,93.7381404174573,70.58823529411765,23.14990512333966,9.487666034155598,90.5123339658444,37.571157495256166,52.94117647058824
11411,11,411,1396,487,17,470,317,153,38,449,165,284,34.885386819484246,3.4907597535934287,96.50924024640656,65.09240246406571,31.416837782340863,7.802874743326489,92.1971252566735,33.880903490759756,58.31622176591375
11412,11,412,2100,718,35,683,466,217,41,677,300,377,34.19047619047619,4.874651810584958,95.12534818941504,64.9025069637883,30.22284122562674,5.710306406685237,94.28969359331477,41.78272980501393,52.50696378830083
11413,11,413,1313,349,24,325,195,130,32,317,165,152,26.580350342726582,6.876790830945559,93.12320916905445,55.873925501432666,37.249283667621775,9.169054441260744,90.83094555873924,47.277936962750715,43.553008595988544
11414,11,414,2054,681,39,642,417,225,48,633,322,311,33.15481986368062,5.726872246696035,94.27312775330397,61.23348017621145,33.03964757709251,7.048458149779736,92.95154185022027,47.28340675477239,45.66813509544787
11415,11,415,2012,548,17,531,396,135,41,507,202,305,27.236580516898606,3.102189781021898,96.8978102189781,72.26277372262774,24.635036496350367,7.481751824817519,92.51824817518248,36.86131386861314,55.65693430656934
11416,11,416,1951,553,20,533,383,150,46,507,218,289,28.344438749359302,3.616636528028933,96.38336347197107,69.25858951175407,27.124773960217,8.318264014466546,91.68173598553345,39.42133815551537,52.26039783001808
11417,11,417,2040,650,30,620,467,153,39,611,253,358,31.862745098039213,4.615384615384616,95.38461538461539,71.84615384615385,23.53846153846154,6.0,94.0,38.92307692307692,55.07692307692308
11418,11,418,1770,548,43,505,300,205,65,483,246,237,30.96045197740113,7.846715328467154,92.15328467153284,54.74452554744526,37.408759124087595,11.861313868613138,88.13868613138686,44.89051094890511,43.24817518248175
11419,11,419,1549,347,23,324,200,124,34,313,169,144,22.4015493867011,6.628242074927954,93.37175792507205,57.636887608069166,35.73487031700288,9.798270893371757,90.20172910662824,48.70317002881844,41.4985590778098
11420,11,420,1305,428,43,385,272,113,43,385,166,219,32.79693486590038,10.046728971962617,89.95327102803739,63.55140186915887,26.401869158878505,10.046728971962617,89.95327102803739,38.78504672897196,51.16822429906542
11421,11,421,1312,455,25,430,137,293,47,408,197,211,34.67987804878049,5.4945054945054945,94.5054945054945,30.10989010989011,64.3956043956044,10.329670329670328,89.67032967032968,43.2967032967033,46.37362637362637
11422,11,422,1224,307,18,289,189,100,26,281,133,148,25.08169934640523,5.863192182410423,94.13680781758957,61.563517915309454,32.57328990228013,8.469055374592834,91.53094462540716,43.32247557003257,48.20846905537459
114A,11,4A,0,707,61,646,384,262,57,650,409,241,inf,8.628005657708627,91.37199434229137,54.31400282885431,37.05799151343705,8.062234794908061,91.93776520509194,57.85007072135785,34.08769448373409
114B,11,4B,0,652,50,602,354,248,55,597,348,249,inf,7.668711656441718,92.33128834355828,54.29447852760736,38.036809815950924,8.43558282208589,91.56441717791411,53.37423312883436,38.190184049079754
114C,11,4C,0,768,38,730,472,258,46,722,228,494,inf,4.947916666666666,95.05208333333334,61.458333333333336,33.59375,5.989583333333334,94.01041666666666,29.6875,64.32291666666666
114D,11,4D,0,637,30,607,401,206,36,601,309,292,inf,4.709576138147567,95.29042386185243,62.95133437990581,32.33908948194662,5.651491365777081,94.34850863422291,48.50863422291994,45.839874411302986
114E,11,4E,0,484,41,443,197,246,40,444,256,188,inf,8.47107438016529,91.52892561983471,40.70247933884297,50.82644628099173,8.264462809917356,91.73553719008265,52.892561983471076,38.84297520661157
114F,11,4F,0,479,26,453,306,147,35,444,221,223,inf,5.427974947807933,94.57202505219206,63.88308977035491,30.68893528183716,7.306889352818372,92.69311064718163,46.13778705636743,46.5553235908142
11501,11,501,1332,282,28,254,161,93,35,247,138,109,21.17117117117117,9.929078014184398,90.0709219858156,57.09219858156028,32.97872340425532,12.411347517730496,87.58865248226951,48.93617021276596,38.652482269503544
11502,11,502,1952,464,36,428,296,132,42,422,226,196,23.770491803278688,7.758620689655173,92.24137931034483,63.793103448275865,28.448275862068968,9.051724137931034,90.94827586206897,48.706896551724135,42.241379310344826
11503,11,503,1024,253,19,234,163,71,27,226,109,117,24.70703125,7.5098814229249005,92.4901185770751,64.42687747035573,28.063241106719367,10.67193675889328,89.32806324110672,43.08300395256917,46.24505928853755
11504,11,504,1909,538,18,520,401,119,40,498,176,322,28.18229439497119,3.3457249070631967,96.6542750929368,74.53531598513011,22.118959107806692,7.434944237918216,92.56505576208178,32.71375464684015,59.85130111524164
11505,11,505,1625,381,19,362,244,118,29,352,168,184,23.446153846153848,4.986876640419948,95.01312335958005,64.04199475065617,30.971128608923888,7.611548556430446,92.38845144356955,44.09448818897638,48.29396325459317
11506,11,506,1985,497,26,471,314,157,43,454,217,237,25.03778337531486,5.23138832997988,94.76861167002012,63.17907444668008,31.58953722334004,8.651911468812877,91.34808853118712,43.66197183098591,47.68611670020121
11507,11,507,1904,520,48,472,315,157,59,461,235,226,27.310924369747898,9.230769230769232,90.76923076923077,60.57692307692307,30.19230769230769,11.346153846153847,88.65384615384615,45.19230769230769,43.46153846153846
11508,11,508,2112,586,39,547,320,227,59,527,309,218,27.74621212121212,6.655290102389079,93.34470989761093,54.60750853242321,38.737201365187715,10.06825938566553,89.93174061433447,52.73037542662116,37.20136518771331
11509,11,509,1778,429,44,385,278,107,48,381,203,178,24.12823397075366,10.256410256410255,89.74358974358975,64.80186480186481,24.941724941724942,11.188811188811188,88.81118881118881,47.31934731934732,41.49184149184149
11510,11,510,1811,544,19,525,414,111,30,514,188,326,30.03865267807841,3.4926470588235294,96.50735294117648,76.10294117647058,20.40441176470588,5.514705882352941,94.48529411764706,34.55882352941176,59.92647058823529
11511,11,511,1954,535,27,508,357,151,48,487,205,282,27.37973387922211,5.046728971962617,94.95327102803738,66.72897196261682,28.22429906542056,8.97196261682243,91.02803738317758,38.31775700934579,52.71028037383177
11512,11,512,2419,738,27,711,521,190,52,686,256,430,30.508474576271187,3.6585365853658534,96.34146341463415,70.59620596205963,25.745257452574528,7.046070460704606,92.95392953929539,34.68834688346883,58.265582655826556
11513,11,513,2167,595,19,576,419,157,38,557,225,332,27.457314259344717,3.1932773109243695,96.80672268907563,70.4201680672269,26.38655462184874,6.386554621848739,93.61344537815125,37.81512605042017,55.79831932773109
11514,11,514,2188,605,27,578,401,177,59,546,247,299,27.6508226691042,4.462809917355372,95.53719008264463,66.28099173553719,29.256198347107436,9.75206611570248,90.24793388429751,40.82644628099173,49.421487603305785
11515,11,515,2109,614,64,550,350,200,78,536,291,245,29.113323850165955,10.423452768729643,89.57654723127035,57.00325732899023,32.57328990228013,12.703583061889251,87.29641693811075,47.39413680781759,39.902280130293164
11516,11,516,1531,353,41,312,233,79,39,314,159,155,23.056825604180275,11.614730878186968,88.38526912181302,66.0056657223796,22.379603399433428,11.048158640226628,88.95184135977338,45.04249291784703,43.90934844192634
11517,11,517,1825,744,14,730,582,148,35,709,181,528,40.76712328767123,1.881720430107527,98.11827956989248,78.2258064516129,19.892473118279568,4.704301075268817,95.29569892473118,24.327956989247312,70.96774193548387
11518,11,518,1128,412,10,402,319,83,17,395,104,291,36.52482269503546,2.4271844660194173,97.57281553398059,77.42718446601941,20.145631067961165,4.12621359223301,95.87378640776699,25.24271844660194,70.63106796116504
11519,11,519,2063,731,23,708,566,142,43,688,208,480,35.43383422200679,3.146374829001368,96.85362517099864,77.4281805745554,19.425444596443228,5.88235294117647,94.11764705882352,28.454172366621066,65.66347469220246
115A,11,5A,0,750,40,710,539,171,64,686,244,442,inf,5.333333333333334,94.66666666666667,71.86666666666667,22.8,8.533333333333333,91.46666666666667,32.53333333333333,58.93333333333334
115B,11,5B,0,780,43,737,515,222,37,743,378,365,inf,5.512820512820513,94.48717948717949,66.02564102564102,28.46153846153846,4.743589743589744,95.25641025641025,48.46153846153846,46.794871794871796
115C,11,5C,0,675,51,624,402,222,48,627,348,279,inf,7.555555555555555,92.44444444444444,59.55555555555555,32.88888888888889,7.111111111111111,92.88888888888889,51.55555555555556,41.333333333333336
115D,11,5D,0,665,63,602,367,235,57,608,338,270,inf,9.473684210526317,90.52631578947368,55.18796992481203,35.338345864661655,8.571428571428571,91.42857142857143,50.82706766917293,40.6015037593985
115E,11,5E,0,446,29,417,250,167,18,428,255,173,inf,6.502242152466367,93.49775784753363,56.05381165919282,37.44394618834081,4.0358744394618835,95.96412556053812,57.17488789237668,38.789237668161434
11601,11,601,2049,624,76,548,360,188,104,520,277,243,30.45387994143485,12.179487179487179,87.82051282051282,57.692307692307686,30.128205128205128,16.666666666666664,83.33333333333334,44.391025641025635,38.94230769230769
11602,11,602,1689,531,36,495,313,182,53,478,248,230,31.438721136767317,6.779661016949152,93.22033898305084,58.94538606403014,34.27495291902072,9.981167608286253,90.01883239171374,46.70433145009416,43.314500941619585
11603,11,603,1827,489,42,447,289,158,61,428,225,203,26.76518883415435,8.588957055214724,91.41104294478528,59.100204498977504,32.31083844580777,12.474437627811861,87.52556237218813,46.012269938650306,41.513292433537835
11604,11,604,1795,553,48,505,325,180,49,504,255,249,30.80779944289694,8.679927667269439,91.32007233273056,58.77034358047016,32.5497287522604,8.860759493670885,91.13924050632912,46.1121157323689,45.02712477396022
11605,11,605,1933,485,78,407,211,196,78,407,196,211,25.090532850491464,16.082474226804123,83.91752577319588,43.50515463917526,40.41237113402062,16.082474226804123,83.91752577319588,40.41237113402062,43.50515463917526
11606,11,606,1879,527,53,474,337,137,57,470,234,236,28.046833422032996,10.056925996204933,89.94307400379506,63.946869070208734,25.996204933586338,10.815939278937382,89.18406072106262,44.4022770398482,44.78178368121442
11607,11,607,986,251,31,220,139,81,35,216,126,90,25.456389452332655,12.350597609561753,87.64940239043824,55.37848605577689,32.27091633466135,13.94422310756972,86.05577689243027,50.199203187250994,35.85657370517929
11608,11,608,1717,456,51,405,277,128,47,409,209,200,26.557949912638325,11.18421052631579,88.81578947368422,60.74561403508771,28.07017543859649,10.307017543859649,89.69298245614034,45.83333333333333,43.859649122807014
11609,11,609,1308,358,24,334,241,93,37,321,166,155,27.370030581039757,6.70391061452514,93.29608938547486,67.31843575418995,25.977653631284912,10.335195530726256,89.66480446927375,46.36871508379888,43.296089385474865
11610,11,610,1671,477,38,439,277,162,35,442,227,215,28.545780969479356,7.966457023060797,92.0335429769392,58.07127882599581,33.9622641509434,7.337526205450734,92.66247379454927,47.58909853249476,45.073375262054505
11611,11,611,1289,451,19,432,303,129,20,431,183,248,34.98836307214896,4.212860310421286,95.78713968957871,67.1840354767184,28.60310421286031,4.434589800443459,95.56541019955654,40.57649667405765,54.988913525498894
11612,11,612,2002,787,65,722,432,290,75,712,366,346,39.31068931068931,8.259212198221093,91.74078780177891,54.891994917407885,36.84879288437103,9.529860228716645,90.47013977128336,46.50571791613723,43.96442185514612
11613,11,613,1422,538,25,513,366,147,45,493,195,298,37.83403656821378,4.646840148698884,95.35315985130111,68.02973977695167,27.323420074349443,8.364312267657994,91.635687732342,36.2453531598513,55.39033457249071
11614,11,614,1174,482,21,461,284,177,27,455,215,240,41.05621805792163,4.356846473029045,95.64315352697096,58.921161825726145,36.72199170124482,5.601659751037345,94.39834024896265,44.60580912863071,49.79253112033195
11615,11,615,1623,612,39,573,374,199,65,547,265,282,37.707948243992604,6.372549019607843,93.62745098039215,61.111111111111114,32.51633986928105,10.620915032679738,89.37908496732027,43.30065359477124,46.07843137254902
11616,11,616,2128,834,35,799,549,250,63,771,304,467,39.19172932330827,4.1966426858513195,95.80335731414868,65.82733812949641,29.97601918465228,7.553956834532374,92.44604316546763,36.45083932853717,55.99520383693045
11617,11,617,1221,555,22,533,356,177,36,519,222,297,45.45454545454545,3.963963963963964,96.03603603603604,64.14414414414415,31.891891891891895,6.486486486486487,93.51351351351352,40.0,53.51351351351351
11618,11,618,1167,398,32,366,237,129,37,361,181,180,34.10454155955441,8.040201005025125,91.95979899497488,59.54773869346733,32.41206030150754,9.296482412060302,90.7035175879397,45.47738693467337,45.22613065326633
11619,11,619,2435,1085,41,1044,602,442,43,1042,506,536,44.558521560574945,3.778801843317972,96.22119815668204,55.483870967741936,40.73732718894009,3.963133640552995,96.036866359447,46.63594470046083,49.40092165898618
11620,11,620,1454,567,31,536,345,191,37,530,248,282,38.99587345254471,5.467372134038801,94.53262786596119,60.84656084656085,33.68606701940035,6.525573192239858,93.47442680776014,43.738977072310405,49.735449735449734
11621,11,621,1029,465,20,445,286,159,33,432,205,227,45.18950437317784,4.301075268817205,95.6989247311828,61.505376344086024,34.193548387096776,7.096774193548387,92.90322580645162,44.086021505376344,48.817204301075265
11622,11,622,2071,961,39,922,592,330,53,908,356,552,46.40270400772574,4.0582726326742975,95.9417273673257,61.602497398543186,34.33922996878252,5.515088449531738,94.48491155046827,37.04474505723205,57.44016649323621
116A,11,6A,0,798,32,766,458,308,42,756,376,380,inf,4.010025062656641,95.98997493734336,57.393483709273184,38.59649122807017,5.263157894736842,94.73684210526315,47.11779448621554,47.61904761904761
116B,11,6B,0,722,56,666,370,296,53,669,417,252,inf,7.756232686980609,92.24376731301939,51.24653739612188,40.99722991689751,7.340720221606649,92.65927977839335,57.75623268698061,34.903047091412745
116C,11,6C,0,631,56,575,340,235,40,591,370,221,inf,8.874801901743265,91.12519809825673,53.88272583201268,37.24247226624406,6.3391442155309035,93.6608557844691,58.63708399366085,35.02377179080824
116D,11,6D,0,925,54,871,559,312,51,874,431,443,inf,5.837837837837838,94.16216216216216,60.432432432432435,33.729729729729726,5.513513513513513,94.48648648648648,46.5945945945946,47.89189189189189
116E,11,6E,0,897,67,830,498,332,73,824,460,364,inf,7.469342251950947,92.53065774804905,55.51839464882943,37.01226309921962,8.138238573021182,91.86176142697882,51.28205128205128,40.57971014492754
12101,12,101,1189,337,20,317,178,139,21,316,169,147,28.34314550042052,5.934718100890208,94.06528189910979,52.818991097922854,41.246290801186944,6.231454005934718,93.76854599406528,50.14836795252226,43.62017804154303
12102,12,102,946,232,21,211,149,62,19,213,105,108,24.52431289640592,9.051724137931034,90.94827586206897,64.22413793103449,26.72413793103448,8.189655172413794,91.8103448275862,45.258620689655174,46.55172413793103
12103,12,103,878,228,13,215,147,68,29,199,99,100,25.968109339407746,5.701754385964912,94.2982456140351,64.47368421052632,29.82456140350877,12.719298245614036,87.28070175438597,43.42105263157895,43.859649122807014
12104,12,104,916,221,10,211,145,66,21,200,93,107,24.126637554585155,4.524886877828054,95.47511312217195,65.61085972850678,29.86425339366516,9.502262443438914,90.49773755656109,42.081447963800905,48.41628959276018
12105,12,105,809,150,10,140,97,43,12,138,64,74,18.541409147095177,6.666666666666667,93.33333333333333,64.66666666666666,28.666666666666668,8.0,92.0,42.66666666666667,49.333333333333336
12106,12,106,1160,290,25,265,191,74,24,266,136,130,25.0,8.620689655172415,91.37931034482759,65.86206896551724,25.517241379310345,8.275862068965518,91.72413793103448,46.89655172413793,44.827586206896555
12107,12,107,886,254,32,222,148,74,34,220,118,102,28.66817155756208,12.598425196850393,87.4015748031496,58.26771653543307,29.133858267716533,13.385826771653544,86.61417322834646,46.45669291338583,40.15748031496063
12108,12,108,1211,387,43,344,229,115,61,326,185,141,31.957060280759702,11.11111111111111,88.88888888888889,59.17312661498708,29.71576227390181,15.762273901808785,84.23772609819122,47.80361757105943,36.434108527131784
12109,12,109,921,186,14,172,110,62,17,169,97,72,20.195439739413683,7.526881720430108,92.47311827956989,59.13978494623656,33.33333333333333,9.13978494623656,90.86021505376344,52.1505376344086,38.70967741935484
12110,12,110,898,213,16,197,148,49,26,187,105,82,23.719376391982184,7.511737089201878,92.48826291079813,69.48356807511738,23.004694835680752,12.206572769953052,87.79342723004694,49.29577464788733,38.497652582159624
12111,12,111,1178,290,16,274,193,81,33,257,125,132,24.61799660441426,5.517241379310345,94.48275862068965,66.55172413793103,27.93103448275862,11.379310344827587,88.62068965517241,43.103448275862064,45.51724137931035
12112,12,112,1273,378,27,351,213,138,41,337,187,150,29.693637077769047,7.142857142857142,92.85714285714286,56.34920634920635,36.507936507936506,10.846560846560847,89.15343915343915,49.47089947089947,39.682539682539684
12113,12,113,679,205,32,173,105,68,19,186,106,80,30.191458026509572,15.609756097560975,84.39024390243902,51.21951219512195,33.170731707317074,9.268292682926829,90.73170731707317,51.707317073170735,39.02439024390244
12114,12,114,1786,324,33,291,201,90,38,286,174,112,18.141097424412095,10.185185185185185,89.81481481481481,62.03703703703704,27.77777777777778,11.728395061728394,88.27160493827161,53.70370370370371,34.5679012345679
12115,12,115,675,164,10,154,117,37,20,144,49,95,24.296296296296298,6.097560975609756,93.90243902439023,71.34146341463415,22.5609756097561,12.195121951219512,87.8048780487805,29.878048780487802,57.92682926829268
12116,12,116,1110,274,12,262,186,76,16,258,122,136,24.684684684684687,4.37956204379562,95.62043795620438,67.88321167883211,27.73722627737226,5.839416058394161,94.16058394160584,44.52554744525548,49.63503649635037
12117,12,117,1643,397,35,362,236,126,44,353,184,169,24.1631162507608,8.816120906801007,91.183879093199,59.44584382871536,31.738035264483628,11.083123425692696,88.9168765743073,46.34760705289673,42.56926952141058
12118,12,118,1528,311,42,269,181,88,36,275,158,117,20.353403141361255,13.504823151125404,86.49517684887459,58.19935691318327,28.29581993569132,11.57556270096463,88.42443729903538,50.80385852090033,37.62057877813505
12119,12,119,1358,358,18,340,245,95,28,330,152,178,26.362297496318117,5.027932960893855,94.97206703910615,68.43575418994413,26.536312849162012,7.82122905027933,92.17877094972067,42.45810055865922,49.72067039106145
12120,12,120,1414,350,18,332,236,96,33,317,161,156,24.752475247524753,5.142857142857142,94.85714285714286,67.42857142857143,27.42857142857143,9.428571428571429,90.57142857142857,46.0,44.57142857142857
12121,12,121,1071,241,15,226,160,66,23,218,109,109,22.50233426704015,6.224066390041494,93.7759336099585,66.39004149377593,27.385892116182575,9.54356846473029,90.45643153526972,45.22821576763486,45.22821576763486
12122,12,122,1546,394,20,374,275,99,33,361,165,196,25.485122897800778,5.0761421319796955,94.9238578680203,69.79695431472082,25.12690355329949,8.375634517766498,91.6243654822335,41.878172588832484,49.746192893401016
12123,12,123,1514,301,23,278,189,89,28,273,122,151,19.88110964332893,7.641196013289036,92.35880398671097,62.7906976744186,29.568106312292358,9.30232558139535,90.69767441860465,40.53156146179402,50.16611295681063
12124,12,124,1058,208,13,195,145,50,26,182,83,99,19.659735349716446,6.25,93.75,69.71153846153845,24.03846153846154,12.5,87.5,39.90384615384615,47.59615384615385
12125,12,125,1159,258,15,243,178,65,20,238,109,129,22.260569456427955,5.813953488372093,94.18604651162791,68.9922480620155,25.1937984496124,7.751937984496124,92.24806201550388,42.248062015503876,50.0
12126,12,126,1210,279,18,261,173,88,26,253,125,128,23.05785123966942,6.451612903225806,93.54838709677419,62.00716845878136,31.54121863799283,9.31899641577061,90.68100358422939,44.80286738351255,45.878136200716845
121A,12,1A,0,478,29,449,275,174,36,442,264,178,inf,6.066945606694561,93.93305439330544,57.53138075313807,36.40167364016737,7.531380753138076,92.46861924686193,55.23012552301255,37.238493723849366
121B,12,1B,0,464,30,434,268,166,39,425,274,151,inf,6.4655172413793105,93.53448275862068,57.758620689655174,35.775862068965516,8.405172413793103,91.59482758620689,59.05172413793104,32.543103448275865
121C,12,1C,0,438,34,404,234,170,45,393,229,164,inf,7.76255707762557,92.23744292237443,53.42465753424658,38.81278538812785,10.273972602739725,89.72602739726028,52.28310502283106,37.44292237442922
121D,12,1D,0,363,19,344,210,134,36,327,210,117,inf,5.234159779614325,94.76584022038568,57.85123966942148,36.91460055096419,9.917355371900827,90.08264462809917,57.85123966942148,32.231404958677686
121E,12,1E,0,488,56,432,262,170,34,454,274,180,inf,11.475409836065573,88.52459016393442,53.68852459016394,34.83606557377049,6.967213114754098,93.0327868852459,56.14754098360656,36.885245901639344
121F,12,1F,0,424,32,392,253,139,39,385,241,144,inf,7.547169811320755,92.45283018867924,59.66981132075472,32.78301886792453,9.19811320754717,90.80188679245283,56.839622641509436,33.9622641509434
12201,12,201,1188,342,20,322,205,117,28,314,159,155,28.78787878787879,5.847953216374268,94.15204678362574,59.94152046783626,34.21052631578947,8.187134502923977,91.81286549707602,46.49122807017544,45.32163742690059
12202,12,202,1238,307,31,276,167,109,36,271,131,140,24.79806138933764,10.097719869706841,89.90228013029315,54.39739413680782,35.50488599348534,11.726384364820847,88.27361563517914,42.671009771986974,45.60260586319218
12203,12,203,1448,469,33,436,242,194,33,436,221,215,32.389502762430936,7.036247334754798,92.96375266524521,51.59914712153518,41.36460554371002,7.036247334754798,92.96375266524521,47.12153518123667,45.84221748400853
12204,12,204,785,281,18,263,162,101,24,257,119,138,35.796178343949045,6.405693950177936,93.59430604982207,57.65124555160143,35.94306049822064,8.540925266903916,91.45907473309609,42.34875444839858,49.11032028469751
12205,12,205,805,285,17,268,169,99,31,254,148,106,35.40372670807454,5.964912280701754,94.03508771929825,59.29824561403508,34.73684210526316,10.87719298245614,89.12280701754386,51.92982456140351,37.19298245614035
12206,12,206,1094,316,19,297,174,123,31,285,149,136,28.884826325411332,6.012658227848101,93.9873417721519,55.06329113924051,38.924050632911396,9.81012658227848,90.18987341772153,47.151898734177216,43.037974683544306
12207,12,207,1514,392,31,361,219,142,31,361,178,183,25.891677675033026,7.908163265306123,92.09183673469387,55.86734693877551,36.224489795918366,7.908163265306123,92.09183673469387,45.40816326530612,46.683673469387756
12208,12,208,1323,276,25,251,154,97,28,248,137,111,20.861678004535147,9.057971014492754,90.94202898550725,55.79710144927537,35.14492753623188,10.144927536231885,89.85507246376811,49.63768115942029,40.21739130434783
12209,12,209,1296,283,22,261,182,79,27,256,114,142,21.83641975308642,7.773851590106007,92.226148409894,64.31095406360424,27.915194346289752,9.540636042402827,90.45936395759718,40.282685512367486,50.17667844522968
12210,12,210,1516,355,16,339,231,108,29,326,143,183,23.416886543535618,4.507042253521127,95.49295774647887,65.07042253521126,30.422535211267604,8.169014084507042,91.83098591549296,40.28169014084507,51.54929577464789
12211,12,211,1250,362,26,336,206,130,25,337,185,152,28.96,7.18232044198895,92.81767955801105,56.9060773480663,35.91160220994475,6.906077348066299,93.0939226519337,51.10497237569061,41.988950276243095
12212,12,212,1712,405,37,368,213,155,49,356,217,139,23.656542056074766,9.135802469135802,90.8641975308642,52.59259259259259,38.2716049382716,12.098765432098766,87.90123456790123,53.58024691358024,34.32098765432099
12213,12,213,1623,411,28,383,260,123,35,376,183,193,25.32347504621072,6.81265206812652,93.18734793187348,63.26034063260341,29.927007299270077,8.51581508515815,91.48418491484185,44.52554744525548,46.95863746958637
12214,12,214,1117,298,19,279,182,97,30,268,145,123,26.678603401969564,6.375838926174497,93.6241610738255,61.07382550335571,32.5503355704698,10.06711409395973,89.93288590604027,48.65771812080537,41.2751677852349
12215,12,215,1499,400,27,373,233,140,33,367,187,180,26.684456304202804,6.75,93.25,58.25,35.0,8.25,91.75,46.75,45.0
12216,12,216,1624,380,37,343,225,118,43,337,190,147,23.39901477832512,9.736842105263158,90.26315789473685,59.210526315789465,31.05263157894737,11.31578947368421,88.68421052631578,50.0,38.68421052631579
12217,12,217,1430,350,18,332,214,118,38,312,158,154,24.475524475524477,5.142857142857142,94.85714285714286,61.142857142857146,33.714285714285715,10.857142857142858,89.14285714285714,45.14285714285714,44.0
12218,12,218,1058,181,15,166,110,56,21,160,69,91,17.107750472589792,8.287292817679557,91.71270718232044,60.773480662983424,30.939226519337016,11.602209944751381,88.39779005524862,38.12154696132597,50.27624309392266
12219,12,219,1204,281,32,249,150,99,30,251,133,118,23.33887043189369,11.387900355871885,88.61209964412812,53.380782918149464,35.231316725978644,10.676156583629894,89.32384341637011,47.330960854092524,41.99288256227758
12220,12,220,1356,279,13,266,201,65,22,257,123,134,20.575221238938052,4.659498207885305,95.3405017921147,72.04301075268818,23.297491039426525,7.885304659498208,92.1146953405018,44.086021505376344,48.028673835125446
12221,12,221,1538,349,36,313,225,88,54,295,151,144,22.69180754226268,10.315186246418339,89.68481375358166,64.46991404011462,25.214899713467048,15.472779369627506,84.5272206303725,43.26647564469914,41.260744985673355
12222,12,222,1039,255,15,240,166,74,21,234,105,129,24.542829643888354,5.88235294117647,94.11764705882352,65.09803921568627,29.01960784313726,8.235294117647058,91.76470588235294,41.17647058823529,50.588235294117645
12223,12,223,608,240,25,215,112,103,26,214,136,78,39.473684210526315,10.416666666666668,89.58333333333334,46.666666666666664,42.916666666666664,10.833333333333334,89.16666666666667,56.666666666666664,32.5
12224,12,224,361,77,10,67,46,21,6,71,37,34,21.329639889196674,12.987012987012985,87.01298701298701,59.74025974025974,27.27272727272727,7.792207792207792,92.20779220779221,48.05194805194805,44.15584415584416
12225,12,225,1219,359,22,337,197,140,42,317,158,159,29.45036915504512,6.128133704735376,93.87186629526462,54.874651810584965,38.99721448467967,11.699164345403899,88.3008356545961,44.01114206128134,44.28969359331476
122A,12,2A,0,472,29,443,294,149,37,435,261,174,inf,6.1440677966101696,93.85593220338984,62.28813559322034,31.56779661016949,7.838983050847458,92.16101694915254,55.29661016949152,36.86440677966102
122B,12,2B,0,458,21,437,264,173,23,435,232,203,inf,4.585152838427948,95.41484716157204,57.64192139737992,37.77292576419214,5.021834061135371,94.97816593886463,50.65502183406113,44.32314410480349
122C,12,2C,0,460,27,433,257,176,21,439,252,187,inf,5.869565217391305,94.1304347826087,55.869565217391305,38.26086956521739,4.565217391304348,95.43478260869566,54.78260869565217,40.65217391304348
122D,12,2D,0,338,23,315,193,122,26,312,172,140,inf,6.804733727810651,93.19526627218934,57.100591715976336,36.09467455621302,7.6923076923076925,92.3076923076923,50.887573964497044,41.42011834319527
122E,12,2E,0,382,26,356,197,159,36,346,209,137,inf,6.806282722513089,93.19371727748691,51.57068062827225,41.62303664921466,9.424083769633508,90.57591623036649,54.712041884816756,35.86387434554974
122F,12,2F,0,369,22,347,208,139,25,344,203,141,inf,5.9620596205962055,94.03794037940379,56.36856368563685,37.669376693766935,6.775067750677506,93.22493224932249,55.013550135501355,38.21138211382114
122G,12,2G,0,375,20,355,222,133,19,356,218,138,inf,5.333333333333334,94.66666666666667,59.199999999999996,35.46666666666667,5.066666666666666,94.93333333333334,58.13333333333334,36.8
122H,12,2H,0,443,24,419,272,147,43,400,221,179,inf,5.417607223476298,94.5823927765237,61.39954853273137,33.182844243792324,9.706546275395034,90.29345372460497,49.887133182844245,40.40632054176072
12301,12,301,1515,701,32,669,381,288,47,654,320,334,46.27062706270627,4.56490727532097,95.43509272467902,54.350927246790306,41.08416547788873,6.704707560627675,93.29529243937232,45.6490727532097,47.646219686162624
12302,12,302,977,366,27,339,209,130,33,333,156,177,37.461617195496416,7.377049180327869,92.62295081967213,57.103825136612016,35.51912568306011,9.01639344262295,90.98360655737704,42.62295081967213,48.36065573770492
12303,12,303,1150,439,32,407,252,155,53,386,190,196,38.173913043478265,7.289293849658314,92.71070615034168,57.40318906605923,35.30751708428246,12.072892938496583,87.92710706150342,43.28018223234624,44.64692482915717
12304,12,304,837,304,27,277,166,111,23,281,144,137,36.32019115890084,8.881578947368421,91.11842105263158,54.60526315789473,36.51315789473684,7.565789473684211,92.43421052631578,47.368421052631575,45.06578947368421
12305,12,305,1413,596,37,559,346,213,39,557,263,294,42.1797593772116,6.208053691275168,93.79194630872483,58.053691275167786,35.738255033557046,6.543624161073826,93.45637583892618,44.12751677852349,49.328859060402685
12306,12,306,1370,559,36,523,304,219,40,519,243,276,40.802919708029194,6.440071556350627,93.55992844364937,54.38282647584973,39.17710196779964,7.155635062611807,92.84436493738819,43.47048300536673,49.37388193202147
12307,12,307,1371,634,43,591,364,227,59,575,260,315,46.243617797228296,6.782334384858044,93.21766561514195,57.413249211356465,35.80441640378549,9.305993690851736,90.69400630914826,41.00946372239748,49.684542586750794
12308,12,308,1308,567,36,531,325,206,42,525,224,301,43.34862385321101,6.349206349206349,93.65079365079364,57.31922398589065,36.33156966490299,7.4074074074074066,92.5925925925926,39.50617283950617,53.086419753086425
12309,12,309,1384,537,39,498,319,179,67,470,207,263,38.80057803468208,7.262569832402235,92.73743016759776,59.40409683426443,33.33333333333333,12.476722532588454,87.52327746741155,38.547486033519554,48.97579143389199
12310,12,310,1118,443,21,422,257,165,25,418,210,208,39.62432915921288,4.740406320541761,95.25959367945825,58.013544018058695,37.24604966139955,5.643340857787811,94.35665914221218,47.40406320541761,46.95259593679458
12311,12,311,1257,497,34,463,282,181,47,450,212,238,39.53858392999204,6.841046277665996,93.158953722334,56.74044265593562,36.41851106639839,9.456740442655935,90.54325955734407,42.6559356136821,47.88732394366197
12312,12,312,1420,638,39,599,341,258,51,587,302,285,44.929577464788736,6.112852664576803,93.8871473354232,53.44827586206896,40.43887147335423,7.993730407523511,92.00626959247649,47.33542319749217,44.67084639498432
12313,12,313,1259,458,30,428,237,191,41,417,211,206,36.3780778395552,6.550218340611353,93.44978165938865,51.7467248908297,41.70305676855895,8.951965065502183,91.0480349344978,46.069868995633186,44.97816593886463
12314,12,314,1853,713,69,644,357,287,65,648,379,269,38.478143550998375,9.67741935483871,90.32258064516128,50.07012622720898,40.252454417952315,9.1164095371669,90.8835904628331,53.15568022440392,37.727910238429175
12315,12,315,1228,488,44,444,245,199,39,449,236,213,39.73941368078176,9.01639344262295,90.98360655737704,50.204918032786885,40.77868852459016,7.991803278688526,92.00819672131148,48.36065573770492,43.64754098360656
12316,12,316,1630,552,38,514,319,195,49,503,242,261,33.86503067484662,6.884057971014493,93.11594202898551,57.789855072463766,35.32608695652174,8.876811594202898,91.12318840579711,43.84057971014493,47.28260869565217
12317,12,317,1734,603,50,553,326,227,68,535,298,237,34.77508650519031,8.291873963515755,91.70812603648424,54.063018242122716,37.64510779436153,11.276948590381426,88.72305140961856,49.4195688225539,39.30348258706468
12318,12,318,1205,558,39,519,273,246,44,514,279,235,46.30705394190871,6.989247311827956,93.01075268817203,48.924731182795696,44.086021505376344,7.885304659498208,92.1146953405018,50.0,42.11469534050179
12319,12,319,1626,483,59,424,281,143,56,427,251,176,29.704797047970477,12.215320910973086,87.78467908902692,58.17805383022774,29.606625258799173,11.594202898550725,88.40579710144928,51.96687370600414,36.43892339544513
12320,12,320,974,241,21,220,153,67,40,201,108,93,24.743326488706366,8.71369294605809,91.28630705394191,63.48547717842323,27.800829875518673,16.59751037344398,83.40248962655602,44.81327800829876,38.589211618257266
12321,12,321,1326,373,35,338,246,92,41,332,160,172,28.12971342383107,9.383378016085791,90.61662198391421,65.95174262734585,24.664879356568363,10.991957104557642,89.00804289544236,42.89544235924933,46.11260053619303
12322,12,322,1587,455,36,419,266,153,47,408,208,200,28.67044738500315,7.9120879120879115,92.08791208791209,58.46153846153847,33.62637362637363,10.329670329670328,89.67032967032968,45.714285714285715,43.956043956043956
12323,12,323,1122,492,42,450,223,227,50,442,247,195,43.85026737967914,8.536585365853659,91.46341463414635,45.32520325203252,46.138211382113816,10.16260162601626,89.83739837398373,50.20325203252033,39.63414634146341
12324,12,324,255,106,6,100,51,49,5,101,54,47,41.568627450980394,5.660377358490567,94.33962264150944,48.113207547169814,46.22641509433962,4.716981132075472,95.28301886792453,50.943396226415096,44.339622641509436
123A,12,3A,0,557,73,484,288,196,53,504,303,201,inf,13.10592459605027,86.89407540394973,51.70556552962297,35.18850987432675,9.515260323159785,90.48473967684022,54.39856373429084,36.08617594254937
123B,12,3B,0,446,38,408,235,173,27,419,235,184,inf,8.520179372197308,91.4798206278027,52.690582959641254,38.789237668161434,6.053811659192825,93.94618834080718,52.690582959641254,41.25560538116592
123C,12,3C,0,437,30,407,229,178,35,402,232,170,inf,6.864988558352403,93.13501144164759,52.40274599542334,40.73226544622426,8.009153318077804,91.9908466819222,53.08924485125858,38.901601830663616
123D,12,3D,0,633,51,582,294,288,28,605,378,227,inf,8.056872037914692,91.9431279620853,46.44549763033176,45.497630331753555,4.423380726698262,95.57661927330173,59.71563981042654,35.8609794628752
123E,12,3E,0,486,30,456,263,193,29,457,240,217,inf,6.172839506172839,93.82716049382715,54.11522633744856,39.711934156378604,5.967078189300412,94.03292181069959,49.382716049382715,44.650205761316876
123F,12,3F,0,686,78,608,321,287,76,610,360,250,inf,11.370262390670554,88.62973760932945,46.79300291545189,41.83673469387755,11.078717201166182,88.92128279883383,52.47813411078717,36.44314868804665
123G,12,3G,0,386,46,340,170,170,32,354,232,122,inf,11.917098445595855,88.08290155440415,44.04145077720207,44.04145077720207,8.290155440414509,91.70984455958549,60.10362694300518,31.606217616580313
123H,12,3H,0,311,23,288,172,116,41,270,170,100,inf,7.395498392282958,92.60450160771704,55.30546623794213,37.29903536977492,13.183279742765272,86.81672025723472,54.662379421221864,32.154340836012864
123I,12,3I,0,541,40,501,274,227,37,504,299,205,inf,7.393715341959335,92.60628465804066,50.64695009242144,41.95933456561922,6.839186691312385,93.16081330868762,55.26802218114602,37.89279112754159
12401,12,401,1405,608,36,572,349,223,54,554,268,286,43.27402135231317,5.921052631578947,94.07894736842105,57.401315789473685,36.67763157894737,8.881578947368421,91.11842105263158,44.07894736842105,47.03947368421053
12402,12,402,1224,364,22,342,202,140,28,336,160,176,29.73856209150327,6.043956043956044,93.95604395604396,55.494505494505496,38.46153846153847,7.6923076923076925,92.3076923076923,43.956043956043956,48.35164835164835
12403,12,403,782,301,21,280,160,120,20,281,141,140,38.491048593350385,6.976744186046512,93.02325581395348,53.156146179402,39.8671096345515,6.64451827242525,93.35548172757476,46.84385382059801,46.51162790697674
12404,12,404,1622,350,29,321,211,110,57,293,152,141,21.57829839704069,8.285714285714285,91.71428571428571,60.285714285714285,31.428571428571427,16.28571428571429,83.71428571428572,43.42857142857143,40.285714285714285
12405,12,405,1786,510,39,471,311,160,44,466,259,207,28.555431131019038,7.647058823529412,92.3529411764706,60.98039215686275,31.372549019607842,8.627450980392156,91.37254901960785,50.78431372549019,40.588235294117645
12406,12,406,1760,535,31,504,336,168,58,477,226,251,30.39772727272727,5.794392523364486,94.2056074766355,62.80373831775701,31.401869158878505,10.841121495327103,89.1588785046729,42.242990654205606,46.91588785046729
12407,12,407,1177,513,37,476,306,170,50,463,204,259,43.58538657604078,7.212475633528265,92.78752436647173,59.64912280701754,33.13840155945419,9.746588693957115,90.25341130604289,39.76608187134503,50.487329434697855
12408,12,408,1328,541,45,496,314,182,29,512,240,272,40.73795180722892,8.317929759704251,91.68207024029574,58.04066543438078,33.64140480591497,5.360443622920517,94.63955637707949,44.36229205175601,50.27726432532348
12409,12,409,1151,422,26,396,226,170,40,382,213,169,36.6637706342311,6.161137440758294,93.8388625592417,53.55450236966824,40.28436018957346,9.47867298578199,90.52132701421802,50.4739336492891,40.047393364928915
12410,12,410,1145,393,45,348,210,138,54,339,202,137,34.3231441048035,11.450381679389313,88.54961832061069,53.43511450381679,35.11450381679389,13.740458015267176,86.25954198473282,51.399491094147585,34.86005089058524
12411,12,411,846,252,17,235,150,85,35,217,108,109,29.78723404255319,6.746031746031746,93.25396825396825,59.523809523809526,33.730158730158735,13.88888888888889,86.11111111111111,42.857142857142854,43.25396825396825
12412,12,412,1636,578,33,545,357,188,64,514,221,293,35.33007334963325,5.709342560553633,94.29065743944636,61.76470588235294,32.52595155709342,11.072664359861593,88.92733564013841,38.23529411764706,50.69204152249135
12413,12,413,1504,554,44,510,296,214,45,509,257,252,36.83510638297872,7.9422382671480145,92.05776173285199,53.42960288808665,38.628158844765345,8.12274368231047,91.87725631768953,46.3898916967509,45.48736462093863
12414,12,414,1469,567,44,523,315,208,47,520,270,250,38.59768550034037,7.760141093474426,92.23985890652557,55.55555555555556,36.68430335097001,8.289241622574956,91.71075837742504,47.61904761904761,44.091710758377424
12415,12,415,1593,505,25,480,307,173,45,460,212,248,31.70119271814187,4.9504950495049505,95.04950495049505,60.79207920792079,34.25742574257426,8.91089108910891,91.0891089108911,41.98019801980198,49.10891089108911
12416,12,416,1834,546,42,504,355,149,54,492,226,266,29.770992366412212,7.6923076923076925,92.3076923076923,65.01831501831502,27.28937728937729,9.89010989010989,90.10989010989012,41.39194139194139,48.717948717948715
12417,12,417,1399,537,52,485,278,207,58,479,256,223,38.38456040028591,9.683426443202979,90.31657355679702,51.76908752327747,38.547486033519554,10.800744878957168,89.19925512104282,47.67225325884544,41.527001862197395
12418,12,418,1261,296,24,272,184,88,26,270,145,125,23.47343378271213,8.108108108108109,91.8918918918919,62.16216216216216,29.72972972972973,8.783783783783784,91.21621621621621,48.986486486486484,42.22972972972973
12419,12,419,1489,426,30,396,240,156,48,378,218,160,28.609805238415042,7.042253521126761,92.95774647887323,56.33802816901409,36.61971830985916,11.267605633802818,88.73239436619718,51.173708920187785,37.558685446009385
12420,12,420,1048,336,31,305,204,101,33,303,156,147,32.06106870229007,9.226190476190476,90.77380952380952,60.71428571428571,30.059523809523807,9.821428571428571,90.17857142857143,46.42857142857143,43.75
12421,12,421,1056,393,23,370,240,130,30,363,175,188,37.215909090909086,5.852417302798982,94.14758269720102,61.06870229007634,33.078880407124686,7.633587786259542,92.36641221374046,44.529262086513995,47.837150127226465
12422,12,422,1649,490,50,440,293,147,53,437,220,217,29.71497877501516,10.204081632653061,89.79591836734694,59.795918367346935,30.0,10.816326530612246,89.18367346938776,44.89795918367347,44.285714285714285
12423,12,423,1405,430,26,404,259,145,39,391,198,193,30.604982206405694,6.046511627906977,93.95348837209302,60.23255813953489,33.72093023255814,9.069767441860465,90.93023255813954,46.04651162790698,44.883720930232556
12424,12,424,790,246,11,235,144,91,27,219,113,106,31.139240506329113,4.471544715447155,95.52845528455285,58.536585365853654,36.99186991869919,10.975609756097562,89.02439024390245,45.9349593495935,43.08943089430895
12425,12,425,1807,699,44,655,434,221,71,628,292,336,38.68289983397897,6.294706723891273,93.70529327610872,62.08869814020028,31.616595135908444,10.157367668097281,89.84263233190272,41.77396280400572,48.06866952789699
12426,12,426,673,217,21,196,110,86,23,194,113,81,32.24368499257058,9.67741935483871,90.32258064516128,50.69124423963134,39.63133640552996,10.599078341013826,89.40092165898618,52.07373271889401,37.327188940092164
124A,12,4A,0,389,38,351,202,149,28,361,209,152,inf,9.768637532133676,90.23136246786633,51.9280205655527,38.303341902313626,7.197943444730077,92.80205655526991,53.72750642673522,39.0745501285347
124B,12,4B,0,517,55,462,283,179,54,463,279,184,inf,10.638297872340425,89.36170212765957,54.73887814313346,34.622823984526114,10.444874274661508,89.55512572533848,53.9651837524178,35.5899419729207
124C,12,4C,0,378,49,329,201,128,51,327,187,140,inf,12.962962962962962,87.03703703703704,53.17460317460318,33.86243386243386,13.492063492063492,86.5079365079365,49.47089947089947,37.03703703703704
124D,12,4D,0,438,52,386,218,168,46,392,243,149,inf,11.87214611872146,88.12785388127854,49.77168949771689,38.35616438356164,10.50228310502283,89.49771689497716,55.47945205479452,34.01826484018265
124E,12,4E,0,565,61,504,317,187,89,476,268,208,inf,10.79646017699115,89.20353982300885,56.10619469026549,33.097345132743364,15.752212389380531,84.24778761061947,47.43362831858407,36.8141592920354
124F,12,4F,0,564,66,498,287,211,58,506,307,199,inf,11.702127659574469,88.29787234042553,50.88652482269504,37.4113475177305,10.28368794326241,89.71631205673759,54.43262411347518,35.28368794326241
124G,12,4G,0,409,27,382,232,150,41,368,212,156,inf,6.601466992665037,93.39853300733496,56.723716381418086,36.674816625916876,10.024449877750612,89.97555012224939,51.83374083129584,38.141809290953546
124H,12,4H,0,590,43,547,328,219,41,549,305,244,inf,7.288135593220339,92.71186440677967,55.59322033898305,37.11864406779661,6.9491525423728815,93.05084745762711,51.69491525423729,41.35593220338983
124I,12,4I,0,361,46,315,184,131,39,322,205,117,inf,12.742382271468145,87.25761772853186,50.96952908587258,36.288088642659275,10.80332409972299,89.19667590027701,56.78670360110804,32.40997229916898
12501,12,501,862,382,20,362,206,156,39,343,173,170,44.31554524361949,5.2356020942408374,94.76439790575915,53.92670157068062,40.83769633507853,10.209424083769633,89.79057591623037,45.287958115183244,44.50261780104712
12502,12,502,1249,514,37,477,288,189,57,457,232,225,41.152922337870294,7.198443579766536,92.80155642023347,56.03112840466926,36.77042801556421,11.089494163424124,88.91050583657587,45.13618677042802,43.77431906614786
12503,12,503,1777,686,64,622,402,220,75,611,290,321,38.60438942037141,9.329446064139942,90.67055393586006,58.60058309037901,32.06997084548105,10.932944606413994,89.067055393586,42.27405247813411,46.79300291545189
12504,12,504,1263,251,17,234,132,102,36,215,115,100,19.873317498020583,6.772908366533864,93.22709163346613,52.589641434262944,40.63745019920319,14.342629482071715,85.65737051792829,45.81673306772908,39.8406374501992
12505,12,505,880,242,30,212,135,77,27,215,106,109,27.500000000000004,12.396694214876034,87.60330578512396,55.78512396694215,31.818181818181817,11.15702479338843,88.84297520661157,43.80165289256198,45.04132231404959
12506,12,506,709,167,12,155,97,58,24,143,73,70,23.554301833568406,7.18562874251497,92.81437125748504,58.08383233532935,34.73053892215569,14.37125748502994,85.62874251497006,43.712574850299404,41.91616766467065
12507,12,507,803,177,18,159,101,58,21,156,93,63,22.04234122042341,10.16949152542373,89.83050847457628,57.06214689265536,32.7683615819209,11.864406779661017,88.13559322033898,52.54237288135594,35.59322033898305
12508,12,508,625,118,9,109,72,37,17,101,54,47,18.88,7.627118644067797,92.37288135593221,61.016949152542374,31.35593220338983,14.40677966101695,85.59322033898306,45.76271186440678,39.83050847457627
12509,12,509,872,155,13,142,81,61,15,140,80,60,17.775229357798164,8.38709677419355,91.61290322580645,52.25806451612903,39.35483870967742,9.67741935483871,90.32258064516128,51.61290322580645,38.70967741935484
12510,12,510,724,147,12,135,100,35,25,122,53,69,20.303867403314918,8.16326530612245,91.83673469387756,68.02721088435374,23.809523809523807,17.006802721088434,82.99319727891157,36.054421768707485,46.93877551020408
12511,12,511,878,160,10,150,87,63,20,140,86,54,18.223234624145785,6.25,93.75,54.37499999999999,39.375,12.5,87.5,53.75,33.75
12512,12,512,982,229,25,204,124,80,25,204,119,85,23.319755600814666,10.91703056768559,89.08296943231441,54.14847161572053,34.93449781659388,10.91703056768559,89.08296943231441,51.96506550218341,37.117903930131
12513,12,513,1493,284,20,264,168,96,31,253,152,101,19.022103148024115,7.042253521126761,92.95774647887323,59.154929577464785,33.80281690140845,10.915492957746478,89.08450704225352,53.52112676056338,35.563380281690144
12514,12,514,1318,242,15,227,144,83,27,215,123,92,18.361153262518968,6.198347107438017,93.80165289256198,59.50413223140496,34.29752066115703,11.15702479338843,88.84297520661157,50.82644628099173,38.01652892561984
12515,12,515,847,167,12,155,94,61,20,147,92,55,19.71664698937426,7.18562874251497,92.81437125748504,56.287425149700596,36.52694610778443,11.976047904191617,88.02395209580838,55.08982035928144,32.93413173652694
12516,12,516,1245,268,24,244,171,73,37,231,119,112,21.526104417670684,8.955223880597014,91.04477611940298,63.80597014925373,27.238805970149254,13.805970149253731,86.19402985074626,44.40298507462687,41.7910447761194
12517,12,517,930,206,11,195,137,58,30,176,87,89,22.1505376344086,5.339805825242718,94.66019417475728,66.50485436893204,28.155339805825243,14.563106796116504,85.43689320388349,42.23300970873786,43.203883495145625
12518,12,518,1007,311,26,285,176,109,32,279,153,126,30.883813306852037,8.360128617363344,91.63987138263666,56.59163987138264,35.048231511254016,10.289389067524116,89.71061093247589,49.19614147909968,40.51446945337621
12519,12,519,1130,309,24,285,169,116,34,275,160,115,27.345132743362832,7.766990291262135,92.23300970873787,54.69255663430421,37.54045307443366,11.003236245954692,88.9967637540453,51.7799352750809,37.2168284789644
12520,12,520,1027,173,13,160,115,45,23,150,83,67,16.845180136319378,7.514450867052023,92.48554913294798,66.47398843930635,26.011560693641616,13.294797687861271,86.70520231213872,47.97687861271676,38.72832369942196
12521,12,521,1104,315,23,292,184,108,35,280,139,141,28.532608695652172,7.301587301587302,92.6984126984127,58.41269841269842,34.285714285714285,11.11111111111111,88.88888888888889,44.12698412698413,44.761904761904766
12522,12,522,766,151,13,138,82,56,19,132,74,58,19.712793733681462,8.609271523178808,91.3907284768212,54.3046357615894,37.086092715231786,12.582781456953644,87.41721854304636,49.00662251655629,38.41059602649007
12523,12,523,1074,222,19,203,137,66,39,183,119,64,20.670391061452513,8.558558558558559,91.44144144144144,61.711711711711715,29.72972972972973,17.56756756756757,82.43243243243244,53.6036036036036,28.82882882882883
12524,12,524,1107,234,13,221,151,70,24,210,106,104,21.138211382113823,5.555555555555555,94.44444444444444,64.52991452991454,29.914529914529915,10.256410256410255,89.74358974358975,45.2991452991453,44.44444444444444
12525,12,525,827,317,15,302,222,80,34,283,159,124,38.331318016928655,4.73186119873817,95.26813880126183,70.03154574132492,25.236593059936908,10.725552050473187,89.27444794952682,50.1577287066246,39.11671924290221
12526,12,526,1404,308,21,287,175,112,29,279,165,114,21.937321937321936,6.8181818181818175,93.18181818181817,56.81818181818182,36.36363636363637,9.415584415584416,90.5844155844156,53.57142857142857,37.01298701298701
125A,12,5A,0,434,35,399,210,189,35,399,260,139,inf,8.064516129032258,91.93548387096774,48.38709677419355,43.54838709677419,8.064516129032258,91.93548387096774,59.907834101382484,32.02764976958525
125B,12,5B,0,447,43,404,210,194,44,403,248,155,inf,9.619686800894854,90.38031319910515,46.97986577181208,43.40044742729307,9.843400447427292,90.1565995525727,55.48098434004475,34.675615212527966
125C,12,5C,0,401,40,361,207,154,29,372,240,132,inf,9.975062344139651,90.02493765586036,51.6209476309227,38.403990024937656,7.231920199501247,92.76807980049875,59.85037406483791,32.917705735660846
125D,12,5D,0,573,71,502,278,224,43,530,334,196,inf,12.390924956369982,87.60907504363001,48.51657940663176,39.09249563699825,7.504363001745201,92.49563699825481,58.289703315881326,34.20593368237348
125E,12,5E,0,410,35,375,220,155,33,377,230,147,inf,8.536585365853659,91.46341463414635,53.65853658536586,37.80487804878049,8.048780487804878,91.95121951219512,56.09756097560976,35.853658536585364
12601,12,601,281,127,12,115,81,34,20,107,53,54,45.195729537366546,9.448818897637794,90.5511811023622,63.77952755905512,26.77165354330709,15.748031496062993,84.25196850393701,41.732283464566926,42.51968503937008
12602,12,602,1330,636,35,601,338,263,43,593,314,279,47.81954887218045,5.50314465408805,94.49685534591194,53.144654088050316,41.35220125786164,6.761006289308176,93.23899371069182,49.37106918238994,43.86792452830189
12603,12,603,1221,502,35,467,283,184,42,460,225,235,41.11384111384112,6.97211155378486,93.02788844621513,56.37450199203188,36.65338645418327,8.366533864541832,91.63346613545816,44.820717131474105,46.81274900398406
12604,12,604,1046,523,49,474,237,237,30,493,273,220,50.0,9.369024856596559,90.63097514340345,45.31548757170172,45.31548757170172,5.736137667304015,94.26386233269598,52.198852772466545,42.06500956022944
12605,12,605,948,420,40,380,218,162,36,384,192,192,44.303797468354425,9.523809523809524,90.47619047619048,51.90476190476191,38.57142857142858,8.571428571428571,91.42857142857143,45.714285714285715,45.714285714285715
12606,12,606,1219,597,39,558,310,248,54,543,292,251,48.974569319114025,6.532663316582915,93.46733668341709,51.92629815745393,41.541038525963145,9.045226130653267,90.95477386934674,48.91122278056951,42.04355108877722
12607,12,607,1013,412,28,384,214,170,42,370,197,173,40.67127344521224,6.796116504854369,93.20388349514563,51.94174757281553,41.262135922330096,10.194174757281553,89.80582524271846,47.81553398058252,41.99029126213592
12608,12,608,770,366,33,333,151,182,26,340,194,146,47.53246753246753,9.01639344262295,90.98360655737704,41.2568306010929,49.72677595628415,7.103825136612022,92.89617486338798,53.00546448087432,39.89071038251366
12609,12,609,1408,646,52,594,331,263,41,605,294,311,45.88068181818182,8.04953560371517,91.95046439628483,51.23839009287926,40.71207430340557,6.3467492260061915,93.65325077399382,45.51083591331269,48.142414860681114
12610,12,610,1005,460,26,434,248,186,38,422,192,230,45.77114427860697,5.6521739130434785,94.34782608695652,53.91304347826087,40.43478260869565,8.26086956521739,91.73913043478261,41.73913043478261,50.0
12611,12,611,842,361,22,339,197,142,36,325,160,165,42.87410926365796,6.094182825484765,93.90581717451524,54.57063711911358,39.335180055401665,9.97229916897507,90.02770083102493,44.32132963988919,45.70637119113574
12612,12,612,1095,412,31,381,212,169,24,388,192,196,37.62557077625571,7.524271844660194,92.47572815533981,51.45631067961165,41.019417475728154,5.825242718446602,94.1747572815534,46.601941747572816,47.57281553398058
12613,12,613,1119,483,35,448,252,196,36,447,231,216,43.16353887399464,7.246376811594203,92.7536231884058,52.17391304347826,40.57971014492754,7.453416149068323,92.54658385093167,47.82608695652174,44.72049689440994
12614,12,614,1422,528,51,477,286,191,53,475,242,233,37.130801687763714,9.659090909090908,90.3409090909091,54.166666666666664,36.17424242424242,10.037878787878787,89.96212121212122,45.83333333333333,44.128787878787875
12615,12,615,1764,728,51,677,404,273,69,659,339,320,41.269841269841265,7.0054945054945055,92.9945054945055,55.494505494505496,37.5,9.478021978021978,90.52197802197803,46.565934065934066,43.956043956043956
12616,12,616,1438,637,37,600,335,265,75,562,278,284,44.29763560500695,5.808477237048666,94.19152276295134,52.590266875981165,41.60125588697017,11.773940345368917,88.22605965463109,43.64207221350079,44.5839874411303
12617,12,617,1079,454,39,415,250,165,48,406,209,197,42.07599629286376,8.590308370044053,91.40969162995594,55.06607929515418,36.34361233480176,10.572687224669604,89.42731277533039,46.035242290748904,43.392070484581495
12618,12,618,1647,630,13,617,287,330,13,617,306,311,38.25136612021858,2.0634920634920633,97.93650793650794,45.55555555555556,52.38095238095239,2.0634920634920633,97.93650793650794,48.57142857142857,49.36507936507937
12619,12,619,1449,632,45,587,355,232,41,591,286,305,43.616287094547964,7.120253164556963,92.87974683544303,56.17088607594937,36.708860759493675,6.487341772151899,93.5126582278481,45.25316455696203,48.25949367088608
12620,12,620,1017,448,32,416,248,168,38,410,198,212,44.051130776794494,7.142857142857142,92.85714285714286,55.35714285714286,37.5,8.482142857142858,91.51785714285714,44.19642857142857,47.32142857142857
12621,12,621,937,404,39,365,197,168,38,366,178,188,43.11632870864461,9.653465346534654,90.34653465346535,48.76237623762376,41.584158415841586,9.405940594059405,90.5940594059406,44.05940594059406,46.53465346534654
12622,12,622,1091,489,46,443,248,195,44,445,239,206,44.82126489459212,9.406952965235174,90.59304703476482,50.715746421267895,39.87730061349693,8.997955010224949,91.00204498977506,48.875255623721884,42.12678936605317
12623,12,623,912,445,38,407,222,185,48,397,199,198,48.79385964912281,8.539325842696629,91.46067415730337,49.8876404494382,41.57303370786517,10.786516853932584,89.21348314606742,44.71910112359551,44.49438202247191
12624,12,624,1217,540,35,505,293,212,33,507,255,252,44.37140509449466,6.481481481481481,93.51851851851852,54.25925925925926,39.25925925925926,6.111111111111111,93.88888888888889,47.22222222222222,46.666666666666664
12625,12,625,1114,475,30,445,284,161,46,429,197,232,42.63913824057451,6.315789473684211,93.6842105263158,59.78947368421053,33.89473684210526,9.68421052631579,90.31578947368422,41.473684210526315,48.84210526315789
126A,12,6A,0,450,49,401,227,174,46,404,242,162,inf,10.888888888888888,89.11111111111111,50.44444444444445,38.666666666666664,10.222222222222223,89.77777777777777,53.77777777777778,36.0
126B,12,6B,0,617,64,553,286,267,77,540,348,192,inf,10.372771474878444,89.62722852512157,46.353322528363044,43.27390599675851,12.479740680713128,87.52025931928688,56.401944894651535,31.118314424635336
126C,12,6C,0,511,62,449,212,237,56,455,286,169,inf,12.13307240704501,87.866927592955,41.48727984344423,46.37964774951076,10.95890410958904,89.04109589041096,55.96868884540117,33.07240704500978
126D,12,6D,0,503,23,480,267,213,39,464,277,187,inf,4.572564612326044,95.42743538767395,53.08151093439364,42.34592445328032,7.75347912524851,92.2465208747515,55.069582504970185,37.17693836978131
126E,12,6E,0,442,26,416,234,182,43,399,232,167,inf,5.88235294117647,94.11764705882352,52.94117647058824,41.17647058823529,9.728506787330318,90.27149321266968,52.488687782805435,37.782805429864254
126F,12,6F,0,443,20,423,230,193,20,423,244,179,inf,4.514672686230249,95.48532731376976,51.91873589164786,43.566591422121896,4.514672686230249,95.48532731376976,55.07900677200903,40.40632054176072
126G,12,6G,0,623,87,536,315,221,70,553,310,243,inf,13.964686998394862,86.03531300160515,50.56179775280899,35.47351524879615,11.235955056179774,88.76404494382022,49.75922953451043,39.00481540930979
126H,12,6H,0,563,45,518,288,230,44,519,323,196,inf,7.992895204262878,92.00710479573712,51.15452930728242,40.852575488454704,7.8152753108348145,92.1847246891652,57.37122557726465,34.81349911190053
126I,12,6I,0,560,62,498,264,234,61,499,296,203,inf,11.071428571428571,88.92857142857142,47.14285714285714,41.785714285714285,10.892857142857142,89.10714285714286,52.85714285714286,36.25
126J,12,6J,0,548,53,495,275,220,32,516,312,204,inf,9.67153284671533,90.32846715328468,50.18248175182482,40.14598540145985,5.839416058394161,94.16058394160584,56.934306569343065,37.22627737226277
