id,district_id,electoral_district_id,eligible_voters,voters,invalid_votes,valid_votes,vote_yes,vote_no,voter_turnout,invalid_votes_percentage,valid_votes_percentage,vote_yes_percentage,vote_no_percentage
011A ,01,1A ,0,521,1,520,293,227,inf,0.0019193857965451055,0.9980806142034548,0.5623800383877159,0.43570057581573896
011B ,01,1B ,0,541,1,540,333,207,inf,0.0018484288354898336,0.9981515711645101,0.6155268022181146,0.3826247689463956
011C ,01,1C ,0,539,2,537,310,227,inf,0.0037105751391465678,0.9962894248608535,0.575139146567718,0.42115027829313545
011D ,01,1D ,0,544,2,542,306,236,inf,0.003676470588235294,0.9963235294117647,0.5625,0.4338235294117647
011E ,01,1E ,0,544,2,542,353,189,inf,0.003676470588235294,0.9963235294117647,0.6488970588235294,0.3474264705882353
011F ,01,1F ,0,1097,1,1096,676,420,inf,0.0009115770282588879,0.9990884229717412,0.6162260711030082,0.3828623518687329
011G ,01,1G ,0,1053,0,1053,632,421,inf,0.0,1.0,0.6001899335232669,0.3998100664767331
011H ,01,1H ,0,1091,1,1090,664,426,inf,0.0009165902841429881,0.999083409715857,0.608615948670944,0.3904674610449129
011J ,01,1J ,0,1101,1,1100,669,431,inf,0.0009082652134423251,0.9990917347865577,0.6076294277929155,0.39146230699364215
011K ,01,1K ,0,1095,1,1094,711,383,inf,0.0009132420091324201,0.9990867579908675,0.6493150684931507,0.3497716894977169
011L ,01,1L ,0,1082,4,1078,663,415,inf,0.0036968576709796672,0.9963031423290203,0.6127541589648798,0.3835489833641405
011M ,01,1M ,0,1067,1,1066,657,409,inf,0.0009372071227741331,0.9990627928772259,0.6157450796626054,0.38331771321462044
011N ,01,1N ,0,1093,1,1092,677,415,inf,0.0009149130832570906,0.9990850869167429,0.6193961573650503,0.3796889295516926
011O ,01,1O ,0,1080,2,1078,674,404,inf,0.001851851851851852,0.9981481481481481,0.6240740740740741,0.37407407407407406
011P ,01,1P ,0,1072,1,1071,677,394,inf,0.0009328358208955224,0.9990671641791045,0.6315298507462687,0.3675373134328358
011Q ,01,1Q ,0,543,1,542,353,189,inf,0.001841620626151013,0.998158379373849,0.6500920810313076,0.34806629834254144
011R ,01,1R ,0,544,1,543,306,237,inf,0.001838235294117647,0.9981617647058824,0.5625,0.43566176470588236
011S ,01,1S ,0,539,1,538,310,228,inf,0.0018552875695732839,0.9981447124304267,0.575139146567718,0.4230055658627087
011T ,01,1T ,0,541,0,541,333,208,inf,0.0,1.0,0.6155268022181146,0.3844731977818854
011U ,01,1U ,0,521,0,521,293,228,inf,0.0,1.0,0.5623800383877159,0.43761996161228406
01100,01,100,3071,594,2,592,291,301,0.19342233800065126,0.003367003367003367,0.9966329966329966,0.4898989898989899,0.5067340067340067
01101,01,101,2429,533,3,530,281,249,0.21943186496500616,0.005628517823639775,0.9943714821763602,0.5272045028142589,0.46716697936210133
01105,01,105,3960,882,2,880,410,470,0.22272727272727272,0.0022675736961451248,0.9977324263038548,0.46485260770975056,0.5328798185941043
01107,01,107,3531,744,1,743,274,469,0.2107051826677995,0.0013440860215053765,0.9986559139784946,0.3682795698924731,0.6303763440860215
01111,01,111,2213,540,2,538,183,355,0.24401265250790782,0.003703703703703704,0.9962962962962963,0.3388888888888889,0.6574074074074074
01112,01,112,2396,558,1,557,198,359,0.2328881469115192,0.0017921146953405018,0.9982078853046595,0.3548387096774194,0.6433691756272402
01115,01,115,3153,632,2,630,244,386,0.2004440215667618,0.0031645569620253164,0.9968354430379747,0.3860759493670886,0.6107594936708861
01118,01,118,2499,532,0,532,247,285,0.21288515406162464,0.0,1.0,0.4642857142857143,0.5357142857142857
01120,01,120,3512,817,4,813,615,198,0.23263097949886105,0.004895960832313341,0.9951040391676866,0.7527539779681762,0.2423500611995104
01121,01,121,2958,589,3,586,283,303,0.1991210277214334,0.0050933786078098476,0.9949066213921901,0.48047538200339557,0.5144312393887945
01129,01,129,3031,566,2,564,398,166,0.18673705047838998,0.0035335689045936395,0.9964664310954063,0.7031802120141343,0.29328621908127206
01200,01,200,2117,537,1,536,261,275,0.2536608408124705,0.00186219739292365,0.9981378026070763,0.4860335195530726,0.5121042830540037
01202,01,202,3393,737,0,737,313,424,0.21721190686707928,0.0,1.0,0.42469470827679784,0.5753052917232022
01205,01,205,2979,637,2,635,236,399,0.2138301443437395,0.0031397174254317113,0.9968602825745683,0.3704866562009419,0.6263736263736264
01207,01,207,3147,556,1,555,231,324,0.17667619955513186,0.0017985611510791368,0.9982014388489209,0.4154676258992806,0.5827338129496403
01209,01,209,3996,723,7,716,292,424,0.18093093093093093,0.009681881051175657,0.9903181189488244,0.40387275242047027,0.5864453665283541
01212,01,212,3477,676,1,675,186,489,0.19442047742306587,0.0014792899408284023,0.9985207100591716,0.27514792899408286,0.7233727810650887
01214,01,214,3099,609,1,608,189,419,0.19651500484027107,0.0016420361247947454,0.9983579638752053,0.3103448275862069,0.6880131362889984
01217,01,217,2240,471,2,469,176,293,0.21026785714285715,0.004246284501061571,0.9957537154989384,0.37367303609341823,0.6220806794055201
01219,01,219,3303,859,2,857,301,556,0.2600666061156524,0.002328288707799767,0.9976717112922002,0.35040745052386496,0.6472642607683353
01221,01,221,3930,876,3,873,246,627,0.22290076335877862,0.003424657534246575,0.9965753424657534,0.2808219178082192,0.7157534246575342
01300,01,300,3173,904,1,903,604,299,0.2849038764576111,0.0011061946902654867,0.9988938053097345,0.668141592920354,0.3307522123893805
01302,01,302,2838,753,2,751,501,250,0.2653276955602537,0.0026560424966799467,0.99734395750332,0.6653386454183267,0.33200531208499334
01305,01,305,3105,916,4,912,474,438,0.29500805152979065,0.004366812227074236,0.9956331877729258,0.517467248908297,0.4781659388646288
01307,01,307,2578,631,5,626,368,258,0.2447633824670287,0.00792393026941363,0.9920760697305864,0.5832012678288431,0.40887480190174325
01308,01,308,1978,372,1,371,235,136,0.18806875631951467,0.002688172043010753,0.9973118279569892,0.6317204301075269,0.3655913978494624
01312,01,312,2375,724,2,722,369,353,0.3048421052631579,0.0027624309392265192,0.9972375690607734,0.5096685082872928,0.48756906077348067
01315,01,315,2305,740,2,738,450,288,0.3210412147505423,0.002702702702702703,0.9972972972972973,0.6081081081081081,0.3891891891891892
01317,01,317,3717,1126,4,1122,728,394,0.30293247242399785,0.003552397868561279,0.9964476021314387,0.6465364120781527,0.34991119005328597
01321,01,321,2390,627,0,627,445,182,0.2623430962343096,0.0,1.0,0.7097288676236044,0.2902711323763955
01323,01,323,2146,533,0,533,336,197,0.2483690587138863,0.0,1.0,0.6303939962476548,0.3696060037523452
01325,01,325,2460,480,0,480,290,190,0.1951219512195122,0.0,1.0,0.6041666666666666,0.3958333333333333
01327,01,327,2798,521,3,518,335,183,0.18620443173695497,0.005758157389635317,0.9942418426103646,0.6429942418426103,0.3512476007677543
01400,01,400,3083,651,5,646,430,216,0.21115796302302953,0.007680491551459293,0.9923195084485407,0.6605222734254992,0.3317972350230415
01403,01,403,2556,614,1,613,354,259,0.24021909233176839,0.0016286644951140066,0.998371335504886,0.5765472312703583,0.4218241042345277
01404,01,404,2418,551,0,551,328,223,0.22787427626137305,0.0,1.0,0.5952813067150635,0.4047186932849365
01405,01,405,1858,477,4,473,323,150,0.25672766415500536,0.008385744234800839,0.9916142557651991,0.6771488469601677,0.31446540880503143
01409,01,409,3035,714,1,713,402,311,0.23525535420098848,0.0014005602240896359,0.9985994397759104,0.5630252100840336,0.43557422969187676
01414,01,414,1926,392,0,392,252,140,0.2035306334371755,0.0,1.0,0.6428571428571429,0.35714285714285715
01415,01,415,2749,604,3,601,400,201,0.2197162604583485,0.004966887417218543,0.9950331125827815,0.6622516556291391,0.33278145695364236
01416,01,416,3317,810,2,808,482,326,0.24419656315948146,0.0024691358024691358,0.9975308641975309,0.5950617283950618,0.4024691358024691
01421,01,421,2591,576,1,575,321,254,0.22230798919336164,0.001736111111111111,0.9982638888888888,0.5572916666666666,0.4409722222222222
01425,01,425,2563,557,2,555,342,213,0.21732344908310575,0.003590664272890485,0.9964093357271095,0.6140035906642729,0.38240574506283664
01427,01,427,2690,581,3,578,300,278,0.21598513011152418,0.0051635111876075735,0.9948364888123924,0.5163511187607573,0.4784853700516351
01431,01,431,2887,520,4,516,293,223,0.18011776931070314,0.007692307692307693,0.9923076923076923,0.5634615384615385,0.4288461538461538
01500,01,500,3170,856,0,856,656,200,0.27003154574132493,0.0,1.0,0.7663551401869159,0.2336448598130841
01504,01,504,3044,710,1,709,508,201,0.23324572930354795,0.0014084507042253522,0.9985915492957746,0.7154929577464789,0.2830985915492958
01505,01,505,2653,922,0,922,656,266,0.34753109687146627,0.0,1.0,0.7114967462039046,0.2885032537960954
01508,01,508,2252,613,2,611,435,176,0.272202486678508,0.0032626427406199023,0.9967373572593801,0.7096247960848288,0.28711256117455136
01510,01,510,2218,544,0,544,460,84,0.24526600541027954,0.0,1.0,0.8455882352941176,0.15441176470588236
01512,01,512,2062,549,0,549,391,158,0.26624636275460717,0.0,1.0,0.7122040072859745,0.2877959927140255
01513,01,513,2497,476,3,473,344,129,0.19062875450540648,0.0063025210084033615,0.9936974789915967,0.7226890756302521,0.2710084033613445
01516,01,516,2992,769,4,765,506,259,0.2570187165775401,0.005201560468140442,0.9947984395318595,0.657997399219766,0.3368010403120936
01519,01,519,2371,739,2,737,504,233,0.3116828342471531,0.0027063599458728013,0.9972936400541272,0.6820027063599459,0.3152909336941813
01522,01,522,2315,451,0,451,325,126,0.19481641468682506,0.0,1.0,0.720620842572062,0.2793791574279379
01524,01,524,1892,382,1,381,208,173,0.20190274841437633,0.002617801047120419,0.9973821989528796,0.5445026178010471,0.45287958115183247
01528,01,528,2906,657,0,657,400,257,0.2260839642119752,0.0,1.0,0.60882800608828,0.3911719939117199
01600,01,600,2060,431,2,429,310,119,0.2092233009708738,0.004640371229698376,0.9953596287703016,0.7192575406032483,0.27610208816705334
01601,01,601,2678,414,0,414,269,145,0.15459297983569828,0.0,1.0,0.6497584541062802,0.3502415458937198
01602,01,602,1895,527,0,527,330,197,0.27810026385224274,0.0,1.0,0.6261859582542695,0.3738140417457306
01603,01,603,2708,505,1,504,379,125,0.18648449039881831,0.0019801980198019802,0.998019801980198,0.7504950495049505,0.24752475247524752
01605,01,605,2733,474,0,474,254,220,0.1734357848518112,0.0,1.0,0.5358649789029536,0.4641350210970464
01612,01,612,1962,385,1,384,237,147,0.1962283384301733,0.0025974025974025974,0.9974025974025974,0.6155844155844156,0.38181818181818183
01613,01,613,2950,534,2,532,346,186,0.18101694915254238,0.003745318352059925,0.9962546816479401,0.6479400749063671,0.34831460674157305
01617,01,617,2082,345,0,345,226,119,0.16570605187319884,0.0,1.0,0.6550724637681159,0.34492753623188405
01620,01,620,1936,277,0,277,186,91,0.14307851239669422,0.0,1.0,0.6714801444043321,0.3285198555956679
01623,01,623,2753,508,1,507,342,165,0.18452597166727205,0.001968503937007874,0.9980314960629921,0.6732283464566929,0.3248031496062992
01624,01,624,2115,389,0,389,266,123,0.18392434988179668,0.0,1.0,0.6838046272493573,0.3161953727506427
01627,01,627,2706,462,1,461,313,148,0.17073170731707318,0.0021645021645021645,0.9978354978354979,0.6774891774891775,0.3203463203463203
01632,01,632,2260,556,2,554,348,206,0.24601769911504426,0.0035971223021582736,0.9964028776978417,0.6258992805755396,0.37050359712230213
01634,01,634,2429,453,2,451,257,194,0.18649650061753809,0.004415011037527594,0.9955849889624724,0.5673289183222958,0.4282560706401766
021A ,02,1A ,0,686,2,684,349,335,inf,0.0029154518950437317,0.9970845481049563,0.5087463556851312,0.48833819241982507
021B ,02,1B ,0,810,1,809,399,410,inf,0.0012345679012345679,0.9987654320987654,0.4925925925925926,0.5061728395061729
021C ,02,1C ,0,853,0,853,386,467,inf,0.0,1.0,0.4525205158264947,0.5474794841735052
021D ,02,1D ,0,793,4,789,339,450,inf,0.005044136191677175,0.9949558638083228,0.4274905422446406,0.5674653215636822
021E ,02,1E ,0,803,1,802,326,476,inf,0.0012453300124533001,0.9987546699875467,0.40597758405977585,0.5927770859277709
021F ,02,1F ,0,693,3,690,304,386,inf,0.004329004329004329,0.9956709956709957,0.43867243867243866,0.556998556998557
021G ,02,1G ,0,690,1,689,300,389,inf,0.0014492753623188406,0.9985507246376811,0.43478260869565216,0.563768115942029
021H ,02,1H ,0,788,3,785,351,434,inf,0.0038071065989847717,0.9961928934010152,0.44543147208121825,0.550761421319797
021J ,02,1J ,0,683,0,683,279,404,inf,0.0,1.0,0.4084919472913616,0.5915080527086384
021K ,02,1K ,0,656,3,653,278,375,inf,0.004573170731707317,0.9954268292682927,0.42378048780487804,0.5716463414634146
021L ,02,1L ,0,674,0,674,282,392,inf,0.0,1.0,0.41839762611275966,0.5816023738872403
021M ,02,1M ,0,682,3,679,277,402,inf,0.004398826979472141,0.9956011730205279,0.40615835777126097,0.5894428152492669
021N ,02,1N ,0,688,1,687,262,425,inf,0.0014534883720930232,0.998546511627907,0.3808139534883721,0.6177325581395349
021O ,02,1O ,0,678,2,676,295,381,inf,0.0029498525073746312,0.9970501474926253,0.4351032448377581,0.5619469026548672
021P ,02,1P ,0,682,0,682,271,411,inf,0.0,1.0,0.3973607038123167,0.6026392961876833
021Q ,02,1Q ,0,683,2,681,288,393,inf,0.0029282576866764276,0.9970717423133236,0.4216691068814056,0.575402635431918
02101,02,101,1915,372,5,367,204,163,0.19425587467362923,0.013440860215053764,0.9865591397849462,0.5483870967741935,0.4381720430107527
02102,02,102,982,201,0,201,120,81,0.20468431771894094,0.0,1.0,0.5970149253731343,0.40298507462686567
02103,02,103,705,170,0,170,119,51,0.24113475177304963,0.0,1.0,0.7,0.3
02104,02,104,943,212,0,212,120,92,0.22481442205726404,0.0,1.0,0.5660377358490566,0.4339622641509434
02105,02,105,3476,982,2,980,486,494,0.28250863060989645,0.002036659877800407,0.9979633401221996,0.49490835030549896,0.5030549898167006
02106,02,106,2602,819,3,816,408,408,0.31475787855495774,0.003663003663003663,0.9963369963369964,0.4981684981684982,0.4981684981684982
02107,02,107,1412,474,2,472,237,235,0.3356940509915014,0.004219409282700422,0.9957805907172996,0.5,0.4957805907172996
02108,02,108,3730,1244,1,1243,612,631,0.33351206434316355,0.0008038585209003215,0.9991961414790996,0.4919614147909968,0.5072347266881029
02109,02,109,977,344,0,344,127,217,0.35209825997952915,0.0,1.0,0.3691860465116279,0.6308139534883721
02110,02,110,2330,759,1,758,275,483,0.3257510729613734,0.0013175230566534915,0.9986824769433466,0.36231884057971014,0.6363636363636364
02111,02,111,2339,761,3,758,335,423,0.32535271483539974,0.003942181340341655,0.9960578186596584,0.44021024967148487,0.5558475689881734
02112,02,112,2531,811,2,809,355,454,0.32042670881074675,0.002466091245376079,0.9975339087546239,0.43773119605425403,0.55980271270037
02113,02,113,1257,318,0,318,261,57,0.2529832935560859,0.0,1.0,0.8207547169811321,0.1792452830188679
02114,02,114,921,193,0,193,133,60,0.20955483170466885,0.0,1.0,0.689119170984456,0.31088082901554404
02115,02,115,1944,457,3,454,300,154,0.23508230452674897,0.006564551422319475,0.9934354485776805,0.6564551422319475,0.33698030634573306
02116,02,116,1002,180,0,180,140,40,0.17964071856287425,0.0,1.0,0.7777777777777778,0.2222222222222222
02117,02,117,3007,769,1,768,533,235,0.25573661456601265,0.0013003901170351106,0.9986996098829649,0.6931079323797139,0.305591677503251
02118,02,118,916,241,1,240,158,82,0.2631004366812227,0.004149377593360996,0.995850622406639,0.6556016597510373,0.34024896265560167
02119,02,119,1120,385,1,384,192,192,0.34375,0.0025974025974025974,0.9974025974025974,0.4987012987012987,0.4987012987012987
02120,02,120,3198,1054,3,1051,402,649,0.32958098811757347,0.0028462998102466793,0.9971537001897534,0.38140417457305503,0.6157495256166983
02121,02,121,1129,431,2,429,148,281,0.38175376439326836,0.004640371229698376,0.9953596287703016,0.3433874709976798,0.6519721577726219
02122,02,122,1057,326,0,326,142,184,0.30842005676442763,0.0,1.0,0.43558282208588955,0.5644171779141104
02123,02,123,1880,650,3,647,310,337,0.34574468085106386,0.004615384615384616,0.9953846153846154,0.47692307692307695,0.5184615384615384
02124,02,124,2345,733,5,728,292,436,0.31257995735607674,0.0068212824010914054,0.9931787175989086,0.39836289222373805,0.5948158253751705
02125,02,125,3211,749,2,747,292,455,0.23326066645904703,0.0026702269692923898,0.9973297730307076,0.38985313751668893,0.6074766355140186
02126,02,126,1102,278,1,277,93,184,0.25226860254083483,0.0035971223021582736,0.9964028776978417,0.3345323741007194,0.6618705035971223
02127,02,127,1374,406,0,406,117,289,0.2954876273653566,0.0,1.0,0.2881773399014778,0.7118226600985221
02128,02,128,775,154,0,154,51,103,0.19870967741935483,0.0,1.0,0.33116883116883117,0.6688311688311688
02129,02,129,1029,286,0,286,112,174,0.27793974732750243,0.0,1.0,0.3916083916083916,0.6083916083916084
02130,02,130,1990,417,1,416,230,186,0.20954773869346735,0.002398081534772182,0.9976019184652278,0.5515587529976019,0.4460431654676259
02131,02,131,1687,421,0,421,343,78,0.24955542382928275,0.0,1.0,0.8147268408551069,0.18527315914489312
02132,02,132,1027,200,0,200,96,104,0.19474196689386564,0.0,1.0,0.48,0.52
02133,02,133,1063,279,1,278,234,44,0.26246472248353714,0.0035842293906810036,0.996415770609319,0.8387096774193549,0.15770609318996415
02134,02,134,2251,454,2,452,141,311,0.2016881386050644,0.004405286343612335,0.9955947136563876,0.31057268722466963,0.6850220264317181
02135,02,135,1065,222,1,221,75,146,0.2084507042253521,0.0045045045045045045,0.9954954954954955,0.33783783783783783,0.6576576576576577
02136,02,136,1212,302,0,302,136,166,0.24917491749174916,0.0,1.0,0.4503311258278146,0.5496688741721855
02137,02,137,1304,315,2,313,101,212,0.2415644171779141,0.006349206349206349,0.9936507936507937,0.32063492063492066,0.6730158730158731
02138,02,138,3152,748,3,745,246,499,0.23730964467005075,0.004010695187165776,0.9959893048128342,0.32887700534759357,0.6671122994652406
02139,02,139,1148,317,0,317,102,215,0.2761324041811847,0.0,1.0,0.3217665615141956,0.6782334384858044
02140,02,140,1801,444,0,444,193,251,0.24652970571904498,0.0,1.0,0.4346846846846847,0.5653153153153153
02141,02,141,2505,682,4,678,217,461,0.27225548902195607,0.005865102639296188,0.9941348973607038,0.3181818181818182,0.6759530791788856
02142,02,142,2256,534,4,530,255,275,0.23670212765957446,0.00749063670411985,0.9925093632958801,0.47752808988764045,0.5149812734082397
02143,02,143,1397,332,2,330,107,223,0.2376521116678597,0.006024096385542169,0.9939759036144579,0.32228915662650603,0.6716867469879518
02144,02,144,2296,538,0,538,136,402,0.2343205574912892,0.0,1.0,0.2527881040892193,0.7472118959107806
02145,02,145,1025,227,2,225,84,141,0.22146341463414634,0.00881057268722467,0.9911894273127754,0.3700440528634361,0.6211453744493393
02146,02,146,2191,527,1,526,173,353,0.2405294386125057,0.0018975332068311196,0.9981024667931688,0.32827324478178366,0.6698292220113852
02147,02,147,626,205,0,205,75,130,0.3274760383386581,0.0,1.0,0.36585365853658536,0.6341463414634146
02148,02,148,987,280,0,280,110,170,0.28368794326241137,0.0,1.0,0.39285714285714285,0.6071428571428571
02149,02,149,2110,409,0,409,117,292,0.1938388625592417,0.0,1.0,0.2860635696821516,0.7139364303178484
02150,02,150,1218,206,1,205,74,131,0.16912972085385877,0.0048543689320388345,0.9951456310679612,0.3592233009708738,0.6359223300970874
02151,02,151,1248,227,1,226,89,137,0.18189102564102563,0.004405286343612335,0.9955947136563876,0.3920704845814978,0.6035242290748899
02152,02,152,898,181,0,181,58,123,0.20155902004454343,0.0,1.0,0.32044198895027626,0.6795580110497238
02153,02,153,2200,477,0,477,140,337,0.21681818181818183,0.0,1.0,0.29350104821802936,0.7064989517819706
02154,02,154,1358,264,3,261,89,172,0.19440353460972018,0.011363636363636364,0.9886363636363636,0.3371212121212121,0.6515151515151515
02155,02,155,1417,257,1,256,94,162,0.18136908962597037,0.0038910505836575876,0.9961089494163424,0.3657587548638132,0.6303501945525292
02156,02,156,2505,505,2,503,160,343,0.20159680638722555,0.0039603960396039604,0.996039603960396,0.31683168316831684,0.6792079207920793
02157,02,157,1104,228,0,228,73,155,0.20652173913043478,0.0,1.0,0.3201754385964912,0.6798245614035088
02158,02,158,1231,308,0,308,101,207,0.2502030869212023,0.0,1.0,0.32792207792207795,0.672077922077922
02159,02,159,1947,525,0,525,153,372,0.2696456086286595,0.0,1.0,0.2914285714285714,0.7085714285714285
02160,02,160,1354,345,0,345,92,253,0.2548005908419498,0.0,1.0,0.26666666666666666,0.7333333333333333
02161,02,161,1298,295,1,294,73,221,0.22727272727272727,0.003389830508474576,0.9966101694915255,0.24745762711864408,0.7491525423728813
02162,02,162,3878,723,2,721,180,541,0.18643630737493552,0.0027662517289073307,0.9972337482710927,0.24896265560165975,0.7482710926694329
02163,02,163,1120,234,0,234,65,169,0.20892857142857144,0.0,1.0,0.2777777777777778,0.7222222222222222
02164,02,164,5451,1228,3,1225,297,928,0.22527976518070078,0.0024429967426710096,0.997557003257329,0.24185667752442996,0.755700325732899
02165,02,165,2400,468,0,468,143,325,0.195,0.0,1.0,0.3055555555555556,0.6944444444444444
02166,02,166,4049,898,6,892,209,683,0.2217831563348975,0.0066815144766146995,0.9933184855233853,0.23273942093541203,0.7605790645879733
02167,02,167,2332,500,0,500,137,363,0.2144082332761578,0.0,1.0,0.274,0.726
02168,02,168,3714,711,4,707,185,522,0.19143780290791598,0.005625879043600563,0.9943741209563994,0.26019690576652604,0.7341772151898734
02169,02,169,1401,300,0,300,78,222,0.21413276231263384,0.0,1.0,0.26,0.74
02170,02,170,2548,493,2,491,163,328,0.1934850863422292,0.004056795131845842,0.9959432048681541,0.3306288032454361,0.665314401622718
02171,02,171,1393,265,0,265,76,189,0.19023689877961233,0.0,1.0,0.28679245283018867,0.7132075471698113
02172,02,172,4042,723,1,722,196,526,0.1788718456209797,0.0013831258644536654,0.9986168741355463,0.2710926694329184,0.7275242047026279
02173,02,173,3844,739,5,734,188,546,0.19224765868886576,0.006765899864682003,0.993234100135318,0.2543978349120433,0.7388362652232747
02174,02,174,1425,259,1,258,84,174,0.18175438596491228,0.003861003861003861,0.9961389961389961,0.32432432432432434,0.6718146718146718
02175,02,175,2477,511,0,511,140,371,0.20629794105773114,0.0,1.0,0.273972602739726,0.726027397260274
02176,02,176,3519,632,1,631,195,436,0.17959647627166808,0.0015822784810126582,0.9984177215189873,0.30854430379746833,0.689873417721519
02177,02,177,2784,502,0,502,154,348,0.18031609195402298,0.0,1.0,0.30677290836653387,0.6932270916334662
02178,02,178,1200,284,1,283,99,184,0.23666666666666666,0.0035211267605633804,0.9964788732394366,0.3485915492957746,0.647887323943662
02179,02,179,1280,309,2,307,96,211,0.24140625,0.006472491909385114,0.9935275080906149,0.3106796116504854,0.6828478964401294
02180,02,180,4117,791,2,789,230,559,0.19213019188729658,0.0025284450063211127,0.9974715549936789,0.29077117572692796,0.706700379266751
02181,02,181,915,242,2,240,63,177,0.2644808743169399,0.008264462809917356,0.9917355371900827,0.2603305785123967,0.731404958677686
02182,02,182,1294,287,3,284,96,188,0.22179289026275115,0.010452961672473868,0.9895470383275261,0.3344947735191638,0.6550522648083623
02183,02,183,2455,500,1,499,144,355,0.20366598778004075,0.002,0.998,0.288,0.71
02184,02,184,1248,320,1,319,90,229,0.2564102564102564,0.003125,0.996875,0.28125,0.715625
02185,02,185,2427,555,1,554,163,391,0.22867737948084055,0.0018018018018018018,0.9981981981981982,0.2936936936936937,0.7045045045045045
02186,02,186,2061,446,3,443,99,344,0.21639980591945657,0.006726457399103139,0.9932735426008968,0.2219730941704036,0.7713004484304933
02187,02,187,2381,406,1,405,115,290,0.17051658966820663,0.0024630541871921183,0.9975369458128078,0.2832512315270936,0.7142857142857143
031A ,03,1A ,0,1300,0,1300,485,815,inf,0.0,1.0,0.3730769230769231,0.6269230769230769
031B ,03,1B ,0,1240,1,1239,449,790,inf,0.0008064516129032258,0.9991935483870967,0.3620967741935484,0.6370967741935484
032A ,03,2A ,0,1218,2,1216,446,770,inf,0.0016420361247947454,0.9983579638752053,0.36617405582922824,0.632183908045977
032B ,03,2B ,0,1254,1,1253,432,821,inf,0.0007974481658692185,0.9992025518341308,0.3444976076555024,0.6547049441786283
033B ,03,3B ,0,1414,1,1413,483,930,inf,0.0007072135785007072,0.9992927864214993,0.3415841584158416,0.6577086280056577
034A ,03,4A ,0,1109,1,1108,389,719,inf,0.0009017132551848512,0.9990982867448152,0.3507664562669071,0.648331830477908
035B ,03,5B ,0,1216,0,1216,403,813,inf,0.0,1.0,0.3314144736842105,0.6685855263157895
036A ,03,6A ,0,1318,2,1316,461,855,inf,0.0015174506828528073,0.9984825493171472,0.3497723823975721,0.6487101669195751
036B ,03,6B ,0,1243,0,1243,433,810,inf,0.0,1.0,0.3483507642799678,0.6516492357200322
037A ,03,7A ,0,1191,1,1190,454,736,inf,0.0008396305625524769,0.9991603694374476,0.3811922753988245,0.617968094038623
037B ,03,7B ,0,1188,0,1188,447,741,inf,0.0,1.0,0.37626262626262624,0.6237373737373737
038A ,03,8A ,0,1208,1,1207,424,783,inf,0.0008278145695364238,0.9991721854304636,0.3509933774834437,0.6481788079470199
038B ,03,8B ,0,1217,2,1215,430,785,inf,0.0016433853738701725,0.9983566146261298,0.3533278553820871,0.6450287592440427
039A ,03,9A ,0,1247,2,1245,435,810,inf,0.0016038492381716118,0.9983961507618284,0.3488372093023256,0.6495589414595028
039B ,03,9B ,0,1225,2,1223,441,782,inf,0.0016326530612244899,0.9983673469387755,0.36,0.6383673469387755
03101,03,101,2349,475,1,474,209,265,0.2022137079608344,0.002105263157894737,0.9978947368421053,0.44,0.5578947368421052
03102,03,102,2241,358,2,356,122,234,0.15975011155734048,0.00558659217877095,0.994413407821229,0.3407821229050279,0.6536312849162011
03103,03,103,1574,339,2,337,103,234,0.2153748411689962,0.0058997050147492625,0.9941002949852508,0.30383480825958703,0.6902654867256637
03104,03,104,1173,215,0,215,69,146,0.18329070758738278,0.0,1.0,0.3209302325581395,0.6790697674418604
03105,03,105,1046,113,0,113,49,64,0.10803059273422562,0.0,1.0,0.4336283185840708,0.5663716814159292
03106,03,106,896,132,0,132,48,84,0.14732142857142858,0.0,1.0,0.36363636363636365,0.6363636363636364
03107,03,107,1474,258,0,258,77,181,0.17503392130257803,0.0,1.0,0.29844961240310075,0.7015503875968992
03108,03,108,3455,720,1,719,323,396,0.20839363241678727,0.001388888888888889,0.9986111111111111,0.4486111111111111,0.55
03109,03,109,3033,626,0,626,255,371,0.206396307286515,0.0,1.0,0.4073482428115016,0.5926517571884984
03110,03,110,1336,278,1,277,122,155,0.20808383233532934,0.0035971223021582736,0.9964028776978417,0.43884892086330934,0.5575539568345323
03111,03,111,1200,342,1,341,109,232,0.285,0.0029239766081871343,0.9970760233918129,0.31871345029239767,0.6783625730994152
03112,03,112,2981,885,0,885,328,557,0.296880241529688,0.0,1.0,0.3706214689265537,0.6293785310734463
03113,03,113,1048,286,1,285,109,176,0.2729007633587786,0.0034965034965034965,0.9965034965034965,0.3811188811188811,0.6153846153846154
03114,03,114,1470,441,0,441,191,250,0.3,0.0,1.0,0.4331065759637188,0.5668934240362812
03115,03,115,3012,684,0,684,285,399,0.22709163346613545,0.0,1.0,0.4166666666666667,0.5833333333333334
03116,03,116,1442,301,2,299,136,163,0.2087378640776699,0.006644518272425249,0.9933554817275747,0.45182724252491696,0.5415282392026578
03117,03,117,3107,678,0,678,259,419,0.21821692951400065,0.0,1.0,0.38200589970501475,0.6179941002949852
03201,03,201,830,184,0,184,88,96,0.2216867469879518,0.0,1.0,0.4782608695652174,0.5217391304347826
03202,03,202,618,123,0,123,78,45,0.19902912621359223,0.0,1.0,0.6341463414634146,0.36585365853658536
03203,03,203,2804,560,2,558,246,312,0.19971469329529243,0.0035714285714285713,0.9964285714285714,0.4392857142857143,0.5571428571428572
03204,03,204,2688,542,0,542,269,273,0.20163690476190477,0.0,1.0,0.496309963099631,0.503690036900369
03205,03,205,1174,286,0,286,151,135,0.24361158432708688,0.0,1.0,0.527972027972028,0.47202797202797203
03206,03,206,2516,626,2,624,348,276,0.24880763116057233,0.003194888178913738,0.9968051118210862,0.5559105431309904,0.44089456869009586
03207,03,207,2147,564,1,563,257,306,0.2626921285514672,0.0017730496453900709,0.99822695035461,0.45567375886524825,0.5425531914893617
03208,03,208,1493,366,0,366,200,166,0.2451440053583389,0.0,1.0,0.546448087431694,0.453551912568306
03209,03,209,2853,668,0,668,254,414,0.23413950227830355,0.0,1.0,0.38023952095808383,0.6197604790419161
03210,03,210,3036,777,0,777,326,451,0.25592885375494073,0.0,1.0,0.4195624195624196,0.5804375804375804
03211,03,211,1280,288,0,288,130,158,0.225,0.0,1.0,0.4513888888888889,0.5486111111111112
03212,03,212,2783,733,0,733,287,446,0.26338483650736616,0.0,1.0,0.39154160982264663,0.6084583901773534
03213,03,213,2838,698,3,695,252,443,0.2459478505990134,0.004297994269340974,0.995702005730659,0.36103151862464183,0.6346704871060171
03214,03,214,1288,222,0,222,76,146,0.17236024844720496,0.0,1.0,0.34234234234234234,0.6576576576576577
03215,03,215,1377,348,0,348,130,218,0.25272331154684097,0.0,1.0,0.3735632183908046,0.6264367816091954
03216,03,216,1536,408,0,408,142,266,0.265625,0.0,1.0,0.3480392156862745,0.6519607843137255
03301,03,301,2503,654,1,653,231,422,0.261286456252497,0.0015290519877675841,0.9984709480122325,0.3532110091743119,0.6452599388379205
03302,03,302,1021,226,0,226,86,140,0.22135161606268364,0.0,1.0,0.3805309734513274,0.6194690265486725
03303,03,303,2377,496,3,493,148,345,0.20866638620109382,0.006048387096774193,0.9939516129032258,0.29838709677419356,0.6955645161290323
03304,03,304,1187,221,1,220,69,151,0.18618365627632688,0.004524886877828055,0.995475113122172,0.31221719457013575,0.6832579185520362
03305,03,305,2394,606,4,602,198,404,0.2531328320802005,0.006600660066006601,0.9933993399339934,0.32673267326732675,0.6666666666666666
03306,03,306,1120,302,1,301,88,213,0.26964285714285713,0.0033112582781456954,0.9966887417218543,0.2913907284768212,0.7052980132450332
03307,03,307,1039,290,0,290,82,208,0.2791145332050048,0.0,1.0,0.2827586206896552,0.7172413793103448
03308,03,308,1123,282,0,282,68,214,0.25111308993766696,0.0,1.0,0.24113475177304963,0.7588652482269503
03309,03,309,2392,553,0,553,151,402,0.23118729096989968,0.0,1.0,0.2730560578661845,0.7269439421338155
03310,03,310,2439,623,1,622,158,464,0.25543255432554324,0.0016051364365971107,0.9983948635634029,0.2536115569823435,0.7447833065810594
03311,03,311,1120,258,0,258,69,189,0.23035714285714284,0.0,1.0,0.26744186046511625,0.7325581395348837
03312,03,312,2812,698,0,698,179,519,0.24822190611664297,0.0,1.0,0.25644699140401145,0.7435530085959885
03313,03,313,1321,404,2,402,64,338,0.30582891748675245,0.0049504950495049506,0.995049504950495,0.15841584158415842,0.8366336633663366
03314,03,314,1092,272,0,272,64,208,0.2490842490842491,0.0,1.0,0.23529411764705882,0.7647058823529411
03315,03,315,2237,473,0,473,127,346,0.21144389807778274,0.0,1.0,0.26849894291754756,0.7315010570824524
03316,03,316,1344,298,1,297,71,226,0.22172619047619047,0.003355704697986577,0.9966442953020134,0.23825503355704697,0.7583892617449665
03317,03,317,2482,612,1,611,178,433,0.2465753424657534,0.0016339869281045752,0.9983660130718954,0.2908496732026144,0.7075163398692811
03318,03,318,914,189,0,189,47,142,0.20678336980306344,0.0,1.0,0.24867724867724866,0.7513227513227513
03401,03,401,2494,535,0,535,237,298,0.2145148356054531,0.0,1.0,0.44299065420560746,0.5570093457943925
03402,03,402,2382,522,0,522,207,315,0.21914357682619648,0.0,1.0,0.39655172413793105,0.603448275862069
03403,03,403,1019,228,0,228,79,149,0.2237487733071639,0.0,1.0,0.34649122807017546,0.6535087719298246
03404,03,404,2202,472,0,472,161,311,0.21435059037238874,0.0,1.0,0.3411016949152542,0.6588983050847458
03405,03,405,1203,196,0,196,59,137,0.1629260182876143,0.0,1.0,0.3010204081632653,0.6989795918367347
03406,03,406,1381,268,0,268,89,179,0.1940622737146995,0.0,1.0,0.332089552238806,0.667910447761194
03407,03,407,2650,614,1,613,218,395,0.23169811320754716,0.0016286644951140066,0.998371335504886,0.3550488599348534,0.6433224755700325
03408,03,408,2238,395,0,395,150,245,0.17649687220732796,0.0,1.0,0.379746835443038,0.620253164556962
03409,03,409,1253,223,0,223,100,123,0.1779728651237031,0.0,1.0,0.4484304932735426,0.5515695067264574
03410,03,410,1147,210,0,210,56,154,0.18308631211857018,0.0,1.0,0.26666666666666666,0.7333333333333333
03411,03,411,2639,522,0,522,172,350,0.1978021978021978,0.0,1.0,0.32950191570881227,0.6704980842911877
03412,03,412,1006,185,0,185,62,123,0.18389662027833,0.0,1.0,0.33513513513513515,0.6648648648648648
03413,03,413,751,156,0,156,67,89,0.20772303595206393,0.0,1.0,0.42948717948717946,0.5705128205128205
03414,03,414,2244,478,1,477,158,319,0.21301247771836007,0.0020920502092050207,0.997907949790795,0.3305439330543933,0.6673640167364017
03415,03,415,2567,500,1,499,172,327,0.19477989871445267,0.002,0.998,0.344,0.654
03416,03,416,1452,233,0,233,57,176,0.16046831955922866,0.0,1.0,0.2446351931330472,0.7553648068669528
03501,03,501,2816,629,0,629,200,429,0.22336647727272727,0.0,1.0,0.3179650238473768,0.6820349761526232
03502,03,502,3059,570,1,569,181,388,0.18633540372670807,0.0017543859649122807,0.9982456140350877,0.3175438596491228,0.6807017543859649
03503,03,503,1565,378,1,377,107,270,0.2415335463258786,0.0026455026455026454,0.9973544973544973,0.2830687830687831,0.7142857142857143
03504,03,504,2510,548,0,548,162,386,0.21832669322709164,0.0,1.0,0.2956204379562044,0.7043795620437956
03505,03,505,2203,463,1,462,128,334,0.21016795279164777,0.0021598272138228943,0.9978401727861771,0.27645788336933047,0.7213822894168467
03506,03,506,2930,559,1,558,187,371,0.19078498293515359,0.0017889087656529517,0.998211091234347,0.334525939177102,0.6636851520572451
03507,03,507,2233,470,0,470,117,353,0.21047917599641738,0.0,1.0,0.24893617021276596,0.7510638297872341
03508,03,508,2366,476,0,476,144,332,0.20118343195266272,0.0,1.0,0.3025210084033613,0.6974789915966386
03509,03,509,2385,472,2,470,147,323,0.1979035639412998,0.00423728813559322,0.9957627118644068,0.3114406779661017,0.684322033898305
03510,03,510,2738,532,0,532,176,356,0.19430241051862673,0.0,1.0,0.3308270676691729,0.6691729323308271
03511,03,511,1167,229,2,227,74,153,0.19622964867180806,0.008733624454148471,0.9912663755458515,0.3231441048034934,0.6681222707423581
03512,03,512,2241,567,2,565,183,382,0.25301204819277107,0.003527336860670194,0.9964726631393298,0.32275132275132273,0.673721340388007
03513,03,513,1237,385,0,385,140,245,0.3112368633791431,0.0,1.0,0.36363636363636365,0.6363636363636364
03514,03,514,818,263,1,262,61,201,0.3215158924205379,0.0038022813688212928,0.9961977186311787,0.23193916349809887,0.7642585551330798
03601,03,601,1158,310,0,310,86,224,0.26770293609671847,0.0,1.0,0.27741935483870966,0.7225806451612903
03602,03,602,1302,226,2,224,69,155,0.17357910906298002,0.008849557522123894,0.9911504424778761,0.3053097345132743,0.6858407079646017
03603,03,603,1321,292,1,291,84,207,0.2210446631339894,0.003424657534246575,0.9965753424657534,0.2876712328767123,0.708904109589041
03604,03,604,2436,570,0,570,175,395,0.23399014778325122,0.0,1.0,0.30701754385964913,0.6929824561403509
03605,03,605,1864,437,0,437,107,330,0.2344420600858369,0.0,1.0,0.2448512585812357,0.7551487414187643
03606,03,606,2408,589,2,587,162,425,0.2446013289036545,0.003395585738539898,0.9966044142614601,0.27504244482173174,0.7215619694397284
03607,03,607,1662,334,0,334,78,256,0.2009626955475331,0.0,1.0,0.23353293413173654,0.7664670658682635
03608,03,608,1729,405,1,404,123,281,0.23423944476576056,0.0024691358024691358,0.9975308641975309,0.3037037037037037,0.6938271604938272
03609,03,609,1836,398,0,398,109,289,0.2167755991285403,0.0,1.0,0.27386934673366836,0.7261306532663316
03610,03,610,2218,498,0,498,145,353,0.22452660054102797,0.0,1.0,0.29116465863453816,0.7088353413654619
03611,03,611,1681,450,1,449,144,305,0.2676977989292088,0.0022222222222222222,0.9977777777777778,0.32,0.6777777777777778
03612,03,612,1642,378,1,377,114,263,0.23020706455542023,0.0026455026455026454,0.9973544973544973,0.30158730158730157,0.6957671957671958
03613,03,613,902,158,2,156,59,97,0.17516629711751663,0.012658227848101266,0.9873417721518988,0.37341772151898733,0.6139240506329114
03614,03,614,783,180,2,178,63,115,0.22988505747126436,0.011111111111111112,0.9888888888888889,0.35,0.6388888888888888
03615,03,615,1668,366,1,365,88,277,0.21942446043165467,0.00273224043715847,0.9972677595628415,0.24043715846994534,0.7568306010928961
03616,03,616,1914,326,1,325,80,245,0.1703239289446186,0.003067484662576687,0.9969325153374233,0.24539877300613497,0.7515337423312883
03617,03,617,2146,418,5,413,136,277,0.19478098788443615,0.011961722488038277,0.9880382775119617,0.3253588516746411,0.6626794258373205
03618,03,618,1876,381,0,381,95,286,0.20309168443496803,0.0,1.0,0.24934383202099739,0.7506561679790026
03619,03,619,1705,352,1,351,122,229,0.2064516129032258,0.002840909090909091,0.9971590909090909,0.3465909090909091,0.6505681818181818
03701,03,701,1372,242,1,241,109,132,0.17638483965014579,0.004132231404958678,0.9958677685950413,0.45041322314049587,0.5454545454545454
03702,03,702,2835,503,2,501,194,307,0.17742504409171075,0.003976143141153081,0.9960238568588469,0.3856858846918489,0.610337972166998
03703,03,703,2884,431,2,429,175,254,0.14944521497919555,0.004640371229698376,0.9953596287703016,0.4060324825986079,0.5893271461716937
03704,03,704,2390,462,0,462,135,327,0.19330543933054392,0.0,1.0,0.2922077922077922,0.7077922077922078
03705,03,705,1566,204,3,201,74,127,0.13026819923371646,0.014705882352941176,0.9852941176470589,0.3627450980392157,0.6225490196078431
03706,03,706,1485,267,0,267,88,179,0.1797979797979798,0.0,1.0,0.3295880149812734,0.6704119850187266
03707,03,707,1385,253,1,252,92,160,0.18267148014440432,0.003952569169960474,0.9960474308300395,0.36363636363636365,0.6324110671936759
03708,03,708,1502,262,0,262,94,168,0.1744340878828229,0.0,1.0,0.35877862595419846,0.6412213740458015
03709,03,709,2331,447,2,445,154,291,0.19176319176319176,0.0044742729306487695,0.9955257270693513,0.34451901565995524,0.6510067114093959
03710,03,710,2146,489,1,488,135,353,0.22786579683131408,0.002044989775051125,0.9979550102249489,0.27607361963190186,0.721881390593047
03711,03,711,967,189,1,188,50,138,0.1954498448810755,0.005291005291005291,0.9947089947089947,0.26455026455026454,0.7301587301587301
03712,03,712,2509,548,2,546,182,364,0.2184137106416899,0.0036496350364963502,0.9963503649635036,0.33211678832116787,0.6642335766423357
03713,03,713,1139,250,2,248,84,164,0.21949078138718173,0.008,0.992,0.336,0.656
03714,03,714,1096,216,1,215,64,151,0.19708029197080293,0.004629629629629629,0.9953703703703703,0.2962962962962963,0.6990740740740741
03715,03,715,1516,324,1,323,99,224,0.21372031662269128,0.0030864197530864196,0.9969135802469136,0.3055555555555556,0.691358024691358
03716,03,716,2177,376,2,374,102,272,0.17271474506201195,0.005319148936170213,0.9946808510638298,0.2712765957446808,0.723404255319149
03717,03,717,1313,242,1,241,87,154,0.1843107387661843,0.004132231404958678,0.9958677685950413,0.359504132231405,0.6363636363636364
03801,03,801,2049,380,1,379,137,242,0.18545632015617375,0.002631578947368421,0.9973684210526316,0.3605263157894737,0.6368421052631579
03802,03,802,1357,253,1,252,71,181,0.1864406779661017,0.003952569169960474,0.9960474308300395,0.28063241106719367,0.7154150197628458
03803,03,803,1151,234,2,232,80,152,0.20330147697654213,0.008547008547008548,0.9914529914529915,0.3418803418803419,0.6495726495726496
03804,03,804,2484,494,2,492,142,350,0.19887278582930756,0.004048582995951417,0.9959514170040485,0.2874493927125506,0.708502024291498
03805,03,805,1171,239,0,239,78,161,0.2040990606319385,0.0,1.0,0.3263598326359833,0.6736401673640168
03806,03,806,1303,294,2,292,106,186,0.2256331542594014,0.006802721088435374,0.9931972789115646,0.36054421768707484,0.6326530612244898
03807,03,807,2282,563,0,563,133,430,0.2467134092900964,0.0,1.0,0.23623445825932504,0.7637655417406749
03808,03,808,1686,384,3,381,95,286,0.2277580071174377,0.0078125,0.9921875,0.24739583333333334,0.7447916666666666
03809,03,809,2155,500,4,496,171,325,0.23201856148491878,0.008,0.992,0.342,0.65
03810,03,810,2133,484,0,484,156,328,0.22691045475855603,0.0,1.0,0.32231404958677684,0.6776859504132231
03811,03,811,1150,269,0,269,84,185,0.23391304347826086,0.0,1.0,0.31226765799256506,0.6877323420074349
03812,03,812,1364,326,5,321,96,225,0.23900293255131966,0.015337423312883436,0.9846625766871165,0.294478527607362,0.6901840490797546
03813,03,813,1150,233,1,232,76,156,0.2026086956521739,0.004291845493562232,0.9957081545064378,0.3261802575107296,0.6695278969957081
03814,03,814,2284,546,0,546,166,380,0.23905429071803852,0.0,1.0,0.304029304029304,0.6959706959706959
03815,03,815,1069,247,0,247,70,177,0.23105706267539758,0.0,1.0,0.2834008097165992,0.7165991902834008
03816,03,816,1965,473,2,471,127,344,0.2407124681933842,0.004228329809725159,0.9957716701902748,0.26849894291754756,0.7272727272727273
03817,03,817,1112,229,0,229,72,157,0.20593525179856115,0.0,1.0,0.314410480349345,0.6855895196506551
03818,03,818,1345,332,0,332,95,237,0.24684014869888476,0.0,1.0,0.286144578313253,0.713855421686747
03901,03,901,2581,557,0,557,152,405,0.21580782642386673,0.0,1.0,0.27289048473967686,0.7271095152603232
03902,03,902,2326,486,0,486,154,332,0.20894239036973344,0.0,1.0,0.3168724279835391,0.6831275720164609
03903,03,903,1143,290,0,290,95,195,0.2537182852143482,0.0,1.0,0.3275862068965517,0.6724137931034483
03904,03,904,726,136,0,136,38,98,0.18732782369146006,0.0,1.0,0.27941176470588236,0.7205882352941176
03905,03,905,1265,314,1,313,103,210,0.2482213438735178,0.0031847133757961785,0.9968152866242038,0.32802547770700635,0.6687898089171974
03906,03,906,2509,483,1,482,167,315,0.1925069748903946,0.002070393374741201,0.9979296066252588,0.34575569358178054,0.6521739130434783
03907,03,907,2502,451,2,449,170,279,0.18025579536370903,0.004434589800443459,0.9955654101995566,0.376940133037694,0.6186252771618626
03908,03,908,789,127,0,127,39,88,0.16096324461343473,0.0,1.0,0.30708661417322836,0.6929133858267716
03909,03,909,1082,195,1,194,75,119,0.18022181146025879,0.005128205128205128,0.9948717948717949,0.38461538461538464,0.6102564102564103
03910,03,910,1132,298,1,297,90,207,0.26325088339222613,0.003355704697986577,0.9966442953020134,0.30201342281879195,0.6946308724832215
03911,03,911,1264,229,1,228,80,148,0.18117088607594936,0.004366812227074236,0.9956331877729258,0.34934497816593885,0.6462882096069869
03912,03,912,2878,592,2,590,195,395,0.20569840166782488,0.0033783783783783786,0.9966216216216216,0.3293918918918919,0.6672297297297297
03913,03,913,1408,318,1,317,90,227,0.22585227272727273,0.0031446540880503146,0.9968553459119497,0.2830188679245283,0.7138364779874213
03914,03,914,1097,297,0,297,113,184,0.2707383773928897,0.0,1.0,0.38047138047138046,0.6195286195286195
03915,03,915,2247,521,1,520,166,354,0.23186470850022253,0.0019193857965451055,0.9980806142034548,0.31861804222648754,0.6794625719769674
03916,03,916,1198,371,3,368,110,258,0.3096828046744574,0.008086253369272238,0.9919137466307277,0.29649595687331537,0.6954177897574124
03917,03,917,2425,547,2,545,160,385,0.22556701030927834,0.003656307129798903,0.9963436928702011,0.29250457038391225,0.7038391224862889
03918,03,918,2508,422,1,421,137,284,0.1682615629984051,0.002369668246445498,0.9976303317535545,0.3246445497630332,0.6729857819905213
03919,03,919,2058,313,1,312,93,219,0.152089407191448,0.003194888178913738,0.9968051118210862,0.2971246006389776,0.6996805111821086
041A ,04,1A ,0,1141,1,1140,857,283,inf,0.0008764241893076249,0.9991235758106923,0.7510955302366346,0.24802804557405783
041B ,04,1B ,0,1076,1,1075,861,214,inf,0.0009293680297397769,0.9990706319702602,0.800185873605948,0.19888475836431227
041C ,04,1C ,0,1044,0,1044,806,238,inf,0.0,1.0,0.7720306513409961,0.22796934865900384
041D ,04,1D ,0,1105,1,1104,817,287,inf,0.0009049773755656109,0.9990950226244344,0.7393665158371041,0.25972850678733034
041E ,04,1E ,0,1007,2,1005,736,269,inf,0.0019860973187686196,0.9980139026812314,0.730883813306852,0.2671300893743793
041F ,04,1F ,0,1099,1,1098,818,280,inf,0.0009099181073703367,0.9990900818926297,0.7443130118289354,0.25477707006369427
041G ,04,1G ,0,1047,0,1047,794,253,inf,0.0,1.0,0.7583572110792741,0.24164278892072588
041H ,04,1H ,0,938,4,934,733,201,inf,0.0042643923240938165,0.9957356076759062,0.7814498933901919,0.21428571428571427
041J ,04,1J ,0,1018,0,1018,794,224,inf,0.0,1.0,0.7799607072691552,0.2200392927308448
041K ,04,1K ,0,1106,0,1106,800,306,inf,0.0,1.0,0.7233273056057866,0.2766726943942134
041L ,04,1L ,0,1062,2,1060,767,293,inf,0.0018832391713747645,0.9981167608286252,0.7222222222222222,0.275894538606403
041M ,04,1M ,0,1027,0,1027,792,235,inf,0.0,1.0,0.7711781888997079,0.22882181110029212
041N ,04,1N ,0,986,6,980,728,252,inf,0.006085192697768763,0.9939148073022313,0.7383367139959433,0.25557809330628806
041O ,04,1O ,0,1090,0,1090,849,241,inf,0.0,1.0,0.7788990825688074,0.22110091743119267
041P ,04,1P ,0,1096,2,1094,821,273,inf,0.0018248175182481751,0.9981751824817519,0.7490875912408759,0.2490875912408759
041Q ,04,1Q ,0,1150,1,1149,850,299,inf,0.0008695652173913044,0.9991304347826087,0.7391304347826086,0.26
041R ,04,1R ,0,1207,2,1205,911,294,inf,0.0016570008285004142,0.9983429991714996,0.7547638773819387,0.2435791217895609
041S ,04,1S ,0,1114,2,1112,845,267,inf,0.0017953321364452424,0.9982046678635548,0.7585278276481149,0.23967684021543986
041T ,04,1T ,0,1085,0,1085,807,278,inf,0.0,1.0,0.743778801843318,0.25622119815668204
041U ,04,1U ,0,1106,0,1106,840,266,inf,0.0,1.0,0.759493670886076,0.24050632911392406
041V ,04,1V ,0,973,0,973,749,224,inf,0.0,1.0,0.7697841726618705,0.2302158273381295
041W ,04,1W ,0,1068,1,1067,808,259,inf,0.0009363295880149813,0.9990636704119851,0.7565543071161048,0.24250936329588016
041X ,04,1X ,0,965,1,964,719,245,inf,0.0010362694300518134,0.9989637305699481,0.7450777202072539,0.2538860103626943
041Y ,04,1Y ,0,999,5,994,730,264,inf,0.005005005005005005,0.994994994994995,0.7307307307307307,0.26426426426426425
041Z ,04,1Z ,0,1032,1,1031,785,246,inf,0.0009689922480620155,0.999031007751938,0.7606589147286822,0.23837209302325582
04101,04,101,1761,471,1,470,386,84,0.2674616695059625,0.0021231422505307855,0.9978768577494692,0.8195329087048833,0.17834394904458598
04102,04,102,2019,470,1,469,396,73,0.23278850916295196,0.002127659574468085,0.997872340425532,0.8425531914893617,0.15531914893617021
04103,04,103,1583,414,0,414,337,77,0.2615287428932407,0.0,1.0,0.8140096618357487,0.1859903381642512
04104,04,104,1733,516,0,516,399,117,0.2977495672244662,0.0,1.0,0.7732558139534884,0.22674418604651161
04105,04,105,1379,387,3,384,310,74,0.28063814358230604,0.007751937984496124,0.9922480620155039,0.8010335917312662,0.19121447028423771
04106,04,106,2116,540,1,539,443,96,0.2551984877126654,0.001851851851851852,0.9981481481481481,0.8203703703703704,0.17777777777777778
04107,04,107,2053,494,2,492,424,68,0.24062347783731125,0.004048582995951417,0.9959514170040485,0.8582995951417004,0.13765182186234817
04108,04,108,1211,287,2,285,199,86,0.23699421965317918,0.006968641114982578,0.9930313588850174,0.6933797909407665,0.29965156794425085
04109,04,109,1419,404,0,404,311,93,0.284707540521494,0.0,1.0,0.7698019801980198,0.2301980198019802
04110,04,110,1526,421,0,421,298,123,0.2758846657929227,0.0,1.0,0.7078384798099763,0.2921615201900237
04111,04,111,2011,535,0,535,349,186,0.2660367976131278,0.0,1.0,0.6523364485981309,0.34766355140186916
04112,04,112,1972,611,0,611,391,220,0.30983772819472616,0.0,1.0,0.6399345335515548,0.36006546644844517
04113,04,113,1243,349,1,348,234,114,0.2807723250201126,0.0028653295128939827,0.997134670487106,0.670487106017192,0.32664756446991405
04114,04,114,1268,477,1,476,337,139,0.37618296529968454,0.0020964360587002098,0.9979035639412998,0.7064989517819706,0.2914046121593291
04115,04,115,2193,827,0,827,690,137,0.37710898312813496,0.0,1.0,0.8343409915356711,0.1656590084643289
04116,04,116,2023,745,2,743,570,173,0.36826495304003953,0.0026845637583892616,0.9973154362416108,0.7651006711409396,0.23221476510067113
04117,04,117,1309,436,0,436,350,86,0.3330786860198625,0.0,1.0,0.8027522935779816,0.19724770642201836
04118,04,118,1835,671,2,669,537,132,0.3656675749318801,0.0029806259314456036,0.9970193740685543,0.8002980625931445,0.19672131147540983
04119,04,119,1820,641,1,640,487,153,0.3521978021978022,0.0015600624024961,0.9984399375975039,0.7597503900156006,0.23868954758190328
04120,04,120,1653,542,1,541,411,130,0.3278886872353297,0.0018450184501845018,0.9981549815498155,0.7583025830258303,0.23985239852398524
04121,04,121,1600,378,0,378,291,87,0.23625,0.0,1.0,0.7698412698412699,0.23015873015873015
04122,04,122,874,215,0,215,149,66,0.2459954233409611,0.0,1.0,0.6930232558139535,0.30697674418604654
04123,04,123,1515,378,1,377,248,129,0.2495049504950495,0.0026455026455026454,0.9973544973544973,0.656084656084656,0.3412698412698413
04124,04,124,1350,413,0,413,295,118,0.30592592592592593,0.0,1.0,0.7142857142857143,0.2857142857142857
04125,04,125,1416,408,0,408,285,123,0.288135593220339,0.0,1.0,0.6985294117647058,0.3014705882352941
04126,04,126,1471,535,0,535,411,124,0.3636981645139361,0.0,1.0,0.7682242990654206,0.23177570093457944
04127,04,127,1686,541,3,538,410,128,0.3208778173190985,0.005545286506469501,0.9944547134935305,0.7578558225508318,0.2365988909426987
04128,04,128,1565,559,2,557,436,121,0.3571884984025559,0.0035778175313059034,0.9964221824686941,0.7799642218246869,0.21645796064400716
04129,04,129,1500,472,3,469,365,104,0.31466666666666665,0.006355932203389831,0.9936440677966102,0.7733050847457628,0.22033898305084745
04130,04,130,2155,721,1,720,553,167,0.3345707656612529,0.0013869625520110957,0.9986130374479889,0.7669902912621359,0.231622746185853
04131,04,131,1687,667,4,663,515,148,0.3953764078245406,0.005997001499250375,0.9940029985007496,0.7721139430284858,0.22188905547226387
04132,04,132,1571,542,1,541,407,134,0.3450031826861871,0.0018450184501845018,0.9981549815498155,0.7509225092250923,0.24723247232472326
04133,04,133,712,308,0,308,231,77,0.43258426966292135,0.0,1.0,0.75,0.25
04134,04,134,1340,410,0,410,291,119,0.30597014925373134,0.0,1.0,0.7097560975609756,0.29024390243902437
04135,04,135,1562,529,0,529,382,147,0.3386683738796415,0.0,1.0,0.722117202268431,0.277882797731569
04136,04,136,1594,441,1,440,291,149,0.2766624843161857,0.0022675736961451248,0.9977324263038548,0.6598639455782312,0.3378684807256236
04137,04,137,1329,374,0,374,222,152,0.28141459744168545,0.0,1.0,0.5935828877005348,0.40641711229946526
04138,04,138,1264,403,1,402,255,147,0.3188291139240506,0.0024813895781637717,0.9975186104218362,0.6327543424317618,0.36476426799007444
04139,04,139,1717,402,0,402,250,152,0.23412929528246942,0.0,1.0,0.6218905472636815,0.3781094527363184
04140,04,140,1801,487,0,487,215,272,0.27040533037201553,0.0,1.0,0.4414784394250513,0.5585215605749486
04141,04,141,1919,489,7,482,251,231,0.25482021886399164,0.014314928425357873,0.9856850715746421,0.5132924335378323,0.4723926380368098
04142,04,142,1732,480,2,478,321,157,0.27713625866050806,0.004166666666666667,0.9958333333333333,0.66875,0.32708333333333334
04143,04,143,1475,487,0,487,356,131,0.33016949152542374,0.0,1.0,0.731006160164271,0.26899383983572894
04144,04,144,1623,531,2,529,364,165,0.32717190388170053,0.003766478342749529,0.9962335216572504,0.6854990583804144,0.3107344632768362
04145,04,145,2079,600,3,597,404,193,0.2886002886002886,0.005,0.995,0.6733333333333333,0.32166666666666666
04146,04,146,1408,451,2,449,279,170,0.3203125,0.004434589800443459,0.9955654101995566,0.6186252771618626,0.376940133037694
04147,04,147,1728,502,0,502,310,192,0.29050925925925924,0.0,1.0,0.6175298804780877,0.38247011952191234
04148,04,148,1896,644,2,642,374,268,0.339662447257384,0.003105590062111801,0.9968944099378882,0.5807453416149069,0.4161490683229814
04149,04,149,1803,511,1,510,317,193,0.2834165280088741,0.0019569471624266144,0.9980430528375733,0.6203522504892368,0.3776908023483366
04150,04,150,2076,637,1,636,390,246,0.30684007707129096,0.0015698587127158557,0.9984301412872841,0.6122448979591837,0.38618524332810045
04151,04,151,1806,448,1,447,294,153,0.24806201550387597,0.002232142857142857,0.9977678571428571,0.65625,0.34151785714285715
04152,04,152,2132,567,0,567,401,166,0.26594746716697937,0.0,1.0,0.7072310405643739,0.2927689594356261
04153,04,153,1421,411,2,409,268,141,0.2892329345531316,0.004866180048661801,0.9951338199513382,0.6520681265206812,0.34306569343065696
04154,04,154,1041,241,0,241,169,72,0.23150816522574447,0.0,1.0,0.7012448132780082,0.2987551867219917
04155,04,155,1447,279,0,279,189,90,0.19281271596406357,0.0,1.0,0.6774193548387096,0.3225806451612903
04156,04,156,1141,340,0,340,216,124,0.2979842243645925,0.0,1.0,0.6352941176470588,0.36470588235294116
04157,04,157,1481,373,1,372,280,92,0.2518568534773801,0.002680965147453083,0.9973190348525469,0.7506702412868632,0.24664879356568364
04158,04,158,1626,409,0,409,310,99,0.25153751537515373,0.0,1.0,0.7579462102689487,0.24205378973105135
04159,04,159,1810,427,0,427,269,158,0.23591160220994475,0.0,1.0,0.629976580796253,0.3700234192037471
04160,04,160,1015,296,1,295,201,94,0.2916256157635468,0.0033783783783783786,0.9966216216216216,0.6790540540540541,0.31756756756756754
04161,04,161,1904,515,2,513,349,164,0.2704831932773109,0.003883495145631068,0.996116504854369,0.6776699029126214,0.31844660194174756
04162,04,162,1300,374,0,374,246,128,0.2876923076923077,0.0,1.0,0.6577540106951871,0.3422459893048128
04163,04,163,1837,457,0,457,286,171,0.2487751769188895,0.0,1.0,0.6258205689277899,0.3741794310722101
04164,04,164,1860,459,0,459,294,165,0.2467741935483871,0.0,1.0,0.6405228758169934,0.35947712418300654
04165,04,165,1681,424,0,424,276,148,0.25223081499107675,0.0,1.0,0.6509433962264151,0.3490566037735849
04166,04,166,1726,483,1,482,312,170,0.27983777520278097,0.002070393374741201,0.9979296066252588,0.6459627329192547,0.35196687370600416
04167,04,167,1982,503,0,503,371,132,0.2537840565085772,0.0,1.0,0.7375745526838966,0.2624254473161034
04168,04,168,2146,583,1,582,424,158,0.271668219944082,0.0017152658662092624,0.9982847341337907,0.7272727272727273,0.27101200686106347
04169,04,169,1680,526,0,526,356,170,0.3130952380952381,0.0,1.0,0.6768060836501901,0.3231939163498099
04170,04,170,1610,367,0,367,268,99,0.22795031055900622,0.0,1.0,0.7302452316076294,0.26975476839237056
04171,04,171,893,313,1,312,248,64,0.3505039193729003,0.003194888178913738,0.9968051118210862,0.792332268370607,0.20447284345047922
04172,04,172,2154,710,4,706,513,193,0.329619312906221,0.005633802816901409,0.9943661971830986,0.7225352112676057,0.271830985915493
04173,04,173,1768,528,2,526,394,132,0.2986425339366516,0.003787878787878788,0.9962121212121212,0.7462121212121212,0.25
04174,04,174,1691,566,1,565,405,160,0.33471318746303963,0.0017667844522968198,0.9982332155477032,0.715547703180212,0.2826855123674912
04175,04,175,1646,513,2,511,415,96,0.31166464155528556,0.003898635477582846,0.9961013645224172,0.8089668615984406,0.1871345029239766
04176,04,176,1699,580,0,580,438,142,0.34137728075338436,0.0,1.0,0.7551724137931034,0.24482758620689654
04177,04,177,1530,553,2,551,427,124,0.361437908496732,0.003616636528028933,0.9963833634719711,0.7721518987341772,0.22423146473779385
04178,04,178,2050,718,0,718,568,150,0.35024390243902437,0.0,1.0,0.7910863509749304,0.20891364902506965
04179,04,179,1625,492,0,492,407,85,0.3027692307692308,0.0,1.0,0.8272357723577236,0.17276422764227642
04180,04,180,1709,518,2,516,410,106,0.3031012287887654,0.003861003861003861,0.9961389961389961,0.7915057915057915,0.20463320463320464
04181,04,181,1621,453,1,452,367,85,0.2794571252313387,0.002207505518763797,0.9977924944812362,0.8101545253863135,0.18763796909492272
04182,04,182,1579,547,0,547,447,100,0.34642178594046863,0.0,1.0,0.8171846435100548,0.18281535648994515
04183,04,183,2144,701,0,701,468,233,0.3269589552238806,0.0,1.0,0.6676176890156919,0.33238231098430815
04184,04,184,2080,698,3,695,492,203,0.33557692307692305,0.004297994269340974,0.995702005730659,0.7048710601719198,0.29083094555873923
04185,04,185,1733,490,0,490,379,111,0.2827466820542412,0.0,1.0,0.773469387755102,0.22653061224489796
04186,04,186,1681,529,0,529,370,159,0.31469363474122547,0.0,1.0,0.6994328922495274,0.3005671077504726
04187,04,187,1680,553,0,553,434,119,0.32916666666666666,0.0,1.0,0.7848101265822784,0.21518987341772153
04188,04,188,1873,491,0,491,383,108,0.2621462893753337,0.0,1.0,0.780040733197556,0.219959266802444
04189,04,189,943,265,1,264,189,75,0.28101802757158006,0.0037735849056603774,0.9962264150943396,0.7132075471698113,0.2830188679245283
04190,04,190,1539,473,0,473,381,92,0.3073424301494477,0.0,1.0,0.8054968287526427,0.1945031712473573
04191,04,191,1611,481,0,481,344,137,0.2985723153320919,0.0,1.0,0.7151767151767152,0.28482328482328484
04192,04,192,1362,365,1,364,248,116,0.26798825256975034,0.0027397260273972603,0.9972602739726028,0.6794520547945205,0.3178082191780822
04193,04,193,1608,475,0,475,325,150,0.29539800995024873,0.0,1.0,0.6842105263157895,0.3157894736842105
04194,04,194,1586,412,2,410,311,99,0.2597730138713745,0.0048543689320388345,0.9951456310679612,0.7548543689320388,0.24029126213592233
04195,04,195,1523,501,2,499,347,152,0.32895600787918583,0.003992015968063872,0.9960079840319361,0.6926147704590818,0.3033932135728543
04196,04,196,1647,568,2,566,370,196,0.344869459623558,0.0035211267605633804,0.9964788732394366,0.6514084507042254,0.34507042253521125
04197,04,197,1599,502,0,502,363,139,0.3139462163852408,0.0,1.0,0.7231075697211156,0.27689243027888444
04198,04,198,1111,394,3,391,299,92,0.3546354635463546,0.007614213197969543,0.9923857868020305,0.7588832487309645,0.233502538071066
04199,04,199,1338,451,0,451,330,121,0.33707025411061287,0.0,1.0,0.7317073170731707,0.2682926829268293
04200,04,200,1669,532,3,529,384,145,0.31875374475733975,0.005639097744360902,0.9943609022556391,0.7218045112781954,0.2725563909774436
04201,04,201,1980,598,1,597,387,210,0.302020202020202,0.0016722408026755853,0.9983277591973244,0.6471571906354515,0.3511705685618729
04202,04,202,1980,681,1,680,412,268,0.34393939393939393,0.0014684287812041115,0.9985315712187959,0.604992657856094,0.3935389133627019
04203,04,203,1408,427,0,427,282,145,0.30326704545454547,0.0,1.0,0.6604215456674473,0.3395784543325527
04204,04,204,2036,657,0,657,428,229,0.32269155206286837,0.0,1.0,0.6514459665144596,0.3485540334855403
04205,04,205,1877,587,0,587,378,209,0.31273308470964306,0.0,1.0,0.6439522998296422,0.35604770017035775
04206,04,206,2063,652,2,650,419,231,0.31604459524963646,0.003067484662576687,0.9969325153374233,0.6426380368098159,0.35429447852760737
04207,04,207,1754,480,0,480,326,154,0.27366020524515394,0.0,1.0,0.6791666666666667,0.32083333333333336
04208,04,208,1957,704,2,702,485,217,0.35973428717424627,0.002840909090909091,0.9971590909090909,0.6889204545454546,0.30823863636363635
04209,04,209,1753,632,1,631,428,203,0.3605248146035368,0.0015822784810126582,0.9984177215189873,0.6772151898734177,0.3212025316455696
04210,04,210,2087,829,3,826,486,340,0.39722089123143267,0.0036188178528347406,0.9963811821471653,0.586248492159228,0.4101326899879373
04211,04,211,921,278,0,278,194,84,0.30184581976112923,0.0,1.0,0.697841726618705,0.302158273381295
04212,04,212,1805,544,0,544,447,97,0.3013850415512465,0.0,1.0,0.8216911764705882,0.17830882352941177
04213,04,213,1802,622,2,620,440,180,0.34517203107658156,0.003215434083601286,0.9967845659163987,0.707395498392283,0.28938906752411575
04214,04,214,931,286,1,285,192,93,0.3071965628356606,0.0034965034965034965,0.9965034965034965,0.6713286713286714,0.32517482517482516
04215,04,215,1540,533,1,532,351,181,0.3461038961038961,0.001876172607879925,0.99812382739212,0.6585365853658537,0.3395872420262664
04216,04,216,1756,617,1,616,484,132,0.35136674259681094,0.0016207455429497568,0.9983792544570502,0.7844408427876823,0.21393841166936792
04217,04,217,1612,667,1,666,419,247,0.4137717121588089,0.0014992503748125937,0.9985007496251874,0.6281859070464768,0.37031484257871067
04218,04,218,1532,700,2,698,426,272,0.45691906005221933,0.002857142857142857,0.9971428571428571,0.6085714285714285,0.38857142857142857
04219,04,219,1966,660,2,658,470,188,0.335707019328586,0.0030303030303030303,0.996969696969697,0.7121212121212122,0.28484848484848485
04220,04,220,1797,730,1,729,397,332,0.4062326099053979,0.0013698630136986301,0.9986301369863013,0.5438356164383562,0.4547945205479452
04221,04,221,2127,816,1,815,393,422,0.383638928067701,0.0012254901960784314,0.9987745098039216,0.48161764705882354,0.5171568627450981
04222,04,222,1573,630,0,630,362,268,0.4005085823267641,0.0,1.0,0.5746031746031746,0.4253968253968254
04223,04,223,1758,618,0,618,399,219,0.3515358361774744,0.0,1.0,0.6456310679611651,0.35436893203883496
04224,04,224,1715,620,2,618,368,250,0.36151603498542273,0.0032258064516129032,0.9967741935483871,0.5935483870967742,0.4032258064516129
04225,04,225,1562,603,2,601,422,179,0.3860435339308579,0.003316749585406302,0.9966832504145937,0.6998341625207297,0.296849087893864
04226,04,226,1805,731,0,731,439,292,0.40498614958448753,0.0,1.0,0.600547195622435,0.399452804377565
04227,04,227,1665,691,0,691,509,182,0.41501501501501503,0.0,1.0,0.7366136034732272,0.2633863965267728
04228,04,228,1668,566,1,565,417,148,0.3393285371702638,0.0017667844522968198,0.9982332155477032,0.7367491166077739,0.26148409893992935
04229,04,229,1598,435,3,432,274,158,0.27221526908635796,0.006896551724137931,0.993103448275862,0.6298850574712643,0.3632183908045977
04230,04,230,1805,430,1,429,316,113,0.23822714681440443,0.002325581395348837,0.9976744186046511,0.7348837209302326,0.2627906976744186
04231,04,231,1490,309,0,309,223,86,0.20738255033557046,0.0,1.0,0.7216828478964401,0.2783171521035599
051A ,05,1A ,0,680,2,678,548,130,inf,0.0029411764705882353,0.9970588235294118,0.8058823529411765,0.19117647058823528
051B ,05,1B ,0,826,1,825,662,163,inf,0.0012106537530266344,0.9987893462469734,0.801452784503632,0.1973365617433414
051C ,05,1C ,0,777,1,776,625,151,inf,0.001287001287001287,0.9987129987129987,0.8043758043758044,0.19433719433719435
051D ,05,1D ,0,811,0,811,629,182,inf,0.0,1.0,0.7755856966707768,0.22441430332922319
051E ,05,1E ,0,741,0,741,557,184,inf,0.0,1.0,0.7516869095816464,0.2483130904183536
051F ,05,1F ,0,654,0,654,510,144,inf,0.0,1.0,0.7798165137614679,0.22018348623853212
051G ,05,1G ,0,628,0,628,500,128,inf,0.0,1.0,0.7961783439490446,0.20382165605095542
051H ,05,1H ,0,492,0,492,402,90,inf,0.0,1.0,0.8170731707317073,0.18292682926829268
051I ,05,1I ,0,698,0,698,544,154,inf,0.0,1.0,0.7793696275071633,0.22063037249283668
051K ,05,1K ,0,693,1,692,535,157,inf,0.001443001443001443,0.9985569985569985,0.772005772005772,0.22655122655122656
051L ,05,1L ,0,717,2,715,588,127,inf,0.002789400278940028,0.99721059972106,0.8200836820083682,0.17712691771269176
051M ,05,1M ,0,736,0,736,567,169,inf,0.0,1.0,0.7703804347826086,0.2296195652173913
051N ,05,1N ,0,777,1,776,629,147,inf,0.001287001287001287,0.9987129987129987,0.8095238095238095,0.1891891891891892
051O ,05,1O ,0,786,1,785,638,147,inf,0.001272264631043257,0.9987277353689568,0.811704834605598,0.18702290076335878
051P ,05,1P ,0,767,0,767,610,157,inf,0.0,1.0,0.7953063885267275,0.2046936114732725
051Q ,05,1Q ,0,727,1,726,559,167,inf,0.001375515818431912,0.9986244841815681,0.7689133425034388,0.2297111416781293
051R ,05,1R ,0,780,2,778,620,158,inf,0.002564102564102564,0.9974358974358974,0.7948717948717948,0.20256410256410257
051S ,05,1S ,0,836,2,834,657,177,inf,0.0023923444976076554,0.9976076555023924,0.7858851674641149,0.2117224880382775
051T ,05,1T ,0,783,2,781,590,191,inf,0.002554278416347382,0.9974457215836526,0.7535121328224776,0.24393358876117496
051U ,05,1U ,0,734,0,734,553,181,inf,0.0,1.0,0.7534059945504087,0.24659400544959129
05101,05,101,852,212,1,211,109,102,0.24882629107981222,0.0047169811320754715,0.9952830188679245,0.5141509433962265,0.4811320754716981
05102,05,102,1399,466,3,463,314,149,0.3330950679056469,0.006437768240343348,0.9935622317596566,0.6738197424892703,0.3197424892703863
05103,05,103,824,242,0,242,150,92,0.2936893203883495,0.0,1.0,0.6198347107438017,0.38016528925619836
05104,05,104,1568,388,1,387,288,99,0.24744897959183673,0.002577319587628866,0.9974226804123711,0.7422680412371134,0.2551546391752577
05105,05,105,1867,598,1,597,456,141,0.32029994643813603,0.0016722408026755853,0.9983277591973244,0.7625418060200669,0.23578595317725753
05106,05,106,2481,564,1,563,445,118,0.22732769044740025,0.0017730496453900709,0.99822695035461,0.7890070921985816,0.20921985815602837
05107,05,107,1922,706,0,706,465,241,0.3673257023933403,0.0,1.0,0.6586402266288952,0.3413597733711048
05108,05,108,2370,652,1,651,417,234,0.2751054852320675,0.0015337423312883436,0.9984662576687117,0.6395705521472392,0.3588957055214724
05109,05,109,1035,282,0,282,207,75,0.27246376811594203,0.0,1.0,0.7340425531914894,0.26595744680851063
05110,05,110,1142,258,0,258,207,51,0.22591943957968477,0.0,1.0,0.8023255813953488,0.19767441860465115
05111,05,111,930,217,1,216,131,85,0.23333333333333334,0.004608294930875576,0.9953917050691244,0.6036866359447005,0.391705069124424
05112,05,112,846,191,0,191,135,56,0.22576832151300236,0.0,1.0,0.7068062827225131,0.2931937172774869
05113,05,113,912,332,0,332,218,114,0.36403508771929827,0.0,1.0,0.6566265060240963,0.3433734939759036
05114,05,114,556,122,1,121,90,31,0.21942446043165467,0.00819672131147541,0.9918032786885246,0.7377049180327869,0.2540983606557377
05115,05,115,880,163,0,163,127,36,0.18522727272727274,0.0,1.0,0.7791411042944786,0.22085889570552147
05116,05,116,1807,437,0,437,370,67,0.24183729939125623,0.0,1.0,0.8466819221967964,0.15331807780320367
05117,05,117,1706,524,1,523,404,119,0.3071512309495897,0.0019083969465648854,0.9980916030534351,0.7709923664122137,0.22709923664122136
05118,05,118,1972,482,0,482,384,98,0.24442190669371197,0.0,1.0,0.7966804979253111,0.2033195020746888
05119,05,119,2552,490,1,489,394,95,0.1920062695924765,0.0020408163265306124,0.9979591836734694,0.8040816326530612,0.19387755102040816
05120,05,120,791,167,0,167,136,31,0.2111251580278129,0.0,1.0,0.8143712574850299,0.18562874251497005
05121,05,121,2113,489,0,489,333,156,0.23142451490771415,0.0,1.0,0.6809815950920245,0.31901840490797545
05122,05,122,1493,353,1,352,250,102,0.23643670462156732,0.0028328611898017,0.9971671388101983,0.7082152974504249,0.28895184135977336
05123,05,123,671,176,0,176,116,60,0.26229508196721313,0.0,1.0,0.6590909090909091,0.3409090909090909
05124,05,124,758,219,0,219,158,61,0.28891820580474936,0.0,1.0,0.7214611872146118,0.2785388127853881
05125,05,125,842,172,1,171,134,37,0.2042755344418052,0.005813953488372093,0.9941860465116279,0.7790697674418605,0.21511627906976744
05126,05,126,692,204,2,202,151,51,0.2947976878612717,0.00980392156862745,0.9901960784313726,0.7401960784313726,0.25
05127,05,127,1454,248,0,248,189,59,0.17056396148555708,0.0,1.0,0.7620967741935484,0.23790322580645162
05128,05,128,1310,306,3,303,235,68,0.233587786259542,0.00980392156862745,0.9901960784313726,0.7679738562091504,0.2222222222222222
05129,05,129,902,149,0,149,107,42,0.16518847006651885,0.0,1.0,0.7181208053691275,0.28187919463087246
05130,05,130,723,148,0,148,109,39,0.20470262793914246,0.0,1.0,0.7364864864864865,0.2635135135135135
05131,05,131,884,232,0,232,170,62,0.26244343891402716,0.0,1.0,0.7327586206896551,0.2672413793103448
05132,05,132,2060,530,3,527,365,162,0.25728155339805825,0.005660377358490566,0.9943396226415094,0.6886792452830188,0.30566037735849055
05133,05,133,1525,408,1,407,270,137,0.26754098360655737,0.0024509803921568627,0.9975490196078431,0.6617647058823529,0.33578431372549017
05134,05,134,1630,499,0,499,302,197,0.3061349693251534,0.0,1.0,0.6052104208416834,0.39478957915831664
05135,05,135,2564,890,2,888,602,286,0.3471138845553822,0.0022471910112359553,0.9977528089887641,0.6764044943820224,0.32134831460674157
05136,05,136,3108,839,2,837,444,393,0.2699485199485199,0.0023837902264600714,0.9976162097735399,0.5292014302741359,0.4684147794994041
05137,05,137,1864,545,0,545,424,121,0.29238197424892703,0.0,1.0,0.7779816513761468,0.22201834862385322
05138,05,138,2089,569,1,568,396,172,0.2723791287697463,0.0017574692442882249,0.9982425307557118,0.6959578207381371,0.3022847100175747
05139,05,139,618,145,0,145,117,28,0.23462783171521034,0.0,1.0,0.8068965517241379,0.19310344827586207
05140,05,140,3003,706,1,705,493,212,0.2350982350982351,0.00141643059490085,0.9985835694050992,0.6983002832861189,0.3002832861189802
05141,05,141,2596,527,1,526,413,113,0.20300462249614792,0.0018975332068311196,0.9981024667931688,0.7836812144212524,0.2144212523719165
05142,05,142,2302,436,2,434,340,94,0.1894005212858384,0.0045871559633027525,0.9954128440366973,0.7798165137614679,0.21559633027522937
05143,05,143,1830,572,1,571,445,126,0.31256830601092894,0.0017482517482517483,0.9982517482517482,0.777972027972028,0.2202797202797203
05144,05,144,2572,573,3,570,434,136,0.22278382581648523,0.005235602094240838,0.9947643979057592,0.7574171029668412,0.23734729493891799
05145,05,145,1632,382,0,382,304,78,0.2340686274509804,0.0,1.0,0.7958115183246073,0.20418848167539266
05146,05,146,1563,392,1,391,315,76,0.2507997440818938,0.002551020408163265,0.9974489795918368,0.8035714285714286,0.19387755102040816
05147,05,147,2155,527,0,527,343,184,0.2445475638051044,0.0,1.0,0.650853889943074,0.349146110056926
05148,05,148,2481,475,2,473,384,89,0.19145505844417574,0.004210526315789474,0.9957894736842106,0.8084210526315789,0.18736842105263157
05149,05,149,2414,702,2,700,539,161,0.2908036454018227,0.002849002849002849,0.9971509971509972,0.7678062678062678,0.22934472934472935
05150,05,150,763,202,0,202,167,35,0.26474442988204455,0.0,1.0,0.8267326732673267,0.17326732673267325
05151,05,151,2388,609,1,608,478,130,0.2550251256281407,0.0016420361247947454,0.9983579638752053,0.7848932676518884,0.2134646962233169
05152,05,152,1136,264,1,263,192,71,0.2323943661971831,0.003787878787878788,0.9962121212121212,0.7272727272727273,0.2689393939393939
05153,05,153,953,310,1,309,249,60,0.3252885624344176,0.0032258064516129032,0.9967741935483871,0.8032258064516129,0.1935483870967742
05154,05,154,1869,560,0,560,393,167,0.299625468164794,0.0,1.0,0.7017857142857142,0.2982142857142857
05155,05,155,1846,519,1,518,378,140,0.281148429035753,0.0019267822736030828,0.9980732177263969,0.7283236994219653,0.2697495183044316
05156,05,156,1536,415,4,411,324,87,0.2701822916666667,0.00963855421686747,0.9903614457831326,0.7807228915662651,0.20963855421686747
05157,05,157,1747,430,0,430,331,99,0.24613623354321695,0.0,1.0,0.7697674418604651,0.2302325581395349
05158,05,158,1644,426,3,423,334,89,0.2591240875912409,0.007042253521126761,0.9929577464788732,0.784037558685446,0.20892018779342722
05159,05,159,969,268,2,266,212,54,0.27657378740970073,0.007462686567164179,0.9925373134328358,0.7910447761194029,0.20149253731343283
05160,05,160,1876,445,0,445,327,118,0.23720682302771856,0.0,1.0,0.7348314606741573,0.2651685393258427
05161,05,161,2684,711,0,711,582,129,0.264903129657228,0.0,1.0,0.8185654008438819,0.18143459915611815
05162,05,162,1626,399,0,399,314,85,0.24538745387453875,0.0,1.0,0.7869674185463659,0.21303258145363407
05163,05,163,2425,513,1,512,403,109,0.2115463917525773,0.001949317738791423,0.9980506822612085,0.7855750487329435,0.2124756335282651
05164,05,164,2226,555,0,555,417,138,0.24932614555256064,0.0,1.0,0.7513513513513513,0.24864864864864866
05165,05,165,1572,409,0,409,310,99,0.26017811704834604,0.0,1.0,0.7579462102689487,0.24205378973105135
05166,05,166,1342,328,1,327,254,73,0.2444113263785395,0.003048780487804878,0.9969512195121951,0.774390243902439,0.2225609756097561
05167,05,167,1622,389,0,389,286,103,0.23982737361282366,0.0,1.0,0.7352185089974294,0.2647814910025707
05168,05,168,1977,588,5,583,450,133,0.29742033383915023,0.008503401360544218,0.9914965986394558,0.7653061224489796,0.2261904761904762
05169,05,169,2725,736,0,736,602,134,0.27009174311926604,0.0,1.0,0.8179347826086957,0.18206521739130435
05170,05,170,1511,420,0,420,351,69,0.27796161482461945,0.0,1.0,0.8357142857142857,0.16428571428571428
05171,05,171,2603,374,0,374,293,81,0.14368036880522475,0.0,1.0,0.7834224598930482,0.21657754010695188
05172,05,172,2262,516,1,515,415,100,0.22811671087533156,0.001937984496124031,0.998062015503876,0.8042635658914729,0.1937984496124031
05173,05,173,992,338,1,337,243,94,0.3407258064516129,0.0029585798816568047,0.9970414201183432,0.7189349112426036,0.2781065088757396
05174,05,174,2474,744,0,744,565,179,0.30072756669361356,0.0,1.0,0.7594086021505376,0.24059139784946237
05175,05,175,1674,444,1,443,371,72,0.26523297491039427,0.0022522522522522522,0.9977477477477478,0.8355855855855856,0.16216216216216217
05176,05,176,1561,509,0,509,414,95,0.32607303010890454,0.0,1.0,0.8133595284872298,0.18664047151277013
05177,05,177,1587,357,0,357,295,62,0.22495274102079396,0.0,1.0,0.8263305322128851,0.17366946778711484
05178,05,178,1572,514,0,514,400,114,0.32697201017811706,0.0,1.0,0.7782101167315175,0.22178988326848248
05179,05,179,721,200,0,200,174,26,0.27739251040221913,0.0,1.0,0.87,0.13
05180,05,180,2034,458,0,458,316,142,0.22517207472959685,0.0,1.0,0.6899563318777293,0.31004366812227074
05181,05,181,1135,320,0,320,220,100,0.28193832599118945,0.0,1.0,0.6875,0.3125
05182,05,182,1049,351,0,351,278,73,0.334604385128694,0.0,1.0,0.792022792022792,0.20797720797720798
05183,05,183,1862,443,0,443,386,57,0.23791621911922664,0.0,1.0,0.871331828442438,0.12866817155756208
05184,05,184,1407,372,2,370,311,59,0.26439232409381663,0.005376344086021506,0.9946236559139785,0.8360215053763441,0.1586021505376344
05185,05,185,1851,616,0,616,517,99,0.33279308481901676,0.0,1.0,0.8392857142857143,0.16071428571428573
05186,05,186,2442,844,2,842,652,190,0.34561834561834565,0.002369668246445498,0.9976303317535545,0.7725118483412322,0.22511848341232227
05187,05,187,859,356,1,355,253,102,0.41443538998835855,0.0028089887640449437,0.9971910112359551,0.7106741573033708,0.28651685393258425
05188,05,188,1834,676,0,676,517,159,0.3685932388222465,0.0,1.0,0.764792899408284,0.23520710059171598
05189,05,189,2345,813,1,812,648,164,0.3466950959488273,0.0012300123001230013,0.998769987699877,0.7970479704797048,0.2017220172201722
05190,05,190,1926,744,2,742,499,243,0.3862928348909657,0.002688172043010753,0.9973118279569892,0.6706989247311828,0.32661290322580644
05191,05,191,1137,422,1,421,313,108,0.37115215479331576,0.002369668246445498,0.9976303317535545,0.7417061611374408,0.2559241706161137
05192,05,192,836,281,0,281,216,65,0.3361244019138756,0.0,1.0,0.7686832740213523,0.2313167259786477
05193,05,193,1049,392,0,392,286,106,0.3736892278360343,0.0,1.0,0.7295918367346939,0.27040816326530615
05194,05,194,935,342,2,340,259,81,0.3657754010695187,0.005847953216374269,0.9941520467836257,0.7573099415204678,0.23684210526315788
05195,05,195,1090,430,1,429,307,122,0.3944954128440367,0.002325581395348837,0.9976744186046511,0.713953488372093,0.2837209302325581
05196,05,196,1125,402,0,402,301,101,0.35733333333333334,0.0,1.0,0.7487562189054726,0.2512437810945274
05197,05,197,1949,722,0,722,595,127,0.37044638276038994,0.0,1.0,0.8240997229916898,0.17590027700831026
05198,05,198,1841,698,0,698,525,173,0.37914177077675176,0.0,1.0,0.7521489971346705,0.24785100286532952
05199,05,199,1921,746,0,746,564,182,0.38833940655908383,0.0,1.0,0.7560321715817694,0.24396782841823056
061A ,06,1A ,0,664,2,662,529,133,inf,0.0030120481927710845,0.9969879518072289,0.7966867469879518,0.2003012048192771
061B ,06,1B ,0,656,2,654,472,182,inf,0.003048780487804878,0.9969512195121951,0.7195121951219512,0.2774390243902439
061C ,06,1C ,0,850,0,850,645,205,inf,0.0,1.0,0.7588235294117647,0.2411764705882353
061D ,06,1D ,0,840,3,837,660,177,inf,0.0035714285714285713,0.9964285714285714,0.7857142857142857,0.21071428571428572
061E ,06,1E ,0,850,0,850,667,183,inf,0.0,1.0,0.7847058823529411,0.21529411764705883
061F ,06,1F ,0,831,6,825,597,228,inf,0.007220216606498195,0.9927797833935018,0.7184115523465704,0.2743682310469314
061G ,06,1G ,0,848,0,848,601,247,inf,0.0,1.0,0.7087264150943396,0.29127358490566035
061H ,06,1H ,0,845,0,845,663,182,inf,0.0,1.0,0.7846153846153846,0.2153846153846154
061J ,06,1J ,0,845,1,844,661,183,inf,0.001183431952662722,0.9988165680473373,0.7822485207100591,0.2165680473372781
061K ,06,1K ,0,842,1,841,634,207,inf,0.0011876484560570072,0.998812351543943,0.7529691211401425,0.24584323040380046
061L ,06,1L ,0,853,1,852,699,153,inf,0.0011723329425556857,0.9988276670574443,0.8194607268464243,0.17936694021101993
061M ,06,1M ,0,849,2,847,646,201,inf,0.002355712603062426,0.9976442873969376,0.7608951707891637,0.23674911660777384
061N ,06,1N ,0,846,0,846,633,213,inf,0.0,1.0,0.74822695035461,0.25177304964539005
061O ,06,1O ,0,839,3,836,627,209,inf,0.003575685339690107,0.9964243146603099,0.7473182359952324,0.24910607866507747
061P ,06,1P ,0,839,1,838,653,185,inf,0.0011918951132300357,0.99880810488677,0.7783075089392133,0.2205005959475566
061Q ,06,1Q ,0,782,1,781,588,193,inf,0.0012787723785166241,0.9987212276214834,0.7519181585677749,0.24680306905370844
061R ,06,1R ,0,853,1,852,697,155,inf,0.0011723329425556857,0.9988276670574443,0.8171160609613131,0.1817116060961313
061S ,06,1S ,0,837,2,835,638,197,inf,0.0023894862604540022,0.997610513739546,0.7622461170848268,0.23536439665471923
061T ,06,1T ,0,840,0,840,658,182,inf,0.0,1.0,0.7833333333333333,0.21666666666666667
061U ,06,1U ,0,850,1,849,654,195,inf,0.001176470588235294,0.9988235294117647,0.7694117647058824,0.22941176470588234
061V ,06,1V ,0,852,2,850,684,166,inf,0.002347417840375587,0.9976525821596244,0.8028169014084507,0.19483568075117372
061W ,06,1W ,0,816,1,815,613,202,inf,0.0012254901960784314,0.9987745098039216,0.7512254901960784,0.24754901960784315
061X ,06,1X ,0,847,1,846,624,222,inf,0.0011806375442739079,0.9988193624557261,0.7367178276269185,0.26210153482880755
061Y ,06,1Y ,0,839,0,839,670,169,inf,0.0,1.0,0.798569725864124,0.20143027413587605
061Z ,06,1Z ,0,831,2,829,691,138,inf,0.0024067388688327317,0.9975932611311673,0.8315282791817088,0.16606498194945848
062A ,06,2A ,0,846,1,845,651,194,inf,0.001182033096926714,0.9988179669030733,0.7695035460992907,0.2293144208037825
062B ,06,2B ,0,877,2,875,661,214,inf,0.002280501710376283,0.9977194982896237,0.7537058152793614,0.24401368301026224
062C ,06,2C ,0,851,0,851,651,200,inf,0.0,1.0,0.7649823736780259,0.23501762632197415
062D ,06,2D ,0,848,0,848,658,190,inf,0.0,1.0,0.7759433962264151,0.2240566037735849
062E ,06,2E ,0,872,1,871,680,191,inf,0.0011467889908256881,0.9988532110091743,0.7798165137614679,0.2190366972477064
062F ,06,2F ,0,849,1,848,655,193,inf,0.001177856301531213,0.9988221436984688,0.7714958775029447,0.22732626619552415
062G ,06,2G ,0,837,0,837,705,132,inf,0.0,1.0,0.8422939068100358,0.15770609318996415
062H ,06,2H ,0,847,1,846,615,231,inf,0.0011806375442739079,0.9988193624557261,0.7260920897284534,0.2727272727272727
062J ,06,2J ,0,837,2,835,645,190,inf,0.0023894862604540022,0.997610513739546,0.7706093189964157,0.2270011947431302
062K ,06,2K ,0,829,2,827,658,169,inf,0.0024125452352231603,0.9975874547647768,0.7937273823884198,0.20386007237635706
062L ,06,2L ,0,824,2,822,670,152,inf,0.0024271844660194173,0.9975728155339806,0.8131067961165048,0.18446601941747573
062M ,06,2M ,0,820,0,820,652,168,inf,0.0,1.0,0.7951219512195122,0.2048780487804878
062N ,06,2N ,0,805,0,805,652,153,inf,0.0,1.0,0.8099378881987578,0.19006211180124225
062O ,06,2O ,0,834,1,833,667,166,inf,0.001199040767386091,0.9988009592326139,0.7997601918465228,0.19904076738609114
06001,06,001,1844,655,2,653,395,258,0.3552060737527115,0.0030534351145038168,0.9969465648854962,0.6030534351145038,0.3938931297709924
06002,06,002,2341,759,1,758,456,302,0.32422041862451945,0.0013175230566534915,0.9986824769433466,0.6007905138339921,0.39789196310935443
06003,06,003,2459,841,0,841,433,408,0.3420089467263115,0.0,1.0,0.5148632580261593,0.48513674197384066
06004,06,004,1286,444,0,444,232,212,0.3452566096423017,0.0,1.0,0.5225225225225225,0.4774774774774775
06005,06,005,2113,756,1,755,506,249,0.35778513961192615,0.0013227513227513227,0.9986772486772487,0.6693121693121693,0.32936507936507936
06006,06,006,1326,501,1,500,327,173,0.3778280542986425,0.001996007984031936,0.998003992015968,0.6526946107784432,0.34530938123752497
06007,06,007,2133,818,3,815,474,341,0.383497421472105,0.003667481662591687,0.9963325183374083,0.5794621026894865,0.41687041564792177
06008,06,008,1279,404,1,403,275,128,0.3158717748240813,0.0024752475247524753,0.9975247524752475,0.6806930693069307,0.31683168316831684
06009,06,009,2334,882,2,880,617,263,0.37789203084832906,0.0022675736961451248,0.9977324263038548,0.699546485260771,0.2981859410430839
06010,06,010,817,343,0,343,258,85,0.41982864137086906,0.0,1.0,0.7521865889212828,0.2478134110787172
06011,06,011,823,258,0,258,201,57,0.3134872417982989,0.0,1.0,0.7790697674418605,0.22093023255813954
06012,06,012,1083,401,0,401,220,181,0.3702677746999077,0.0,1.0,0.5486284289276808,0.4513715710723192
06013,06,013,1889,593,1,592,366,226,0.3139227104287983,0.0016863406408094434,0.9983136593591906,0.6172006745362564,0.3811129848229342
06014,06,014,882,263,1,262,184,78,0.2981859410430839,0.0038022813688212928,0.9961977186311787,0.6996197718631179,0.2965779467680608
06015,06,015,988,352,0,352,225,127,0.3562753036437247,0.0,1.0,0.6392045454545454,0.36079545454545453
06016,06,016,2075,645,2,643,453,190,0.3108433734939759,0.0031007751937984496,0.9968992248062015,0.7023255813953488,0.29457364341085274
06017,06,017,1177,436,1,435,325,110,0.37043330501274424,0.0022935779816513763,0.9977064220183486,0.7454128440366973,0.25229357798165136
06018,06,018,1186,402,1,401,263,138,0.33895446880269814,0.0024875621890547263,0.9975124378109452,0.654228855721393,0.34328358208955223
06019,06,019,1347,458,2,456,315,141,0.340014847809948,0.004366812227074236,0.9956331877729258,0.6877729257641921,0.3078602620087336
06020,06,020,1275,530,1,529,368,161,0.41568627450980394,0.0018867924528301887,0.9981132075471698,0.6943396226415094,0.30377358490566037
06021,06,021,2319,852,2,850,610,240,0.36739974126778785,0.002347417840375587,0.9976525821596244,0.715962441314554,0.28169014084507044
06022,06,022,1113,377,0,377,230,147,0.3387241689128482,0.0,1.0,0.610079575596817,0.38992042440318303
06023,06,023,1027,351,1,350,249,101,0.34177215189873417,0.002849002849002849,0.9971509971509972,0.7094017094017094,0.28774928774928776
06024,06,024,1066,387,0,387,256,131,0.3630393996247655,0.0,1.0,0.661498708010336,0.3385012919896641
06025,06,025,1142,479,1,478,334,144,0.4194395796847636,0.0020876826722338203,0.9979123173277662,0.697286012526096,0.30062630480167013
06026,06,026,1897,706,4,702,550,152,0.37216657880864523,0.0056657223796034,0.9943342776203966,0.7790368271954674,0.21529745042492918
06027,06,027,2223,733,1,732,533,199,0.32973459289248763,0.001364256480218281,0.9986357435197817,0.7271487039563438,0.27148703956343795
06028,06,028,1114,321,0,321,257,64,0.2881508078994614,0.0,1.0,0.8006230529595015,0.19937694704049844
06029,06,029,1223,382,0,382,255,127,0.312346688470973,0.0,1.0,0.6675392670157068,0.3324607329842932
06030,06,030,1322,427,2,425,315,110,0.32299546142208774,0.00468384074941452,0.9953161592505855,0.7377049180327869,0.2576112412177986
06031,06,031,2263,847,0,847,570,277,0.3742819266460451,0.0,1.0,0.6729634002361276,0.3270365997638725
06032,06,032,1973,619,1,618,431,187,0.31373542828180434,0.0016155088852988692,0.9983844911147012,0.6962843295638126,0.30210016155088854
06033,06,033,1832,533,1,532,364,168,0.29093886462882096,0.001876172607879925,0.99812382739212,0.6829268292682927,0.3151969981238274
06034,06,034,2213,808,0,808,609,199,0.36511522819701764,0.0,1.0,0.7537128712871287,0.24628712871287128
06035,06,035,2348,766,4,762,536,226,0.3262350936967632,0.005221932114882507,0.9947780678851175,0.6997389033942559,0.2950391644908616
06036,06,036,2281,868,0,868,566,302,0.38053485313459007,0.0,1.0,0.652073732718894,0.347926267281106
06037,06,037,2228,821,3,818,581,237,0.36849192100538597,0.0036540803897685747,0.9963459196102314,0.707673568818514,0.28867235079171744
06038,06,038,875,317,3,314,228,86,0.36228571428571427,0.00946372239747634,0.9905362776025236,0.7192429022082019,0.27129337539432175
06039,06,039,1131,324,0,324,250,74,0.2864721485411141,0.0,1.0,0.7716049382716049,0.22839506172839505
06040,06,040,1084,312,0,312,172,140,0.2878228782287823,0.0,1.0,0.5512820512820513,0.44871794871794873
06041,06,041,944,364,0,364,267,97,0.3855932203389831,0.0,1.0,0.7335164835164835,0.2664835164835165
06042,06,042,2493,945,2,943,615,328,0.37906137184115524,0.0021164021164021165,0.9978835978835979,0.6507936507936508,0.3470899470899471
06043,06,043,2245,922,2,920,639,281,0.41069042316258353,0.0021691973969631237,0.9978308026030369,0.693058568329718,0.3047722342733189
06044,06,044,978,363,0,363,248,115,0.37116564417177916,0.0,1.0,0.6831955922865014,0.3168044077134986
06045,06,045,1023,395,3,392,270,122,0.386119257086999,0.007594936708860759,0.9924050632911392,0.6835443037974683,0.30886075949367087
06046,06,046,1102,410,2,408,296,112,0.3720508166969147,0.004878048780487805,0.9951219512195122,0.7219512195121951,0.2731707317073171
06047,06,047,2357,967,3,964,686,278,0.41026728892660164,0.0031023784901758012,0.9968976215098242,0.7094105480868665,0.2874870734229576
06048,06,048,1150,418,0,418,332,86,0.3634782608695652,0.0,1.0,0.7942583732057417,0.20574162679425836
06049,06,049,2517,978,0,978,669,309,0.38855780691299163,0.0,1.0,0.6840490797546013,0.3159509202453988
06050,06,050,1147,449,0,449,302,147,0.39145597210113336,0.0,1.0,0.6726057906458798,0.3273942093541203
06051,06,051,1944,741,1,740,552,188,0.38117283950617287,0.001349527665317139,0.9986504723346828,0.7449392712550608,0.25371120107962214
06052,06,052,955,387,1,386,278,108,0.40523560209424087,0.002583979328165375,0.9974160206718347,0.7183462532299741,0.27906976744186046
06053,06,053,1304,441,1,440,323,117,0.33819018404907975,0.0022675736961451248,0.9977324263038548,0.7324263038548753,0.2653061224489796
06054,06,054,2502,867,4,863,613,250,0.34652278177458035,0.00461361014994233,0.9953863898500577,0.707035755478662,0.28835063437139563
06055,06,055,1264,478,0,478,369,109,0.37816455696202533,0.0,1.0,0.7719665271966527,0.2280334728033473
06056,06,056,1079,347,0,347,281,66,0.3215940685820204,0.0,1.0,0.8097982708933718,0.19020172910662825
06057,06,057,2452,881,1,880,645,235,0.3592985318107667,0.0011350737797956867,0.9988649262202043,0.7321225879682179,0.2667423382519864
06058,06,058,2343,738,0,738,551,187,0.31498079385403327,0.0,1.0,0.7466124661246613,0.25338753387533874
06059,06,059,2206,868,1,867,650,217,0.39347234814143245,0.001152073732718894,0.9988479262672811,0.7488479262672811,0.25
06060,06,060,2087,741,1,740,528,212,0.3550551030186871,0.001349527665317139,0.9986504723346828,0.7125506072874493,0.28609986504723345
06061,06,061,2201,790,2,788,605,183,0.35892776010904137,0.002531645569620253,0.9974683544303797,0.7658227848101266,0.23164556962025318
06062,06,062,1051,417,0,417,341,76,0.3967649857278782,0.0,1.0,0.8177458033573142,0.18225419664268586
06063,06,063,2556,976,3,973,712,261,0.38184663536776214,0.0030737704918032786,0.9969262295081968,0.7295081967213115,0.26741803278688525
06064,06,064,1166,405,1,404,332,72,0.34734133790737565,0.0024691358024691358,0.9975308641975309,0.8197530864197531,0.17777777777777778
06065,06,065,2252,762,2,760,618,142,0.3383658969804618,0.0026246719160104987,0.9973753280839895,0.8110236220472441,0.18635170603674542
06066,06,066,2226,751,0,751,602,149,0.33737646001796945,0.0,1.0,0.8015978695073236,0.19840213049267644
06067,06,067,933,368,0,368,274,94,0.39442658092175775,0.0,1.0,0.7445652173913043,0.2554347826086957
06068,06,068,2473,1081,4,1077,805,272,0.43712090578245044,0.0037002775208140612,0.996299722479186,0.7446808510638298,0.25161887141535616
06069,06,069,2101,893,0,893,696,197,0.4250356972870062,0.0,1.0,0.7793952967525196,0.2206047032474804
06070,06,070,1210,502,1,501,407,94,0.41487603305785126,0.00199203187250996,0.99800796812749,0.8107569721115537,0.18725099601593626
06071,06,071,1159,440,0,440,363,77,0.3796376186367558,0.0,1.0,0.825,0.175
06072,06,072,2235,906,2,904,699,205,0.4053691275167785,0.002207505518763797,0.9977924944812362,0.7715231788079471,0.22626931567328917
06073,06,073,2766,937,1,936,770,166,0.33875632682574114,0.0010672358591248667,0.9989327641408752,0.8217716115261473,0.17716115261472787
06074,06,074,1836,478,3,475,382,93,0.26034858387799564,0.006276150627615063,0.9937238493723849,0.799163179916318,0.19456066945606695
06075,06,075,1718,602,2,600,482,118,0.35040745052386496,0.0033222591362126247,0.9966777408637874,0.8006644518272426,0.19601328903654486
06076,06,076,1019,304,2,302,229,73,0.2983316977428852,0.006578947368421052,0.993421052631579,0.7532894736842105,0.24013157894736842
06077,06,077,1188,427,1,426,338,88,0.35942760942760943,0.00234192037470726,0.9976580796252927,0.7915690866510539,0.20608899297423888
06078,06,078,2239,775,4,771,571,200,0.34613666815542654,0.005161290322580645,0.9948387096774194,0.7367741935483871,0.25806451612903225
06079,06,079,2022,644,2,642,476,166,0.31849653808110784,0.003105590062111801,0.9968944099378882,0.7391304347826086,0.2577639751552795
06080,06,080,1195,484,0,484,375,109,0.40502092050209204,0.0,1.0,0.7747933884297521,0.22520661157024793
06081,06,081,1202,420,1,419,326,93,0.34941763727121466,0.002380952380952381,0.9976190476190476,0.7761904761904762,0.22142857142857142
06082,06,082,2235,748,0,748,619,129,0.334675615212528,0.0,1.0,0.8275401069518716,0.17245989304812834
06083,06,083,1219,455,0,455,387,68,0.37325676784249384,0.0,1.0,0.8505494505494505,0.14945054945054945
06084,06,084,1176,479,1,478,373,105,0.407312925170068,0.0020876826722338203,0.9979123173277662,0.778705636743215,0.21920668058455114
06085,06,085,1145,441,0,441,325,116,0.3851528384279476,0.0,1.0,0.7369614512471655,0.26303854875283444
06086,06,086,2514,741,1,740,589,151,0.2947494033412888,0.001349527665317139,0.9986504723346828,0.7948717948717948,0.203778677462888
06087,06,087,983,358,2,356,292,64,0.3641912512716175,0.00558659217877095,0.994413407821229,0.8156424581005587,0.1787709497206704
06088,06,088,1299,407,2,405,335,70,0.31331793687451887,0.004914004914004914,0.995085995085995,0.8230958230958231,0.171990171990172
06089,06,089,1022,355,1,354,308,46,0.3473581213307241,0.0028169014084507044,0.9971830985915493,0.8676056338028169,0.1295774647887324
06090,06,090,2118,728,1,727,606,121,0.3437204910292729,0.0013736263736263737,0.9986263736263736,0.8324175824175825,0.1662087912087912
06091,06,091,1073,397,0,397,321,76,0.3699906803355079,0.0,1.0,0.8085642317380353,0.19143576826196473
06092,06,092,1049,431,0,431,331,100,0.41086749285033364,0.0,1.0,0.7679814385150812,0.23201856148491878
06093,06,093,1048,361,0,361,278,83,0.34446564885496184,0.0,1.0,0.7700831024930748,0.2299168975069252
06094,06,094,958,279,0,279,227,52,0.29123173277661796,0.0,1.0,0.8136200716845878,0.1863799283154122
06095,06,095,1018,484,0,484,360,124,0.47544204322200395,0.0,1.0,0.743801652892562,0.256198347107438
06096,06,096,1838,702,4,698,531,167,0.381936887921654,0.005698005698005698,0.9943019943019943,0.7564102564102564,0.2378917378917379
06097,06,097,2616,969,2,967,693,274,0.3704128440366973,0.0020639834881320948,0.9979360165118679,0.7151702786377709,0.28276573787409703
06098,06,098,1198,457,1,456,291,165,0.3814691151919866,0.002188183807439825,0.9978118161925602,0.6367614879649891,0.3610503282275711
06099,06,099,1430,513,1,512,386,126,0.35874125874125873,0.001949317738791423,0.9980506822612085,0.7524366471734892,0.24561403508771928
06100,06,100,1054,440,3,437,253,184,0.4174573055028463,0.006818181818181818,0.9931818181818182,0.575,0.41818181818181815
06101,06,101,2221,793,0,793,509,284,0.35704637550652857,0.0,1.0,0.6418663303909206,0.35813366960907944
06102,06,102,2523,901,0,901,642,259,0.3571145461751883,0.0,1.0,0.7125416204217536,0.2874583795782464
06103,06,103,1133,375,0,375,260,115,0.33097969991173876,0.0,1.0,0.6933333333333334,0.30666666666666664
06104,06,104,1156,417,1,416,294,122,0.3607266435986159,0.002398081534772182,0.9976019184652278,0.7050359712230215,0.29256594724220625
06105,06,105,2421,855,4,851,578,273,0.35315985130111527,0.004678362573099415,0.9953216374269006,0.6760233918128655,0.3192982456140351
06106,06,106,2168,789,1,788,578,210,0.363929889298893,0.0012674271229404308,0.9987325728770595,0.7325728770595691,0.2661596958174905
06107,06,107,1635,376,0,376,286,90,0.22996941896024464,0.0,1.0,0.7606382978723404,0.2393617021276596
06108,06,108,2461,748,1,747,535,212,0.30394148720032504,0.001336898395721925,0.9986631016042781,0.7152406417112299,0.28342245989304815
06109,06,109,2223,824,3,821,601,220,0.3706702654071075,0.0036407766990291263,0.9963592233009708,0.7293689320388349,0.2669902912621359
06110,06,110,2578,761,1,760,533,227,0.2951900698215671,0.001314060446780552,0.9986859395532195,0.7003942181340341,0.2982917214191853
06111,06,111,1922,676,2,674,500,174,0.3517169614984391,0.0029585798816568047,0.9970414201183432,0.7396449704142012,0.257396449704142
06112,06,112,2337,818,1,817,568,249,0.3500213949507916,0.0012224938875305623,0.9987775061124694,0.6943765281173594,0.30440097799511
06113,06,113,2003,823,1,822,635,187,0.4108836744882676,0.001215066828675577,0.9987849331713244,0.7715674362089915,0.22721749696233293
06114,06,114,2080,730,0,730,564,166,0.35096153846153844,0.0,1.0,0.7726027397260274,0.2273972602739726
06115,06,115,2232,856,3,853,642,211,0.3835125448028674,0.0035046728971962616,0.9964953271028038,0.75,0.24649532710280375
06116,06,116,2413,784,0,784,546,238,0.32490675507666805,0.0,1.0,0.6964285714285714,0.30357142857142855
06117,06,117,2238,724,2,722,540,182,0.32350312779267204,0.0027624309392265192,0.9972375690607734,0.7458563535911602,0.2513812154696133
06118,06,118,2239,769,2,767,568,199,0.34345690040196514,0.002600780234070221,0.9973992197659298,0.7386215864759428,0.258777633289987
06119,06,119,2157,816,1,815,620,195,0.37830319888734354,0.0012254901960784314,0.9987745098039216,0.7598039215686274,0.23897058823529413
06120,06,120,1010,415,0,415,252,163,0.41089108910891087,0.0,1.0,0.6072289156626506,0.3927710843373494
06121,06,121,2011,791,1,790,574,216,0.3933366484336151,0.0012642225031605564,0.9987357774968394,0.7256637168141593,0.27307206068268014
06122,06,122,2058,694,0,694,501,193,0.337220602526725,0.0,1.0,0.7219020172910663,0.2780979827089337
06123,06,123,1805,672,0,672,436,236,0.37229916897506926,0.0,1.0,0.6488095238095238,0.35119047619047616
06124,06,124,2198,905,1,904,700,204,0.41173794358507737,0.0011049723756906078,0.9988950276243094,0.7734806629834254,0.225414364640884
06125,06,125,769,243,0,243,161,82,0.3159947984395319,0.0,1.0,0.6625514403292181,0.3374485596707819
06126,06,126,971,400,1,399,294,105,0.411946446961895,0.0025,0.9975,0.735,0.2625
06127,06,127,1152,386,1,385,284,101,0.3350694444444444,0.0025906735751295338,0.9974093264248705,0.7357512953367875,0.2616580310880829
06128,06,128,1177,497,0,497,369,128,0.42225998300764656,0.0,1.0,0.7424547283702213,0.2575452716297787
071A ,07,1A ,0,917,2,915,696,219,inf,0.0021810250817884407,0.9978189749182116,0.7589967284623773,0.23882224645583425
071B ,07,1B ,0,540,22,518,361,157,inf,0.040740740740740744,0.9592592592592593,0.6685185185185185,0.29074074074074074
071C ,07,1C ,0,921,3,918,676,242,inf,0.003257328990228013,0.996742671009772,0.7339847991313789,0.26275787187839306
071D ,07,1D ,0,900,2,898,655,243,inf,0.0022222222222222222,0.9977777777777778,0.7277777777777777,0.27
071E ,07,1E ,0,900,1,899,672,227,inf,0.0011111111111111111,0.9988888888888889,0.7466666666666667,0.25222222222222224
071F ,07,1F ,0,878,0,878,635,243,inf,0.0,1.0,0.7232346241457859,0.2767653758542141
071G ,07,1G ,0,893,0,893,696,197,inf,0.0,1.0,0.7793952967525196,0.2206047032474804
071H ,07,1H ,0,904,1,903,629,274,inf,0.0011061946902654867,0.9988938053097345,0.6957964601769911,0.3030973451327434
071I ,07,1I ,0,958,0,958,642,316,inf,0.0,1.0,0.6701461377870563,0.3298538622129436
071K ,07,1K ,0,956,3,953,671,282,inf,0.0031380753138075313,0.9968619246861925,0.7018828451882845,0.29497907949790797
071L ,07,1L ,0,902,1,901,652,249,inf,0.0011086474501108647,0.9988913525498891,0.7228381374722838,0.27605321507760533
071M ,07,1M ,0,877,1,876,639,237,inf,0.0011402508551881414,0.9988597491448119,0.7286202964652223,0.2702394526795895
071N ,07,1N ,0,927,3,924,627,297,inf,0.003236245954692557,0.9967637540453075,0.6763754045307443,0.32038834951456313
071O ,07,1O ,0,923,15,908,696,212,inf,0.016251354279523293,0.9837486457204767,0.7540628385698809,0.2296858071505959
071P ,07,1P ,0,929,2,927,563,364,inf,0.002152852529601722,0.9978471474703983,0.6060279870828849,0.39181916038751347
071Q ,07,1Q ,0,901,0,901,646,255,inf,0.0,1.0,0.7169811320754716,0.2830188679245283
071R ,07,1R ,0,900,0,900,677,223,inf,0.0,1.0,0.7522222222222222,0.2477777777777778
071S ,07,1S ,0,926,1,925,656,269,inf,0.0010799136069114472,0.9989200863930886,0.7084233261339092,0.29049676025917925
071T ,07,1T ,0,921,0,921,703,218,inf,0.0,1.0,0.7633007600434311,0.23669923995656894
071U ,07,1U ,0,916,2,914,659,255,inf,0.002183406113537118,0.9978165938864629,0.7194323144104804,0.27838427947598254
071V ,07,1V ,0,917,0,917,709,208,inf,0.0,1.0,0.7731733914940022,0.2268266085059978
071W ,07,1W ,0,922,1,921,693,228,inf,0.0010845986984815619,0.9989154013015185,0.7516268980477223,0.2472885032537961
071X ,07,1X ,0,887,1,886,660,226,inf,0.0011273957158962795,0.9988726042841037,0.7440811724915445,0.2547914317925592
071Y ,07,1Y ,0,890,3,887,672,215,inf,0.0033707865168539327,0.996629213483146,0.755056179775281,0.24157303370786518
071Z ,07,1Z ,0,872,8,864,625,239,inf,0.009174311926605505,0.9908256880733946,0.716743119266055,0.27408256880733944
072A ,07,2A ,0,884,1,883,670,213,inf,0.0011312217194570137,0.998868778280543,0.7579185520361991,0.2409502262443439
072B ,07,2B ,0,863,0,863,653,210,inf,0.0,1.0,0.7566628041714948,0.24333719582850522
072C ,07,2C ,0,872,0,872,691,181,inf,0.0,1.0,0.7924311926605505,0.20756880733944955
072D ,07,2D ,0,847,1,846,657,189,inf,0.0011806375442739079,0.9988193624557261,0.7756788665879575,0.2231404958677686
072E ,07,2E ,0,895,2,893,683,210,inf,0.0022346368715083797,0.9977653631284916,0.7631284916201118,0.2346368715083799
072F ,07,2F ,0,891,1,890,689,201,inf,0.001122334455667789,0.9988776655443322,0.7732884399551067,0.2255892255892256
072G ,07,2G ,0,880,0,880,577,303,inf,0.0,1.0,0.6556818181818181,0.3443181818181818
072H ,07,2H ,0,871,1,870,630,240,inf,0.001148105625717566,0.9988518943742825,0.7233065442020666,0.2755453501722158
072I ,07,2I ,0,849,5,844,613,231,inf,0.005889281507656066,0.9941107184923439,0.7220259128386337,0.27208480565371024
072K ,07,2K ,0,443,2,441,328,113,inf,0.004514672686230248,0.9954853273137697,0.7404063205417607,0.255079006772009
072L ,07,2L ,0,850,4,846,615,231,inf,0.004705882352941176,0.9952941176470588,0.7235294117647059,0.27176470588235296
072M ,07,2M ,0,879,3,876,658,218,inf,0.0034129692832764505,0.9965870307167235,0.7485779294653014,0.24800910125142206
072N ,07,2N ,0,882,1,881,602,279,inf,0.0011337868480725624,0.9988662131519275,0.6825396825396826,0.3163265306122449
072O ,07,2O ,0,862,0,862,620,242,inf,0.0,1.0,0.7192575406032483,0.28074245939675174
072P ,07,2P ,0,683,1,682,493,189,inf,0.0014641288433382138,0.9985358711566618,0.7218155197657394,0.2767203513909224
07899,07,899,1014,455,0,455,392,63,0.44871794871794873,0.0,1.0,0.8615384615384616,0.13846153846153847
07900,07,900,2253,508,0,508,371,137,0.22547714158899246,0.0,1.0,0.7303149606299213,0.26968503937007876
07901,07,901,3244,570,0,570,337,233,0.17570900123304561,0.0,1.0,0.5912280701754385,0.4087719298245614
07902,07,902,3328,545,1,544,285,259,0.16376201923076922,0.001834862385321101,0.998165137614679,0.5229357798165137,0.47522935779816516
07903,07,903,2396,584,1,583,323,260,0.24373956594323873,0.0017123287671232876,0.9982876712328768,0.553082191780822,0.4452054794520548
07904,07,904,1316,248,0,248,154,94,0.1884498480243161,0.0,1.0,0.6209677419354839,0.3790322580645161
07905,07,905,2042,440,0,440,258,182,0.21547502448579825,0.0,1.0,0.5863636363636363,0.41363636363636364
07906,07,906,3242,917,2,915,562,353,0.28285009253547194,0.0021810250817884407,0.9978189749182116,0.6128680479825518,0.38495092693565974
07907,07,907,3183,984,2,982,661,321,0.3091423185673893,0.0020325203252032522,0.9979674796747967,0.6717479674796748,0.32621951219512196
07908,07,908,3318,774,1,773,385,388,0.2332730560578662,0.0012919896640826874,0.9987080103359173,0.4974160206718346,0.5012919896640827
07909,07,909,1085,252,1,251,136,115,0.23225806451612904,0.003968253968253968,0.996031746031746,0.5396825396825397,0.45634920634920634
07910,07,910,822,223,1,222,113,109,0.2712895377128954,0.004484304932735426,0.9955156950672646,0.5067264573991032,0.48878923766816146
07911,07,911,1280,355,1,354,188,166,0.27734375,0.0028169014084507044,0.9971830985915493,0.5295774647887324,0.4676056338028169
07912,07,912,1219,212,0,212,81,131,0.17391304347826086,0.0,1.0,0.38207547169811323,0.6179245283018868
07913,07,913,3399,1063,4,1059,691,368,0.3127390408943807,0.0037629350893697085,0.9962370649106302,0.6500470366886171,0.34619002822201317
07914,07,914,2454,679,2,677,348,329,0.2766911165444173,0.0029455081001472753,0.9970544918998527,0.5125184094256259,0.4845360824742268
07915,07,915,2373,621,0,621,289,332,0.26169405815423513,0.0,1.0,0.46537842190016104,0.534621578099839
07916,07,916,2404,629,0,629,292,337,0.26164725457570714,0.0,1.0,0.4642289348171701,0.5357710651828299
07917,07,917,2274,667,0,667,287,380,0.29331574318381703,0.0,1.0,0.4302848575712144,0.5697151424287856
07918,07,918,2308,494,1,493,257,236,0.21403812824956672,0.0020242914979757085,0.9979757085020243,0.520242914979757,0.4777327935222672
07919,07,919,2330,329,2,327,181,146,0.14120171673819742,0.0060790273556231,0.993920972644377,0.5501519756838906,0.44376899696048633
07920,07,920,2452,489,2,487,260,227,0.1994290375203915,0.00408997955010225,0.9959100204498977,0.5316973415132924,0.46421267893660534
07921,07,921,2337,611,2,609,317,292,0.26144629867351304,0.0032733224222585926,0.9967266775777414,0.5188216039279869,0.4779050736497545
07922,07,922,2076,520,1,519,333,186,0.2504816955684008,0.0019230769230769232,0.9980769230769231,0.6403846153846153,0.3576923076923077
07923,07,923,877,203,1,202,97,105,0.2314709236031927,0.0049261083743842365,0.9950738916256158,0.47783251231527096,0.5172413793103449
07924,07,924,1067,292,1,291,109,182,0.2736644798500469,0.003424657534246575,0.9965753424657534,0.3732876712328767,0.6232876712328768
07925,07,925,1120,242,0,242,104,138,0.21607142857142858,0.0,1.0,0.4297520661157025,0.5702479338842975
07926,07,926,2234,645,1,644,279,365,0.28871978513876456,0.0015503875968992248,0.9984496124031008,0.4325581395348837,0.5658914728682171
07927,07,927,3541,1189,6,1183,496,687,0.3357808528664219,0.005046257359125316,0.9949537426408747,0.41715727502102606,0.5777964676198486
07928,07,928,3708,705,1,704,385,319,0.1901294498381877,0.0014184397163120568,0.9985815602836879,0.5460992907801419,0.4524822695035461
07929,07,929,3707,1231,2,1229,464,765,0.3320744537361748,0.0016246953696181965,0.9983753046303818,0.37692932575142163,0.6214459788789602
07930,07,930,1299,361,0,361,175,186,0.2779060816012317,0.0,1.0,0.48476454293628807,0.5152354570637119
07931,07,931,2343,759,0,759,295,464,0.323943661971831,0.0,1.0,0.38866930171277997,0.61133069828722
07932,07,932,2216,752,2,750,316,434,0.33935018050541516,0.0026595744680851063,0.9973404255319149,0.42021276595744683,0.5771276595744681
07933,07,933,2438,790,1,789,315,474,0.3240360951599672,0.0012658227848101266,0.9987341772151899,0.3987341772151899,0.6
07934,07,934,3505,1418,2,1416,560,856,0.40456490727532096,0.0014104372355430183,0.998589562764457,0.39492242595204513,0.6036671368124118
07935,07,935,3395,1141,0,1141,502,639,0.33608247422680415,0.0,1.0,0.43996494303242767,0.5600350569675723
07936,07,936,3272,1315,4,1311,487,824,0.4018948655256724,0.003041825095057034,0.996958174904943,0.3703422053231939,0.626615969581749
07937,07,937,1987,715,1,714,534,180,0.3598389531957725,0.0013986013986013986,0.9986013986013986,0.7468531468531469,0.2517482517482518
07938,07,938,2212,974,2,972,650,322,0.4403254972875226,0.002053388090349076,0.997946611909651,0.6673511293634496,0.33059548254620125
07939,07,939,2213,902,2,900,668,232,0.40759150474469047,0.0022172949002217295,0.9977827050997783,0.7405764966740577,0.2572062084257206
07940,07,940,2063,999,1,998,530,468,0.4842462433349491,0.001001001001001001,0.998998998998999,0.5305305305305306,0.46846846846846846
07941,07,941,2609,1042,0,1042,605,437,0.39938673821387505,0.0,1.0,0.5806142034548945,0.41938579654510555
07942,07,942,1107,364,0,364,209,155,0.3288166214995483,0.0,1.0,0.5741758241758241,0.4258241758241758
07943,07,943,2296,493,2,491,330,161,0.2147212543554007,0.004056795131845842,0.9959432048681541,0.6693711967545639,0.3265720081135903
07944,07,944,2640,671,1,670,484,186,0.25416666666666665,0.0014903129657228018,0.9985096870342772,0.7213114754098361,0.27719821162444114
07945,07,945,2366,751,1,750,541,209,0.31741335587489433,0.0013315579227696406,0.9986684420772304,0.7203728362183754,0.2782956058588549
07946,07,946,3562,1169,0,1169,759,410,0.32818641212801797,0.0,1.0,0.649272882805817,0.35072711719418304
07947,07,947,1102,341,0,341,247,94,0.30943738656987296,0.0,1.0,0.7243401759530792,0.2756598240469208
07948,07,948,2470,750,1,749,512,237,0.30364372469635625,0.0013333333333333333,0.9986666666666667,0.6826666666666666,0.316
07949,07,949,1272,281,1,280,223,57,0.2209119496855346,0.0035587188612099642,0.99644128113879,0.7935943060498221,0.20284697508896798
07950,07,950,1018,225,0,225,182,43,0.22102161100196463,0.0,1.0,0.8088888888888889,0.19111111111111112
07951,07,951,3661,1377,7,1370,1101,269,0.3761267413275061,0.005083514887436456,0.9949164851125636,0.7995642701525054,0.19535221496005808
07952,07,952,2354,449,1,448,316,132,0.19073916737468138,0.0022271714922048997,0.9977728285077951,0.7037861915367484,0.29398663697104677
07953,07,953,3308,1209,3,1206,815,391,0.3654776299879081,0.0024813895781637717,0.9975186104218362,0.674110835401158,0.32340777502067825
07954,07,954,1156,479,4,475,320,155,0.4143598615916955,0.008350730688935281,0.9916492693110647,0.6680584551148225,0.3235908141962422
07955,07,955,2436,812,3,809,571,238,0.3333333333333333,0.003694581280788177,0.9963054187192119,0.7032019704433498,0.29310344827586204
07956,07,956,2357,792,4,788,608,180,0.3360203648705982,0.005050505050505051,0.9949494949494949,0.7676767676767676,0.22727272727272727
07957,07,957,3317,1148,3,1145,947,198,0.346095869761833,0.002613240418118467,0.9973867595818815,0.8249128919860628,0.17247386759581881
07958,07,958,2114,788,0,788,639,149,0.3727530747398297,0.0,1.0,0.8109137055837563,0.18908629441624367
07959,07,959,2321,753,0,753,597,156,0.3244291253769927,0.0,1.0,0.7928286852589641,0.20717131474103587
07960,07,960,2234,720,1,719,530,189,0.3222918531781558,0.001388888888888889,0.9986111111111111,0.7361111111111112,0.2625
07961,07,961,2136,801,0,801,662,139,0.375,0.0,1.0,0.8264669163545568,0.1735330836454432
07962,07,962,2025,704,2,702,551,151,0.3476543209876543,0.002840909090909091,0.9971590909090909,0.7826704545454546,0.21448863636363635
07963,07,963,2371,764,1,763,627,136,0.3222269084774357,0.0013089005235602095,0.9986910994764397,0.8206806282722513,0.17801047120418848
07964,07,964,2592,883,2,881,746,135,0.34066358024691357,0.0022650056625141564,0.9977349943374858,0.8448471121177803,0.15288788221970556
07965,07,965,2574,928,1,927,739,188,0.3605283605283605,0.0010775862068965517,0.9989224137931034,0.7963362068965517,0.2025862068965517
07966,07,966,2320,877,0,877,709,168,0.37801724137931036,0.0,1.0,0.8084378563283923,0.19156214367160776
07967,07,967,2293,655,2,653,563,90,0.2856519843000436,0.0030534351145038168,0.9969465648854962,0.8595419847328244,0.13740458015267176
07968,07,968,2307,720,3,717,604,113,0.31209362808842656,0.004166666666666667,0.9958333333333333,0.8388888888888889,0.15694444444444444
07969,07,969,1287,279,0,279,232,47,0.21678321678321677,0.0,1.0,0.8315412186379928,0.16845878136200718
07970,07,970,2394,952,1,951,743,208,0.39766081871345027,0.0010504201680672268,0.9989495798319328,0.7804621848739496,0.2184873949579832
07971,07,971,2478,1025,1,1024,831,193,0.41364003228410007,0.000975609756097561,0.9990243902439024,0.8107317073170732,0.18829268292682927
07972,07,972,2248,1016,1,1015,822,193,0.45195729537366547,0.000984251968503937,0.9990157480314961,0.8090551181102362,0.18996062992125984
07973,07,973,3373,1225,0,1225,961,264,0.3631781796620219,0.0,1.0,0.7844897959183673,0.21551020408163266
07974,07,974,2405,829,1,828,677,151,0.3446985446985447,0.0012062726176115801,0.9987937273823885,0.8166465621230398,0.18214716525934863
07975,07,975,2020,710,1,709,601,108,0.35148514851485146,0.0014084507042253522,0.9985915492957746,0.8464788732394366,0.15211267605633802
07976,07,976,2090,521,0,521,451,70,0.24928229665071772,0.0,1.0,0.8656429942418427,0.1343570057581574
07977,07,977,2894,968,1,967,808,159,0.3344851416724257,0.0010330578512396695,0.9989669421487604,0.8347107438016529,0.16425619834710745
07978,07,978,1946,660,1,659,549,110,0.3391572456320658,0.0015151515151515152,0.9984848484848485,0.8318181818181818,0.16666666666666666
07979,07,979,2043,565,1,564,477,87,0.2765540871267744,0.0017699115044247787,0.9982300884955753,0.8442477876106195,0.15398230088495576
07980,07,980,2496,937,1,936,802,134,0.375400641025641,0.0010672358591248667,0.9989327641408752,0.855923159018143,0.14300960512273211
07981,07,981,2621,1126,1,1125,934,191,0.4296070202212896,0.0008880994671403197,0.9991119005328597,0.8294849023090586,0.16962699822380106
07982,07,982,1091,400,0,400,344,56,0.36663611365719523,0.0,1.0,0.86,0.14
07983,07,983,2470,1063,3,1060,895,165,0.4303643724696356,0.0028222013170272815,0.9971777986829727,0.8419567262464722,0.15522107243650046
07984,07,984,1992,916,1,915,736,179,0.4598393574297189,0.001091703056768559,0.9989082969432315,0.8034934497816594,0.19541484716157206
07985,07,985,2107,868,0,868,714,154,0.4119601328903654,0.0,1.0,0.8225806451612904,0.1774193548387097
07986,07,986,2276,883,0,883,724,159,0.38796133567662566,0.0,1.0,0.8199320498301246,0.18006795016987542
07987,07,987,2022,608,0,608,515,93,0.3006923837784372,0.0,1.0,0.8470394736842105,0.15296052631578946
07988,07,988,2343,1032,0,1032,778,254,0.44046094750320103,0.0,1.0,0.7538759689922481,0.24612403100775193
07989,07,989,2358,858,0,858,702,156,0.3638676844783715,0.0,1.0,0.8181818181818182,0.18181818181818182
07990,07,990,2297,820,1,819,678,141,0.3569873748367436,0.0012195121951219512,0.998780487804878,0.8268292682926829,0.1719512195121951
07991,07,991,2175,887,1,886,761,125,0.40781609195402296,0.0011273957158962795,0.9988726042841037,0.8579481397970687,0.14092446448703494
07992,07,992,2156,532,1,531,467,64,0.24675324675324675,0.0018796992481203006,0.9981203007518797,0.8778195488721805,0.12030075187969924
07993,07,993,3578,1263,0,1263,1043,220,0.3529904974846283,0.0,1.0,0.8258115597783057,0.17418844022169439
07994,07,994,2212,546,0,546,481,65,0.2468354430379747,0.0,1.0,0.8809523809523809,0.11904761904761904
07995,07,995,2440,944,0,944,759,185,0.38688524590163936,0.0,1.0,0.8040254237288136,0.19597457627118645
07996,07,996,3364,1273,1,1272,1003,269,0.37841854934601665,0.0007855459544383347,0.9992144540455616,0.7879025923016496,0.211311861743912
07997,07,997,1141,403,0,403,327,76,0.3531989482909728,0.0,1.0,0.8114143920595533,0.18858560794044665
07998,07,998,1150,462,0,462,378,84,0.4017391304347826,0.0,1.0,0.8181818181818182,0.18181818181818182
07999,07,999,1059,291,0,291,247,44,0.2747875354107649,0.0,1.0,0.8487972508591065,0.15120274914089346
081A ,08,1A ,0,1292,2,1290,977,313,inf,0.0015479876160990713,0.9984520123839009,0.7561919504643962,0.24226006191950464
081B ,08,1B ,0,1070,3,1067,828,239,inf,0.002803738317757009,0.997196261682243,0.7738317757009345,0.22336448598130842
081C ,08,1C ,0,1083,1,1082,857,225,inf,0.0009233610341643582,0.9990766389658357,0.791320406278855,0.2077562326869806
081D ,08,1D ,0,1104,14,1090,832,258,inf,0.012681159420289856,0.9873188405797102,0.7536231884057971,0.23369565217391305
081E ,08,1E ,0,1081,2,1079,855,224,inf,0.0018501387604070306,0.9981498612395929,0.7909343200740055,0.2072155411655874
081F ,08,1F ,0,1081,0,1081,812,269,inf,0.0,1.0,0.7511563367252544,0.2488436632747456
081G ,08,1G ,0,1078,0,1078,834,244,inf,0.0,1.0,0.7736549165120594,0.22634508348794063
081H ,08,1H ,0,1081,2,1079,868,211,inf,0.0018501387604070306,0.9981498612395929,0.8029602220166513,0.19518963922294172
081I ,08,1I ,0,1074,3,1071,849,222,inf,0.002793296089385475,0.9972067039106145,0.7905027932960894,0.20670391061452514
081K ,08,1K ,0,1081,2,1079,803,276,inf,0.0018501387604070306,0.9981498612395929,0.7428307123034228,0.2553191489361702
081L ,08,1L ,0,1053,4,1049,794,255,inf,0.003798670465337132,0.9962013295346629,0.7540360873694207,0.24216524216524216
081M ,08,1M ,0,1125,22,1103,799,304,inf,0.019555555555555555,0.9804444444444445,0.7102222222222222,0.2702222222222222
081N ,08,1N ,0,1084,0,1084,831,253,inf,0.0,1.0,0.7666051660516605,0.2333948339483395
081O ,08,1O ,0,1071,2,1069,844,225,inf,0.0018674136321195146,0.9981325863678805,0.7880485527544351,0.21008403361344538
081P ,08,1P ,0,1071,3,1068,822,246,inf,0.0028011204481792717,0.9971988795518207,0.7675070028011205,0.22969187675070027
081Q ,08,1Q ,0,1069,1,1068,804,264,inf,0.0009354536950420954,0.9990645463049579,0.7521047708138447,0.2469597754911132
081R ,08,1R ,0,1074,4,1070,851,219,inf,0.0037243947858473,0.9962756052141527,0.792364990689013,0.20391061452513967
081S ,08,1S ,0,1172,0,1172,901,271,inf,0.0,1.0,0.7687713310580204,0.23122866894197952
08101,08,101,3723,919,7,912,372,540,0.24684394305667473,0.007616974972796518,0.9923830250272034,0.4047878128400435,0.5875952121871599
08104,08,104,3987,944,3,941,406,535,0.23676950087785303,0.0031779661016949155,0.996822033898305,0.4300847457627119,0.5667372881355932
08105,08,105,2602,692,1,691,309,382,0.26594926979246736,0.001445086705202312,0.9985549132947977,0.44653179190751446,0.5520231213872833
08108,08,108,2620,661,6,655,319,336,0.25229007633587786,0.009077155824508321,0.9909228441754917,0.4826021180030257,0.5083207261724659
08110,08,110,2984,754,2,752,414,338,0.2526809651474531,0.002652519893899204,0.9973474801061007,0.5490716180371353,0.4482758620689655
08114,08,114,1072,255,0,255,139,116,0.23787313432835822,0.0,1.0,0.5450980392156862,0.4549019607843137
08115,08,115,3467,885,2,883,554,329,0.2552639169310643,0.0022598870056497176,0.9977401129943503,0.6259887005649718,0.37175141242937854
08118,08,118,2100,582,2,580,393,187,0.27714285714285714,0.003436426116838488,0.9965635738831615,0.6752577319587629,0.32130584192439865
08119,08,119,4030,1021,1,1020,627,393,0.2533498759305211,0.0009794319294809011,0.9990205680705191,0.614103819784525,0.38491674828599415
08122,08,122,1710,453,2,451,340,111,0.2649122807017544,0.004415011037527594,0.9955849889624724,0.7505518763796909,0.24503311258278146
08125,08,125,1233,340,1,339,209,130,0.275750202757502,0.0029411764705882353,0.9970588235294118,0.6147058823529412,0.38235294117647056
08126,08,126,3668,994,1,993,480,513,0.27099236641221375,0.001006036217303823,0.9989939637826962,0.482897384305835,0.5160965794768612
08129,08,129,971,237,2,235,116,119,0.24407826982492276,0.008438818565400843,0.9915611814345991,0.48945147679324896,0.5021097046413502
08201,08,201,3828,1106,1,1105,527,578,0.2889237199582027,0.0009041591320072332,0.9990958408679927,0.47649186256781195,0.5226039783001808
08202,08,202,2910,722,1,721,368,353,0.24810996563573884,0.0013850415512465374,0.9986149584487535,0.5096952908587258,0.4889196675900277
08207,08,207,3207,1079,3,1076,525,551,0.336451512316807,0.0027803521779425394,0.9972196478220574,0.4865616311399444,0.5106580166821131
08208,08,208,3105,817,0,817,417,400,0.2631239935587762,0.0,1.0,0.5104039167686658,0.48959608323133413
08211,08,211,1384,282,1,281,144,137,0.203757225433526,0.0035460992907801418,0.9964539007092199,0.5106382978723404,0.4858156028368794
08213,08,213,3509,886,3,883,566,317,0.2524935879167854,0.003386004514672686,0.9966139954853274,0.6388261851015802,0.3577878103837472
08216,08,216,1162,341,1,340,181,159,0.29345955249569705,0.002932551319648094,0.9970674486803519,0.530791788856305,0.4662756598240469
08218,08,218,888,185,0,185,99,86,0.20833333333333334,0.0,1.0,0.5351351351351351,0.4648648648648649
08219,08,219,3250,988,4,984,577,407,0.304,0.004048582995951417,0.9959514170040485,0.5840080971659919,0.41194331983805665
08221,08,221,3620,991,3,988,512,476,0.27375690607734804,0.0030272452068617556,0.9969727547931383,0.5166498486377397,0.4803229061553986
08223,08,223,3125,794,6,788,378,410,0.25408,0.007556675062972292,0.9924433249370277,0.4760705289672544,0.5163727959697733
08227,08,227,831,199,0,199,130,69,0.2394705174488568,0.0,1.0,0.6532663316582915,0.34673366834170855
08229,08,229,924,203,0,203,119,84,0.2196969696969697,0.0,1.0,0.5862068965517241,0.41379310344827586
08301,08,301,2556,804,1,803,555,248,0.3145539906103286,0.0012437810945273632,0.9987562189054726,0.6902985074626866,0.30845771144278605
08304,08,304,2388,463,1,462,329,133,0.1938860971524288,0.0021598272138228943,0.9978401727861771,0.7105831533477321,0.28725701943844495
08305,08,305,2212,542,2,540,371,169,0.24502712477396021,0.0036900369003690036,0.996309963099631,0.6845018450184502,0.3118081180811808
08308,08,308,3586,870,1,869,668,201,0.2426101505856107,0.0011494252873563218,0.9988505747126437,0.767816091954023,0.23103448275862068
08309,08,309,1337,259,0,259,211,48,0.193717277486911,0.0,1.0,0.8146718146718147,0.18532818532818532
08310,08,310,2763,721,0,721,544,177,0.2609482446615997,0.0,1.0,0.7545076282940361,0.24549237170596394
08313,08,313,3625,955,1,954,786,168,0.263448275862069,0.0010471204188481676,0.9989528795811519,0.8230366492146597,0.17591623036649215
08318,08,318,3378,1151,3,1148,932,216,0.3407341622261693,0.0026064291920069507,0.9973935708079931,0.8097306689834927,0.18766290182450043
08321,08,321,1599,494,1,493,429,64,0.3089430894308943,0.0020242914979757085,0.9979757085020243,0.868421052631579,0.12955465587044535
08322,08,322,1571,449,1,448,359,89,0.28580521960534694,0.0022271714922048997,0.9977728285077951,0.799554565701559,0.19821826280623608
08323,08,323,1197,354,0,354,271,83,0.2957393483709273,0.0,1.0,0.7655367231638418,0.2344632768361582
08325,08,325,3487,1295,1,1294,924,370,0.37137940923429885,0.0007722007722007722,0.9992277992277993,0.7135135135135136,0.2857142857142857
08401,08,401,2598,1112,0,1112,819,293,0.42802155504234024,0.0,1.0,0.7365107913669064,0.26348920863309355
08403,08,403,2905,818,1,817,668,149,0.28158347676419965,0.0012224938875305623,0.9987775061124694,0.8166259168704156,0.1821515892420538
08406,08,406,3649,1098,3,1095,872,223,0.30090435735818033,0.00273224043715847,0.9972677595628415,0.7941712204007286,0.20309653916211293
08410,08,410,1557,674,2,672,568,104,0.43288375080282593,0.002967359050445104,0.9970326409495549,0.8427299703264095,0.1543026706231454
08411,08,411,2444,875,0,875,763,112,0.35801963993453356,0.0,1.0,0.872,0.128
08412,08,412,3243,1258,1,1257,1038,219,0.3879124267653407,0.000794912559618442,0.9992050874403816,0.8251192368839427,0.1740858505564388
08413,08,413,2995,1288,3,1285,1065,220,0.4300500834724541,0.002329192546583851,0.9976708074534162,0.8268633540372671,0.17080745341614906
08417,08,417,1420,553,0,553,438,115,0.38943661971830984,0.0,1.0,0.7920433996383364,0.20795660036166366
08422,08,422,3726,1358,3,1355,1181,174,0.3644659151905529,0.0022091310751104565,0.9977908689248896,0.8696612665684831,0.12812960235640647
08425,08,425,2972,1021,1,1020,866,154,0.3435397039030956,0.0009794319294809011,0.9990205680705191,0.8481880509304603,0.15083251714005877
08426,08,426,2015,772,1,771,668,103,0.38312655086848635,0.0012953367875647669,0.9987046632124352,0.8652849740932642,0.133419689119171
08428,08,428,2740,1090,0,1090,888,202,0.3978102189781022,0.0,1.0,0.8146788990825689,0.1853211009174312
08501,08,501,2887,1048,1,1047,872,175,0.36300658122618634,0.0009541984732824427,0.9990458015267175,0.8320610687022901,0.16698473282442747
08504,08,504,2970,1148,0,1148,876,272,0.3865319865319865,0.0,1.0,0.7630662020905923,0.23693379790940766
08505,08,505,3787,1222,3,1219,1016,203,0.3226828624240824,0.0024549918166939444,0.997545008183306,0.8314238952536824,0.16612111292962356
08510,08,510,1356,471,2,469,408,61,0.3473451327433628,0.004246284501061571,0.9957537154989384,0.8662420382165605,0.12951167728237792
08511,08,511,3261,1099,0,1099,945,154,0.3370131861392211,0.0,1.0,0.8598726114649682,0.14012738853503184
08512,08,512,3610,1456,1,1455,1229,226,0.4033240997229917,0.0006868131868131869,0.9993131868131868,0.8440934065934066,0.15521978021978022
08517,08,517,3343,931,2,929,797,132,0.27849237212084954,0.0021482277121374865,0.9978517722878625,0.8560687432867884,0.14178302900107412
08519,08,519,2489,825,6,819,708,111,0.3314584170349538,0.007272727272727273,0.9927272727272727,0.8581818181818182,0.13454545454545455
08521,08,521,2410,608,0,608,512,96,0.25228215767634854,0.0,1.0,0.8421052631578947,0.15789473684210525
08526,08,526,3245,1004,2,1002,870,132,0.3093990755007704,0.00199203187250996,0.99800796812749,0.8665338645418327,0.13147410358565736
08528,08,528,1491,557,1,556,470,86,0.3735747820254863,0.0017953321364452424,0.9982046678635548,0.8438061041292639,0.15439856373429084
08530,08,530,2266,567,0,567,475,92,0.2502206531332745,0.0,1.0,0.8377425044091711,0.16225749559082892
08534,08,534,829,307,0,307,242,65,0.3703256936067551,0.0,1.0,0.7882736156351792,0.21172638436482086
08601,08,601,3150,795,1,794,671,123,0.2523809523809524,0.0012578616352201257,0.9987421383647799,0.8440251572327044,0.15471698113207547
08603,08,603,2384,970,2,968,805,163,0.40687919463087246,0.002061855670103093,0.9979381443298969,0.8298969072164949,0.16804123711340208
08605,08,605,3077,1280,3,1277,1023,254,0.4159896002599935,0.00234375,0.99765625,0.79921875,0.1984375
08608,08,608,1125,321,0,321,260,61,0.2853333333333333,0.0,1.0,0.8099688473520249,0.19003115264797507
08610,08,610,3210,1226,3,1223,970,253,0.38193146417445484,0.0024469820554649264,0.9975530179445351,0.7911908646003263,0.20636215334420882
08614,08,614,1089,378,0,378,305,73,0.34710743801652894,0.0,1.0,0.8068783068783069,0.1931216931216931
08616,08,616,1063,406,1,405,344,61,0.3819379115710254,0.0024630541871921183,0.9975369458128078,0.8472906403940886,0.15024630541871922
08617,08,617,3371,1344,1,1343,1021,322,0.3986947493325423,0.000744047619047619,0.9992559523809523,0.7596726190476191,0.23958333333333334
08619,08,619,3096,1458,3,1455,1154,301,0.47093023255813954,0.00205761316872428,0.9979423868312757,0.7914951989026063,0.20644718792866942
08622,08,622,2297,1046,0,1046,872,174,0.45537657814540705,0.0,1.0,0.8336520076481836,0.16634799235181644
08623,08,623,3392,1313,1,1312,1061,251,0.3870872641509434,0.0007616146230007616,0.9992383853769993,0.8080731150038081,0.19116527037319117
08628,08,628,3400,1243,1,1242,986,256,0.36558823529411766,0.0008045052292839903,0.999195494770716,0.7932421560740145,0.20595333869670152
08632,08,632,1001,357,0,357,294,63,0.35664335664335667,0.0,1.0,0.8235294117647058,0.17647058823529413
091A ,09,1A ,0,1272,1,1271,543,728,inf,0.0007861635220125787,0.9992138364779874,0.4268867924528302,0.5723270440251572
091B ,09,1B ,0,1245,1,1244,546,698,inf,0.0008032128514056225,0.9991967871485944,0.43855421686746987,0.5606425702811245
091C ,09,1C ,0,1252,0,1252,547,705,inf,0.0,1.0,0.43690095846645366,0.5630990415335463
091D ,09,1D ,0,1228,4,1224,509,715,inf,0.003257328990228013,0.996742671009772,0.4144951140065147,0.5822475570032574
091E ,09,1E ,0,1213,0,1213,703,510,inf,0.0,1.0,0.5795548227535037,0.42044517724649627
091F ,09,1F ,0,1230,1,1229,509,720,inf,0.0008130081300813008,0.9991869918699187,0.4138211382113821,0.5853658536585366
091G ,09,1G ,0,1201,0,1201,572,629,inf,0.0,1.0,0.47626977518734387,0.5237302248126561
091H ,09,1H ,0,1231,4,1227,508,719,inf,0.003249390739236393,0.9967506092607636,0.41267262388302195,0.5840779853777417
091J ,09,1J ,0,1257,3,1254,541,713,inf,0.002386634844868735,0.9976133651551312,0.4303898170246619,0.5672235481304694
091K ,09,1K ,0,1245,2,1243,549,694,inf,0.001606425702811245,0.9983935742971888,0.44096385542168676,0.557429718875502
091L ,09,1L ,0,1243,4,1239,551,688,inf,0.003218020917135961,0.996781979082864,0.4432823813354787,0.5534995977473853
091M ,09,1M ,0,1257,1,1256,579,677,inf,0.0007955449482895784,0.9992044550517104,0.4606205250596659,0.5385839299920445
09101,09,101,1922,484,3,481,177,304,0.2518210197710718,0.006198347107438017,0.993801652892562,0.365702479338843,0.628099173553719
09103,09,103,2438,615,0,615,226,389,0.25225594749794916,0.0,1.0,0.367479674796748,0.6325203252032521
09104,09,104,3322,867,6,861,274,587,0.26098735701384707,0.006920415224913495,0.9930795847750865,0.3160322952710496,0.6770472895040369
09108,09,108,3360,793,0,793,236,557,0.23601190476190476,0.0,1.0,0.29760403530895335,0.7023959646910467
09111,09,111,2437,605,0,605,193,412,0.2482560525235946,0.0,1.0,0.31900826446280994,0.6809917355371901
09113,09,113,2503,701,0,701,173,528,0.28006392329204954,0.0,1.0,0.24679029957203993,0.7532097004279601
09116,09,116,2368,498,1,497,167,330,0.21030405405405406,0.002008032128514056,0.9979919678714859,0.3353413654618474,0.6626506024096386
09120,09,120,2529,761,1,760,191,569,0.30090945037564254,0.001314060446780552,0.9986859395532195,0.25098554533508544,0.7477003942181341
09122,09,122,2416,714,6,708,208,500,0.2955298013245033,0.008403361344537815,0.9915966386554622,0.2913165266106443,0.7002801120448179
09126,09,126,965,257,0,257,87,170,0.26632124352331604,0.0,1.0,0.33852140077821014,0.6614785992217899
09127,09,127,917,250,0,250,93,157,0.27262813522355506,0.0,1.0,0.372,0.628
09128,09,128,988,283,0,283,91,192,0.28643724696356276,0.0,1.0,0.3215547703180212,0.6784452296819788
09130,09,130,2761,782,3,779,254,525,0.283230713509598,0.0038363171355498722,0.9961636828644501,0.3248081841432225,0.6713554987212276
09133,09,133,1944,548,0,548,243,305,0.28189300411522633,0.0,1.0,0.44343065693430656,0.5565693430656934
09135,09,135,2720,621,0,621,240,381,0.22830882352941176,0.0,1.0,0.3864734299516908,0.6135265700483091
09201,09,201,1718,419,1,418,127,291,0.24388824214202562,0.002386634844868735,0.9976133651551312,0.3031026252983294,0.6945107398568019
09204,09,204,3146,783,2,781,275,506,0.24888747616020343,0.002554278416347382,0.9974457215836526,0.351213282247765,0.6462324393358876
09207,09,207,3357,785,0,785,298,487,0.2338397378611856,0.0,1.0,0.3796178343949045,0.6203821656050955
09208,09,208,2083,606,2,604,256,348,0.29092654824771963,0.0033003300330033004,0.9966996699669967,0.42244224422442245,0.5742574257425742
09211,09,211,3123,878,1,877,345,532,0.2811399295549151,0.0011389521640091116,0.9988610478359908,0.3929384965831435,0.6059225512528473
09212,09,212,834,263,2,261,70,191,0.31534772182254195,0.0076045627376425855,0.9923954372623575,0.2661596958174905,0.7262357414448669
09214,09,214,1102,340,0,340,108,232,0.308529945553539,0.0,1.0,0.3176470588235294,0.6823529411764706
09216,09,216,3489,928,1,927,328,599,0.2659787904843795,0.0010775862068965517,0.9989224137931034,0.35344827586206895,0.6454741379310345
09221,09,221,1922,412,0,412,132,280,0.21436004162330904,0.0,1.0,0.32038834951456313,0.6796116504854369
09222,09,222,1377,287,1,286,111,175,0.2084241103848947,0.003484320557491289,0.9965156794425087,0.3867595818815331,0.6097560975609756
09224,09,224,2365,381,1,380,139,241,0.16109936575052855,0.0026246719160104987,0.9973753280839895,0.3648293963254593,0.6325459317585301
09227,09,227,530,124,0,124,60,64,0.2339622641509434,0.0,1.0,0.4838709677419355,0.5161290322580645
09228,09,228,2415,558,2,556,208,348,0.231055900621118,0.0035842293906810036,0.996415770609319,0.3727598566308244,0.6236559139784946
09230,09,230,3498,731,2,729,263,466,0.2089765580331618,0.0027359781121751026,0.9972640218878249,0.359781121751026,0.6374829001367989
09231,09,231,856,147,0,147,49,98,0.17172897196261683,0.0,1.0,0.3333333333333333,0.6666666666666666
09236,09,236,2527,470,1,469,196,273,0.18599129402453501,0.002127659574468085,0.997872340425532,0.41702127659574467,0.5808510638297872
09301,09,301,704,236,0,236,95,141,0.3352272727272727,0.0,1.0,0.4025423728813559,0.597457627118644
09302,09,302,2326,556,4,552,193,359,0.23903697334479793,0.007194244604316547,0.9928057553956835,0.3471223021582734,0.64568345323741
09304,09,304,3209,868,0,868,301,567,0.27048924898722343,0.0,1.0,0.3467741935483871,0.6532258064516129
09308,09,308,3215,606,1,605,238,367,0.1884914463452566,0.0016501650165016502,0.9983498349834984,0.3927392739273927,0.6056105610561056
09309,09,309,3452,693,3,690,279,411,0.2007531865585168,0.004329004329004329,0.9956709956709957,0.4025974025974026,0.5930735930735931
09314,09,314,3805,1076,3,1073,548,525,0.28278580814717474,0.0027881040892193307,0.9972118959107806,0.5092936802973977,0.4879182156133829
09317,09,317,2973,869,1,868,391,477,0.29229734275142955,0.0011507479861910242,0.998849252013809,0.44994246260069043,0.5489067894131185
09319,09,319,2025,467,1,466,234,232,0.23061728395061729,0.0021413276231263384,0.9978586723768736,0.5010706638115632,0.49678800856531047
09320,09,320,943,213,2,211,104,107,0.2258748674443266,0.009389671361502348,0.9906103286384976,0.48826291079812206,0.5023474178403756
09321,09,321,593,141,1,140,73,67,0.23777403035413153,0.0070921985815602835,0.9929078014184397,0.5177304964539007,0.475177304964539
09322,09,322,2391,662,1,661,349,312,0.27687160184023424,0.0015105740181268882,0.9984894259818731,0.527190332326284,0.47129909365558914
09324,09,324,2047,576,0,576,225,351,0.28138739618954567,0.0,1.0,0.390625,0.609375
09326,09,326,1442,190,0,190,105,85,0.1317614424410541,0.0,1.0,0.5526315789473685,0.4473684210526316
09328,09,328,1810,493,0,493,215,278,0.2723756906077348,0.0,1.0,0.43610547667342797,0.563894523326572
09330,09,330,1468,268,2,266,137,129,0.18256130790190736,0.007462686567164179,0.9925373134328358,0.5111940298507462,0.48134328358208955
09333,09,333,867,253,1,252,112,140,0.2918108419838524,0.003952569169960474,0.9960474308300395,0.4426877470355731,0.5533596837944664
09401,09,401,2907,896,4,892,553,339,0.3082215342277262,0.004464285714285714,0.9955357142857143,0.6171875,0.3783482142857143
09403,09,403,795,112,0,112,51,61,0.14088050314465408,0.0,1.0,0.45535714285714285,0.5446428571428571
09404,09,404,1889,630,1,629,479,150,0.33350979354155635,0.0015873015873015873,0.9984126984126984,0.7603174603174603,0.23809523809523808
09405,09,405,3561,1208,1,1207,914,293,0.3392305532153889,0.0008278145695364238,0.9991721854304636,0.7566225165562914,0.24254966887417218
09409,09,409,3223,699,1,698,276,422,0.21687868445547626,0.001430615164520744,0.9985693848354793,0.3948497854077253,0.6037195994277539
09413,09,413,3816,656,1,655,266,389,0.1719077568134172,0.001524390243902439,0.9984756097560976,0.4054878048780488,0.5929878048780488
09418,09,418,734,110,0,110,52,58,0.14986376021798364,0.0,1.0,0.4727272727272727,0.5272727272727272
09419,09,419,640,200,2,198,77,121,0.3125,0.01,0.99,0.385,0.605
09420,09,420,1926,527,0,527,250,277,0.2736240913811007,0.0,1.0,0.47438330170777987,0.5256166982922201
09422,09,422,911,236,0,236,88,148,0.25905598243688255,0.0,1.0,0.3728813559322034,0.6271186440677966
09423,09,423,1263,417,2,415,216,199,0.33016627078384797,0.004796163069544364,0.9952038369304557,0.5179856115107914,0.47721822541966424
09424,09,424,760,348,0,348,285,63,0.45789473684210524,0.0,1.0,0.8189655172413793,0.1810344827586207
09425,09,425,741,353,0,353,333,20,0.47638326585695007,0.0,1.0,0.943342776203966,0.056657223796033995
09426,09,426,845,385,2,383,347,36,0.4556213017751479,0.005194805194805195,0.9948051948051948,0.9012987012987013,0.09350649350649351
09427,09,427,744,245,0,245,186,59,0.3293010752688172,0.0,1.0,0.7591836734693878,0.24081632653061225
09428,09,428,347,136,0,136,109,27,0.3919308357348703,0.0,1.0,0.8014705882352942,0.19852941176470587
09429,09,429,2721,558,0,558,187,371,0.20507166482910694,0.0,1.0,0.33512544802867383,0.6648745519713262
09432,09,432,3180,635,1,634,247,387,0.19968553459119498,0.0015748031496062992,0.9984251968503937,0.3889763779527559,0.6094488188976378
09436,09,436,1697,409,1,408,127,281,0.24101355332940483,0.0024449877750611247,0.9975550122249389,0.3105134474327628,0.687041564792176
09501,09,501,779,178,0,178,83,95,0.22849807445442877,0.0,1.0,0.46629213483146065,0.5337078651685393
09502,09,502,746,138,0,138,44,94,0.18498659517426275,0.0,1.0,0.3188405797101449,0.6811594202898551
09503,09,503,1145,272,1,271,78,193,0.23755458515283842,0.003676470588235294,0.9963235294117647,0.2867647058823529,0.7095588235294118
09504,09,504,697,191,0,191,64,127,0.27403156384505023,0.0,1.0,0.33507853403141363,0.6649214659685864
09505,09,505,706,146,1,145,49,96,0.20679886685552407,0.00684931506849315,0.9931506849315068,0.3356164383561644,0.6575342465753424
09506,09,506,1992,477,3,474,134,340,0.2394578313253012,0.006289308176100629,0.9937106918238994,0.2809224318658281,0.7127882599580713
09508,09,508,1343,319,0,319,100,219,0.23752792256142963,0.0,1.0,0.31347962382445144,0.6865203761755486
09510,09,510,1411,280,2,278,109,169,0.19844082211197733,0.007142857142857143,0.9928571428571429,0.3892857142857143,0.6035714285714285
09512,09,512,751,120,0,120,41,79,0.15978695073235685,0.0,1.0,0.3416666666666667,0.6583333333333333
09513,09,513,930,182,1,181,57,124,0.1956989247311828,0.005494505494505495,0.9945054945054945,0.3131868131868132,0.6813186813186813
09514,09,514,718,169,0,169,61,108,0.23537604456824512,0.0,1.0,0.3609467455621302,0.6390532544378699
09515,09,515,2113,409,0,409,194,215,0.19356365357311878,0.0,1.0,0.4743276283618582,0.5256723716381418
09518,09,518,1130,203,1,202,99,103,0.17964601769911503,0.0049261083743842365,0.9950738916256158,0.4876847290640394,0.5073891625615764
09519,09,519,3280,770,0,770,336,434,0.2347560975609756,0.0,1.0,0.43636363636363634,0.5636363636363636
09522,09,522,3098,728,1,727,294,433,0.23499031633311815,0.0013736263736263737,0.9986263736263736,0.40384615384615385,0.5947802197802198
09525,09,525,2151,419,0,419,153,266,0.19479311947931194,0.0,1.0,0.36515513126491644,0.6348448687350835
09527,09,527,1446,403,0,403,189,214,0.27869986168741356,0.0,1.0,0.46898263027295284,0.5310173697270472
09528,09,528,2383,1008,0,1008,862,146,0.42299622324800673,0.0,1.0,0.8551587301587301,0.14484126984126985
09530,09,530,3135,1247,2,1245,1086,159,0.3977671451355662,0.0016038492381716118,0.9983961507618284,0.8708901363271853,0.12750601443464316
09601,09,601,2839,774,1,773,296,477,0.2726312081718915,0.0012919896640826874,0.9987080103359173,0.38242894056847543,0.6162790697674418
09603,09,603,890,166,1,165,58,107,0.18651685393258427,0.006024096385542169,0.9939759036144579,0.3493975903614458,0.6445783132530121
09604,09,604,1001,306,1,305,127,178,0.30569430569430567,0.0032679738562091504,0.9967320261437909,0.4150326797385621,0.5816993464052288
09605,09,605,1966,496,1,495,186,309,0.25228891149542215,0.0020161290322580645,0.9979838709677419,0.375,0.6229838709677419
09608,09,608,1430,370,1,369,127,242,0.25874125874125875,0.002702702702702703,0.9972972972972973,0.34324324324324323,0.654054054054054
09609,09,609,1608,428,2,426,136,290,0.26616915422885573,0.004672897196261682,0.9953271028037384,0.3177570093457944,0.677570093457944
09611,09,611,2428,657,2,655,235,420,0.2705930807248764,0.0030441400304414,0.9969558599695586,0.3576864535768645,0.639269406392694
09614,09,614,2664,697,3,694,233,461,0.2616366366366366,0.00430416068866571,0.9956958393113343,0.33428981348637016,0.6614060258249641
09617,09,617,2347,553,0,553,180,373,0.2356199403493822,0.0,1.0,0.325497287522604,0.674502712477396
09619,09,619,787,252,0,252,84,168,0.3202033036848793,0.0,1.0,0.3333333333333333,0.6666666666666666
09620,09,620,3502,955,3,952,302,650,0.2727013135351228,0.0031413612565445027,0.9968586387434555,0.3162303664921466,0.680628272251309
09624,09,624,3545,914,4,910,264,646,0.25782792665726373,0.00437636761487965,0.9956236323851203,0.2888402625820569,0.7067833698030634
09628,09,628,630,181,0,181,57,124,0.2873015873015873,0.0,1.0,0.3149171270718232,0.6850828729281768
09629,09,629,1377,381,0,381,288,93,0.2766884531590414,0.0,1.0,0.7559055118110236,0.2440944881889764
09630,09,630,1605,471,0,471,271,200,0.29345794392523367,0.0,1.0,0.5753715498938429,0.42462845010615713
09631,09,631,1867,549,3,546,353,193,0.2940546331012319,0.00546448087431694,0.994535519125683,0.6429872495446266,0.35154826958105645
09633,09,633,1324,400,2,398,268,130,0.3021148036253776,0.005,0.995,0.67,0.325
09634,09,634,1264,455,0,455,308,147,0.3599683544303797,0.0,1.0,0.676923076923077,0.3230769230769231
101A ,10,1A ,0,1034,3,1031,329,702,inf,0.0029013539651837525,0.9970986460348162,0.3181818181818182,0.6789168278529981
101B ,10,1B ,0,1026,1,1025,347,678,inf,0.0009746588693957114,0.9990253411306043,0.3382066276803119,0.6608187134502924
101C ,10,1C ,0,1020,1,1019,386,633,inf,0.000980392156862745,0.9990196078431373,0.3784313725490196,0.6205882352941177
101D ,10,1D ,0,1023,0,1023,346,677,inf,0.0,1.0,0.33822091886608013,0.6617790811339198
101E ,10,1E ,0,1051,41,1010,343,667,inf,0.0390104662226451,0.9609895337773549,0.3263558515699334,0.6346336822074216
101F ,10,1F ,0,1017,2,1015,369,646,inf,0.0019665683382497543,0.9980334316617503,0.36283185840707965,0.6352015732546706
101G ,10,1G ,0,1055,3,1052,343,709,inf,0.002843601895734597,0.9971563981042654,0.3251184834123223,0.6720379146919432
101H ,10,1H ,0,1113,5,1108,372,736,inf,0.004492362982929021,0.995507637017071,0.33423180592991913,0.6612758310871518
101J ,10,1J ,0,1013,4,1009,348,661,inf,0.003948667324777887,0.9960513326752222,0.3435340572556762,0.6525172754195459
101K ,10,1K ,0,1113,2,1111,366,745,inf,0.0017969451931716084,0.9982030548068284,0.3288409703504043,0.6693620844564241
10101,10,101,4318,518,2,516,191,325,0.11996294580824456,0.003861003861003861,0.9961389961389961,0.3687258687258687,0.6274131274131274
10102,10,102,4098,503,1,502,194,308,0.12274280136652026,0.0019880715705765406,0.9980119284294234,0.3856858846918489,0.6123260437375746
10103,10,103,5406,722,2,720,239,481,0.13355530891601924,0.002770083102493075,0.997229916897507,0.33102493074792244,0.6662049861495845
10104,10,104,3297,327,0,327,101,226,0.09918107370336669,0.0,1.0,0.308868501529052,0.691131498470948
10105,10,105,3680,517,1,516,152,364,0.14048913043478262,0.0019342359767891683,0.9980657640232108,0.2940038684719536,0.7040618955512572
10106,10,106,2719,454,2,452,165,287,0.16697315189407871,0.004405286343612335,0.9955947136563876,0.3634361233480176,0.6321585903083701
10107,10,107,3718,496,2,494,169,325,0.13340505648197956,0.004032258064516129,0.9959677419354839,0.3407258064516129,0.655241935483871
10201,10,201,4202,551,2,549,221,328,0.13112803426939554,0.003629764065335753,0.9963702359346642,0.4010889292196007,0.5952813067150635
10202,10,202,3506,406,1,405,129,276,0.11580148317170565,0.0024630541871921183,0.9975369458128078,0.31773399014778325,0.6798029556650246
10203,10,203,3489,455,0,455,184,271,0.13040985955861278,0.0,1.0,0.4043956043956044,0.5956043956043956
10204,10,204,3732,466,0,466,160,306,0.12486602357984995,0.0,1.0,0.34334763948497854,0.6566523605150214
10205,10,205,2386,429,0,429,152,277,0.17979882648784576,0.0,1.0,0.3543123543123543,0.6456876456876457
10206,10,206,3120,560,2,558,170,388,0.1794871794871795,0.0035714285714285713,0.9964285714285714,0.30357142857142855,0.6928571428571428
10207,10,207,4098,513,3,510,156,354,0.12518301610541727,0.005847953216374269,0.9941520467836257,0.30409356725146197,0.6900584795321637
10208,10,208,3522,675,1,674,200,474,0.19165247018739354,0.0014814814814814814,0.9985185185185185,0.2962962962962963,0.7022222222222222
10301,10,301,3929,661,0,661,217,444,0.16823619241537288,0.0,1.0,0.32829046898638425,0.6717095310136157
10302,10,302,2487,495,0,495,144,351,0.19903498190591074,0.0,1.0,0.2909090909090909,0.7090909090909091
10303,10,303,3936,778,1,777,234,543,0.19766260162601626,0.0012853470437017994,0.9987146529562982,0.30077120822622105,0.6979434447300771
10304,10,304,4355,869,1,868,252,616,0.19954075774971297,0.0011507479861910242,0.998849252013809,0.2899884925201381,0.7088607594936709
10305,10,305,4145,612,0,612,210,402,0.1476477683956574,0.0,1.0,0.3431372549019608,0.6568627450980392
10306,10,306,1633,333,0,333,105,228,0.2039191671769749,0.0,1.0,0.3153153153153153,0.6846846846846847
10307,10,307,4009,432,0,432,158,274,0.1077575455225742,0.0,1.0,0.36574074074074076,0.6342592592592593
10308,10,308,3739,483,3,480,151,329,0.12917892484621557,0.006211180124223602,0.9937888198757764,0.31262939958592134,0.6811594202898551
10309,10,309,3889,387,2,385,139,246,0.09951144253021342,0.00516795865633075,0.9948320413436692,0.35917312661498707,0.6356589147286822
10401,10,401,4245,710,1,709,197,512,0.16725559481743227,0.0014084507042253522,0.9985915492957746,0.2774647887323944,0.7211267605633803
10402,10,402,3765,792,4,788,231,557,0.2103585657370518,0.005050505050505051,0.9949494949494949,0.2916666666666667,0.7032828282828283
10403,10,403,4319,944,2,942,331,611,0.21856911322065292,0.00211864406779661,0.9978813559322034,0.350635593220339,0.6472457627118644
10404,10,404,3738,851,0,851,375,476,0.22766185125735688,0.0,1.0,0.4406580493537015,0.5593419506462984
10405,10,405,3062,425,2,423,141,282,0.1387981711299804,0.004705882352941176,0.9952941176470588,0.33176470588235296,0.6635294117647059
10406,10,406,1143,232,0,232,63,169,0.20297462817147857,0.0,1.0,0.27155172413793105,0.728448275862069
10407,10,407,1165,341,0,341,125,216,0.2927038626609442,0.0,1.0,0.36656891495601174,0.6334310850439883
10408,10,408,2394,660,0,660,215,445,0.2756892230576441,0.0,1.0,0.32575757575757575,0.6742424242424242
10409,10,409,2094,599,1,598,220,378,0.28605539637058264,0.001669449081803005,0.998330550918197,0.3672787979966611,0.6310517529215359
10410,10,410,1255,379,4,375,101,274,0.30199203187250995,0.010554089709762533,0.9894459102902374,0.26649076517150394,0.7229551451187335
10411,10,411,1384,366,1,365,128,237,0.26445086705202314,0.00273224043715847,0.9972677595628415,0.34972677595628415,0.6475409836065574
10501,10,501,3438,1027,6,1021,270,751,0.2987201861547411,0.005842259006815969,0.994157740993184,0.2629016553067186,0.7312560856864654
10502,10,502,1258,319,1,318,122,196,0.25357710651828297,0.003134796238244514,0.9968652037617555,0.3824451410658307,0.6144200626959248
10503,10,503,2549,673,0,673,222,451,0.26402510788544525,0.0,1.0,0.3298662704309064,0.6701337295690936
10504,10,504,2561,604,1,603,250,353,0.23584537290121046,0.0016556291390728477,0.9983443708609272,0.4139072847682119,0.5844370860927153
10505,10,505,2469,726,2,724,219,505,0.29404617253948967,0.0027548209366391185,0.9972451790633609,0.30165289256198347,0.6955922865013774
10506,10,506,2485,731,0,731,238,493,0.2941649899396378,0.0,1.0,0.32558139534883723,0.6744186046511628
10507,10,507,2527,668,0,668,205,463,0.26434507320933914,0.0,1.0,0.3068862275449102,0.6931137724550899
10508,10,508,1261,380,1,379,120,259,0.3013481363996828,0.002631578947368421,0.9973684210526316,0.3157894736842105,0.6815789473684211
10509,10,509,2646,708,0,708,248,460,0.2675736961451247,0.0,1.0,0.3502824858757062,0.6497175141242938
10510,10,510,2486,596,1,595,197,398,0.23974255832662913,0.0016778523489932886,0.9983221476510067,0.33053691275167785,0.6677852348993288
10511,10,511,1120,244,0,244,76,168,0.21785714285714286,0.0,1.0,0.3114754098360656,0.6885245901639344
10512,10,512,2176,617,4,613,214,399,0.2835477941176471,0.006482982171799027,0.993517017828201,0.34683954619124796,0.646677471636953
10513,10,513,1054,265,1,264,95,169,0.2514231499051233,0.0037735849056603774,0.9962264150943396,0.3584905660377358,0.6377358490566037
10514,10,514,3701,976,4,972,308,664,0.26371251013239666,0.004098360655737705,0.9959016393442623,0.3155737704918033,0.680327868852459
10601,10,601,2291,352,0,352,130,222,0.15364469663902225,0.0,1.0,0.3693181818181818,0.6306818181818182
10602,10,602,2292,285,1,284,95,189,0.1243455497382199,0.0035087719298245615,0.9964912280701754,0.3333333333333333,0.6631578947368421
10603,10,603,2649,498,1,497,146,351,0.18799546998867497,0.002008032128514056,0.9979919678714859,0.2931726907630522,0.7048192771084337
10604,10,604,2815,457,0,457,155,302,0.16234458259325044,0.0,1.0,0.33916849015317285,0.6608315098468271
10605,10,605,2606,335,4,331,111,220,0.12854950115118957,0.011940298507462687,0.9880597014925373,0.33134328358208953,0.6567164179104478
10606,10,606,2350,337,2,335,131,204,0.14340425531914894,0.005934718100890208,0.9940652818991098,0.3887240356083086,0.6053412462908012
10607,10,607,1952,361,0,361,97,264,0.18493852459016394,0.0,1.0,0.26869806094182824,0.7313019390581718
10608,10,608,2828,625,1,624,199,425,0.221004243281471,0.0016,0.9984,0.3184,0.68
10609,10,609,725,194,2,192,67,125,0.2675862068965517,0.010309278350515464,0.9896907216494846,0.34536082474226804,0.6443298969072165
10610,10,610,1044,293,1,292,117,175,0.28065134099616856,0.0034129692832764505,0.9965870307167235,0.3993174061433447,0.5972696245733788
10611,10,611,1891,435,0,435,135,300,0.23003701745108407,0.0,1.0,0.3103448275862069,0.6896551724137931
10612,10,612,2242,573,2,571,198,373,0.25557537912578054,0.0034904013961605585,0.9965095986038395,0.34554973821989526,0.6509598603839442
10613,10,613,2789,518,3,515,173,342,0.18572965220509144,0.005791505791505791,0.9942084942084942,0.333976833976834,0.6602316602316602
10701,10,701,1722,234,0,234,83,151,0.13588850174216027,0.0,1.0,0.3547008547008547,0.6452991452991453
10702,10,702,3615,436,1,435,155,280,0.12060857538035961,0.0022935779816513763,0.9977064220183486,0.3555045871559633,0.6422018348623854
10703,10,703,3366,332,0,332,121,211,0.09863339275103981,0.0,1.0,0.3644578313253012,0.6355421686746988
10704,10,704,2460,312,0,312,92,220,0.12682926829268293,0.0,1.0,0.2948717948717949,0.7051282051282052
10705,10,705,1624,207,0,207,76,131,0.12746305418719212,0.0,1.0,0.3671497584541063,0.6328502415458938
10706,10,706,2096,371,2,369,121,248,0.17700381679389313,0.005390835579514825,0.9946091644204852,0.3261455525606469,0.6684636118598383
10707,10,707,3415,582,4,578,180,398,0.17042459736456808,0.006872852233676976,0.993127147766323,0.30927835051546393,0.6838487972508591
10708,10,708,2603,382,1,381,116,265,0.14675374567806376,0.002617801047120419,0.9973821989528796,0.3036649214659686,0.693717277486911
10709,10,709,3482,429,1,428,166,262,0.12320505456634118,0.002331002331002331,0.9976689976689976,0.38694638694638694,0.6107226107226107
10710,10,710,2080,274,0,274,85,189,0.13173076923076923,0.0,1.0,0.3102189781021898,0.6897810218978102
111A ,11,1A ,0,1099,2,1097,370,727,inf,0.0018198362147406734,0.9981801637852593,0.33666969972702454,0.6615104640582348
111B ,11,1B ,0,1221,2,1219,368,851,inf,0.001638001638001638,0.9983619983619983,0.3013923013923014,0.696969696969697
111C ,11,1C ,0,1174,1,1173,325,848,inf,0.0008517887563884157,0.9991482112436116,0.2768313458262351,0.7223168654173765
111D ,11,1D ,0,1221,3,1218,349,869,inf,0.002457002457002457,0.9975429975429976,0.2858312858312858,0.7117117117117117
111E ,11,1E ,0,1042,2,1040,297,743,inf,0.0019193857965451055,0.9980806142034548,0.28502879078694815,0.7130518234165067
111F ,11,1F ,0,991,5,986,242,744,inf,0.005045408678102927,0.9949545913218971,0.24419778002018164,0.7507568113017155
111G ,11,1G ,0,1155,0,1155,338,817,inf,0.0,1.0,0.29264069264069265,0.7073593073593074
111H ,11,1H ,0,1200,1,1199,381,818,inf,0.0008333333333333334,0.9991666666666666,0.3175,0.6816666666666666
111J ,11,1J ,0,1188,2,1186,405,781,inf,0.0016835016835016834,0.9983164983164983,0.3409090909090909,0.6574074074074074
111K ,11,1K ,0,1905,5,1900,637,1263,inf,0.0026246719160104987,0.9973753280839895,0.33438320209973754,0.662992125984252
11101,11,101,1498,249,1,248,69,179,0.16622162883845126,0.004016064257028112,0.9959839357429718,0.27710843373493976,0.7188755020080321
11102,11,102,1155,245,0,245,57,188,0.21212121212121213,0.0,1.0,0.23265306122448978,0.7673469387755102
11103,11,103,3338,608,1,607,168,439,0.18214499700419412,0.001644736842105263,0.9983552631578947,0.27631578947368424,0.7220394736842105
11104,11,104,3250,353,0,353,145,208,0.10861538461538461,0.0,1.0,0.41076487252124644,0.5892351274787535
11109,11,109,3398,538,2,536,177,359,0.1583284284873455,0.0037174721189591076,0.9962825278810409,0.32899628252788105,0.6672862453531598
11112,11,112,2976,457,1,456,120,336,0.15356182795698925,0.002188183807439825,0.9978118161925602,0.26258205689277897,0.7352297592997812
11115,11,115,3320,421,0,421,153,268,0.12680722891566265,0.0,1.0,0.36342042755344417,0.6365795724465558
11116,11,116,3224,586,0,586,170,416,0.18176178660049627,0.0,1.0,0.2901023890784983,0.7098976109215017
11121,11,121,3651,506,0,506,162,344,0.1385921665297179,0.0,1.0,0.3201581027667984,0.6798418972332015
11124,11,124,3445,409,1,408,145,263,0.11872278664731495,0.0024449877750611247,0.9975550122249389,0.3545232273838631,0.6430317848410758
11127,11,127,2652,363,2,361,126,235,0.13687782805429866,0.005509641873278237,0.9944903581267218,0.34710743801652894,0.6473829201101928
11201,11,201,1150,207,1,206,51,155,0.18,0.004830917874396135,0.9951690821256038,0.2463768115942029,0.748792270531401
11202,11,202,2316,420,1,419,139,280,0.18134715025906736,0.002380952380952381,0.9976190476190476,0.33095238095238094,0.6666666666666666
11204,11,204,2966,427,2,425,120,305,0.14396493594066082,0.00468384074941452,0.9953161592505855,0.2810304449648712,0.7142857142857143
11207,11,207,2373,327,0,327,100,227,0.13780025284450062,0.0,1.0,0.3058103975535168,0.6941896024464832
11209,11,209,2153,358,0,358,102,256,0.1662796098467255,0.0,1.0,0.2849162011173184,0.7150837988826816
11211,11,211,3344,754,2,752,230,522,0.22547846889952153,0.002652519893899204,0.9973474801061007,0.3050397877984085,0.6923076923076923
11212,11,212,3446,716,0,716,226,490,0.2077771329077191,0.0,1.0,0.31564245810055863,0.6843575418994413
11215,11,215,1859,323,0,323,108,215,0.17374932759548145,0.0,1.0,0.33436532507739936,0.6656346749226006
11217,11,217,3053,587,0,587,175,412,0.19226989846053064,0.0,1.0,0.2981260647359455,0.7018739352640545
11221,11,221,3401,837,3,834,213,621,0.24610408703322553,0.0035842293906810036,0.996415770609319,0.25448028673835127,0.7419354838709677
11222,11,222,2890,608,1,607,191,416,0.21038062283737025,0.001644736842105263,0.9983552631578947,0.31414473684210525,0.6842105263157895
11225,11,225,2111,442,1,441,115,326,0.20937944102321174,0.0022624434389140274,0.997737556561086,0.26018099547511314,0.7375565610859729
11228,11,228,2335,422,0,422,115,307,0.18072805139186296,0.0,1.0,0.2725118483412322,0.7274881516587678
11301,11,301,2360,466,1,465,148,317,0.19745762711864406,0.002145922746781116,0.9978540772532188,0.31759656652360513,0.6802575107296137
11303,11,303,2346,344,1,343,140,203,0.1466325660699062,0.0029069767441860465,0.997093023255814,0.4069767441860465,0.5901162790697675
11305,11,305,2236,341,0,341,95,246,0.15250447227191413,0.0,1.0,0.2785923753665689,0.7214076246334311
11306,11,306,2141,367,1,366,118,248,0.17141522652965904,0.0027247956403269754,0.997275204359673,0.3215258855585831,0.6757493188010899
11308,11,308,3244,566,1,565,214,351,0.17447595561035759,0.0017667844522968198,0.9982332155477032,0.37809187279151946,0.6201413427561837
11311,11,311,3111,381,0,381,128,253,0.12246865959498554,0.0,1.0,0.3359580052493438,0.6640419947506562
11315,11,315,2904,412,0,412,165,247,0.1418732782369146,0.0,1.0,0.40048543689320387,0.5995145631067961
11318,11,318,2453,485,2,483,150,333,0.19771708112515288,0.004123711340206186,0.9958762886597938,0.30927835051546393,0.6865979381443299
11320,11,320,2536,557,1,556,192,364,0.2196372239747634,0.0017953321364452424,0.9982046678635548,0.34470377019748655,0.6535008976660682
11322,11,322,2154,304,2,302,102,200,0.14113277623026926,0.006578947368421052,0.993421052631579,0.3355263157894737,0.6578947368421053
11323,11,323,3157,607,1,606,198,408,0.1922711434906557,0.0016474464579901153,0.9983525535420099,0.3261943986820428,0.6721581548599671
11327,11,327,1006,73,1,72,29,43,0.07256461232604373,0.0136986301369863,0.9863013698630136,0.3972602739726027,0.589041095890411
11328,11,328,2023,342,0,342,103,239,0.1690558576371725,0.0,1.0,0.30116959064327486,0.6988304093567251
11330,11,330,1975,372,0,372,96,276,0.18835443037974683,0.0,1.0,0.25806451612903225,0.7419354838709677
11401,11,401,3753,702,2,700,228,472,0.18705035971223022,0.002849002849002849,0.9971509971509972,0.3247863247863248,0.6723646723646723
11405,11,405,3938,801,1,800,236,564,0.20340274250888776,0.0012484394506866417,0.9987515605493134,0.29463171036204744,0.704119850187266
11409,11,409,3767,715,0,715,258,457,0.1898062118396602,0.0,1.0,0.36083916083916084,0.6391608391608392
11412,11,412,2924,461,2,459,140,319,0.15766073871409028,0.004338394793926247,0.9956616052060737,0.3036876355748373,0.6919739696312365
11415,11,415,3554,670,2,668,231,437,0.18851997749015195,0.0029850746268656717,0.9970149253731343,0.3447761194029851,0.6522388059701493
11416,11,416,3785,645,0,645,163,482,0.17040951122853368,0.0,1.0,0.2527131782945736,0.7472868217054264
11420,11,420,2841,503,1,502,144,358,0.17705033438929954,0.0019880715705765406,0.9980119284294234,0.28628230616302186,0.7117296222664016
11424,11,424,3988,660,4,656,217,439,0.16549648946840523,0.006060606060606061,0.9939393939393939,0.3287878787878788,0.6651515151515152
11428,11,428,3378,774,0,774,250,524,0.2291296625222025,0.0,1.0,0.32299741602067183,0.6770025839793282
11431,11,431,3921,742,0,742,172,570,0.18923743942871715,0.0,1.0,0.23180592991913745,0.7681940700808625
11501,11,501,2645,485,1,484,141,343,0.1833648393194707,0.002061855670103093,0.9979381443298969,0.2907216494845361,0.7072164948453609
11503,11,503,1935,313,0,313,116,197,0.16175710594315246,0.0,1.0,0.3706070287539936,0.6293929712460063
11505,11,505,3254,448,1,447,170,277,0.13767670559311618,0.002232142857142857,0.9977678571428571,0.3794642857142857,0.6183035714285714
11506,11,506,2566,411,1,410,169,241,0.16017147310989868,0.0024330900243309003,0.9975669099756691,0.41119221411192214,0.5863746958637469
11508,11,508,2655,464,2,462,164,298,0.17476459510357814,0.004310344827586207,0.9956896551724138,0.35344827586206895,0.6422413793103449
11509,11,509,3495,640,1,639,215,424,0.18311874105865522,0.0015625,0.9984375,0.3359375,0.6625
11510,11,510,3631,744,2,742,242,500,0.20490223079041586,0.002688172043010753,0.9973118279569892,0.32526881720430106,0.6720430107526881
11513,11,513,2418,346,2,344,113,231,0.14309346567411083,0.005780346820809248,0.9942196531791907,0.3265895953757225,0.6676300578034682
11514,11,514,2267,332,1,331,114,217,0.14644905161005733,0.0030120481927710845,0.9969879518072289,0.3433734939759036,0.6536144578313253
11516,11,516,2088,296,2,294,117,177,0.1417624521072797,0.006756756756756757,0.9932432432432432,0.3952702702702703,0.597972972972973
11521,11,521,3063,605,2,603,162,441,0.19751877244531504,0.003305785123966942,0.996694214876033,0.26776859504132233,0.7289256198347107
11524,11,524,3326,650,1,649,175,474,0.19542994588093807,0.0015384615384615385,0.9984615384615385,0.2692307692307692,0.7292307692307692
11601,11,601,3786,908,1,907,203,704,0.2398309561542525,0.0011013215859030838,0.998898678414097,0.22356828193832598,0.775330396475771
11604,11,604,3444,681,1,680,219,461,0.19773519163763068,0.0014684287812041115,0.9985315712187959,0.32158590308370044,0.6769456681350955
11605,11,605,3392,749,1,748,157,591,0.22081367924528303,0.0013351134846461949,0.9986648865153538,0.2096128170894526,0.7890520694259012
11608,11,608,2144,455,3,452,108,344,0.21222014925373134,0.006593406593406593,0.9934065934065934,0.23736263736263735,0.756043956043956
11610,11,610,2589,551,4,547,164,383,0.21282348397064504,0.007259528130671506,0.9927404718693285,0.29764065335753176,0.6950998185117967
11614,11,614,3002,634,1,633,199,434,0.2111925383077948,0.0015772870662460567,0.998422712933754,0.3138801261829653,0.6845425867507886
11617,11,617,2867,770,0,770,244,526,0.26857342169515175,0.0,1.0,0.3168831168831169,0.6831168831168831
11620,11,620,2342,744,1,743,215,528,0.31767719897523483,0.0013440860215053765,0.9986559139784946,0.28897849462365593,0.7096774193548387
11622,11,622,1921,558,0,558,141,417,0.29047371160853724,0.0,1.0,0.25268817204301075,0.7473118279569892
11624,11,624,2924,848,4,844,216,628,0.29001367989056087,0.0047169811320754715,0.9952830188679245,0.25471698113207547,0.7405660377358491
11627,11,627,1455,485,0,485,96,389,0.3333333333333333,0.0,1.0,0.1979381443298969,0.8020618556701031
11628,11,628,2476,813,2,811,208,603,0.32835218093699514,0.0024600246002460025,0.997539975399754,0.25584255842558423,0.7416974169741697
11630,11,630,1719,606,0,606,206,400,0.3525305410122164,0.0,1.0,0.33993399339933994,0.6600660066006601
121A ,12,1A ,0,807,1,806,645,161,inf,0.0012391573729863693,0.9987608426270136,0.7992565055762082,0.19950433705080545
121B ,12,1B ,0,784,21,763,607,156,inf,0.026785714285714284,0.9732142857142857,0.7742346938775511,0.1989795918367347
121C ,12,1C ,0,788,0,788,629,159,inf,0.0,1.0,0.7982233502538071,0.2017766497461929
121D ,12,1D ,0,707,1,706,551,155,inf,0.0014144271570014145,0.9985855728429985,0.7793493635077794,0.21923620933521923
121E ,12,1E ,0,766,0,766,634,132,inf,0.0,1.0,0.8276762402088773,0.17232375979112272
121F ,12,1F ,0,777,3,774,597,177,inf,0.003861003861003861,0.9961389961389961,0.7683397683397684,0.2277992277992278
121G ,12,1G ,0,775,0,775,621,154,inf,0.0,1.0,0.8012903225806451,0.19870967741935483
121H ,12,1H ,0,769,0,769,617,152,inf,0.0,1.0,0.8023407022106632,0.1976592977893368
121I ,12,1I ,0,768,3,765,597,168,inf,0.00390625,0.99609375,0.77734375,0.21875
121K ,12,1K ,0,808,1,807,643,164,inf,0.0012376237623762376,0.9987623762376238,0.7957920792079208,0.20297029702970298
121L ,12,1L ,0,763,0,763,601,162,inf,0.0,1.0,0.7876802096985583,0.21231979030144169
121M ,12,1M ,0,761,0,761,595,166,inf,0.0,1.0,0.7818659658344284,0.21813403416557162
121N ,12,1N ,0,721,0,721,607,114,inf,0.0,1.0,0.841886269070735,0.15811373092926492
121O ,12,1O ,0,761,0,761,582,179,inf,0.0,1.0,0.7647831800262812,0.2352168199737188
121P ,12,1P ,0,775,1,774,616,158,inf,0.0012903225806451613,0.9987096774193548,0.7948387096774193,0.20387096774193547
121Q ,12,1Q ,0,781,2,779,654,125,inf,0.002560819462227913,0.9974391805377721,0.8373879641485276,0.16005121638924455
121R ,12,1R ,0,764,1,763,605,158,inf,0.0013089005235602095,0.9986910994764397,0.7918848167539267,0.20680628272251309
121S ,12,1S ,0,768,2,766,592,174,inf,0.0026041666666666665,0.9973958333333334,0.7708333333333334,0.2265625
121T ,12,1T ,0,759,1,758,576,182,inf,0.0013175230566534915,0.9986824769433466,0.758893280632411,0.23978919631093545
121U ,12,1U ,0,835,5,830,663,167,inf,0.005988023952095809,0.9940119760479041,0.7940119760479042,0.2
121V ,12,1V ,0,768,2,766,595,171,inf,0.0026041666666666665,0.9973958333333334,0.7747395833333334,0.22265625
121W ,12,1W ,0,774,0,774,601,173,inf,0.0,1.0,0.7764857881136951,0.2235142118863049
121X ,12,1X ,0,765,0,765,597,168,inf,0.0,1.0,0.7803921568627451,0.2196078431372549
121Y ,12,1Y ,0,778,0,778,629,149,inf,0.0,1.0,0.8084832904884319,0.19151670951156813
12101,12,101,2306,691,0,691,522,169,0.2996530789245447,0.0,1.0,0.7554269175108539,0.24457308248914617
12102,12,102,1552,430,0,430,333,97,0.2770618556701031,0.0,1.0,0.7744186046511627,0.2255813953488372
12106,12,106,1991,456,1,455,333,122,0.2290306378704169,0.0021929824561403508,0.9978070175438597,0.7302631578947368,0.2675438596491228
12107,12,107,1221,429,0,429,296,133,0.35135135135135137,0.0,1.0,0.6899766899766899,0.31002331002331
12108,12,108,2211,583,1,582,446,136,0.263681592039801,0.0017152658662092624,0.9982847341337907,0.7650085763293311,0.2332761578044597
12109,12,109,608,143,1,142,110,32,0.23519736842105263,0.006993006993006993,0.993006993006993,0.7692307692307693,0.22377622377622378
12110,12,110,509,132,0,132,108,24,0.2593320235756385,0.0,1.0,0.8181818181818182,0.18181818181818182
12111,12,111,1751,448,0,448,336,112,0.25585379782981155,0.0,1.0,0.75,0.25
12114,12,114,3107,918,1,917,705,212,0.2954618603154168,0.0010893246187363835,0.9989106753812637,0.7679738562091504,0.23093681917211328
12117,12,117,936,300,0,300,229,71,0.32051282051282054,0.0,1.0,0.7633333333333333,0.23666666666666666
12119,12,119,1523,358,1,357,258,99,0.2350623768877216,0.002793296089385475,0.9972067039106145,0.7206703910614525,0.276536312849162
12120,12,120,1516,414,2,412,314,98,0.27308707124010556,0.004830917874396135,0.9951690821256038,0.7584541062801933,0.23671497584541062
12122,12,122,1254,353,1,352,261,91,0.28149920255183414,0.0028328611898017,0.9971671388101983,0.7393767705382436,0.2577903682719547
12124,12,124,2532,615,2,613,450,163,0.24289099526066352,0.0032520325203252032,0.9967479674796748,0.7317073170731707,0.26504065040650404
12129,12,129,2438,555,1,554,434,120,0.2276456111566858,0.0018018018018018018,0.9981981981981982,0.781981981981982,0.21621621621621623
12133,12,133,2080,508,1,507,395,112,0.24423076923076922,0.001968503937007874,0.9980314960629921,0.7775590551181102,0.2204724409448819
12135,12,135,2395,555,1,554,428,126,0.23173277661795408,0.0018018018018018018,0.9981981981981982,0.7711711711711712,0.22702702702702704
12201,12,201,1706,557,0,557,443,114,0.3264947245017585,0.0,1.0,0.7953321364452424,0.20466786355475763
12203,12,203,1911,564,2,562,424,138,0.29513343799058084,0.0035460992907801418,0.9964539007092199,0.75177304964539,0.24468085106382978
12205,12,205,2974,1089,1,1088,770,318,0.36617350369872226,0.0009182736455463728,0.9990817263544536,0.7070707070707071,0.29201101928374656
12209,12,209,830,221,0,221,155,66,0.26626506024096386,0.0,1.0,0.7013574660633484,0.2986425339366516
12210,12,210,2841,728,1,727,562,165,0.25624780007039777,0.0013736263736263737,0.9986263736263736,0.771978021978022,0.22664835164835165
12212,12,212,1609,459,2,457,361,96,0.2852703542573027,0.004357298474945534,0.9956427015250545,0.7864923747276689,0.20915032679738563
12213,12,213,1706,536,2,534,420,114,0.3141852286049238,0.0037313432835820895,0.996268656716418,0.7835820895522388,0.2126865671641791
12214,12,214,2550,747,0,747,584,163,0.29294117647058826,0.0,1.0,0.7817938420348058,0.2182061579651941
12215,12,215,2302,730,1,729,551,178,0.317115551694179,0.0013698630136986301,0.9986301369863013,0.7547945205479452,0.24383561643835616
12222,12,222,1783,509,2,507,411,96,0.2854739203589456,0.003929273084479371,0.9960707269155207,0.8074656188605108,0.18860510805500982
12224,12,224,2813,768,2,766,594,172,0.27301813011020265,0.0026041666666666665,0.9973958333333334,0.7734375,0.22395833333333334
12227,12,227,1687,474,0,474,367,107,0.2809721398933017,0.0,1.0,0.7742616033755274,0.22573839662447256
12228,12,228,1549,360,0,360,260,100,0.23240800516462234,0.0,1.0,0.7222222222222222,0.2777777777777778
12229,12,229,760,150,0,150,119,31,0.19736842105263158,0.0,1.0,0.7933333333333333,0.20666666666666667
12233,12,233,1212,281,0,281,206,75,0.23184818481848185,0.0,1.0,0.7330960854092526,0.2669039145907473
12234,12,234,607,174,0,174,128,46,0.28665568369028005,0.0,1.0,0.735632183908046,0.26436781609195403
12236,12,236,584,263,1,262,179,83,0.4503424657534247,0.0038022813688212928,0.9961977186311787,0.6806083650190115,0.3155893536121673
12237,12,237,413,107,1,106,91,15,0.25907990314769974,0.009345794392523364,0.9906542056074766,0.8504672897196262,0.14018691588785046
12239,12,239,320,111,0,111,77,34,0.346875,0.0,1.0,0.6936936936936937,0.3063063063063063
12301,12,301,2165,918,1,917,705,212,0.4240184757505774,0.0010893246187363835,0.9989106753812637,0.7679738562091504,0.23093681917211328
12303,12,303,2073,824,2,822,629,193,0.39749155812831644,0.0024271844660194173,0.9975728155339806,0.7633495145631068,0.2342233009708738
12305,12,305,679,285,0,285,216,69,0.41973490427098675,0.0,1.0,0.7578947368421053,0.24210526315789474
12306,12,306,2918,1225,1,1224,882,342,0.41980808773132283,0.0008163265306122449,0.9991836734693877,0.72,0.27918367346938777
12310,12,310,1825,691,2,689,493,196,0.3786301369863014,0.002894356005788712,0.9971056439942113,0.7134587554269175,0.28364688856729375
12311,12,311,1336,565,0,565,427,138,0.42290419161676646,0.0,1.0,0.7557522123893805,0.24424778761061947
12313,12,313,1068,431,3,428,327,101,0.4035580524344569,0.0069605568445475635,0.9930394431554525,0.7587006960556845,0.23433874709976799
12314,12,314,1922,805,2,803,602,201,0.41883454734651404,0.002484472049689441,0.9975155279503105,0.7478260869565218,0.2496894409937888
12316,12,316,843,357,0,357,283,74,0.4234875444839858,0.0,1.0,0.7927170868347339,0.20728291316526612
12318,12,318,2137,903,0,903,672,231,0.42255498362189986,0.0,1.0,0.7441860465116279,0.2558139534883721
12320,12,320,1876,693,3,690,479,211,0.3694029850746269,0.004329004329004329,0.9956709956709957,0.6911976911976911,0.30447330447330445
12322,12,322,2701,1109,2,1107,805,302,0.41058867086264345,0.0018034265103697023,0.9981965734896303,0.7258791704238052,0.2723174030658251
12324,12,324,2342,790,2,788,571,217,0.3373185311699402,0.002531645569620253,0.9974683544303797,0.7227848101265822,0.2746835443037975
12328,12,328,928,295,1,294,225,69,0.31788793103448276,0.003389830508474576,0.9966101694915255,0.7627118644067796,0.23389830508474577
12329,12,329,2869,842,2,840,644,196,0.29348204949459744,0.0023752969121140144,0.997624703087886,0.7648456057007126,0.2327790973871734
12330,12,330,1653,466,0,466,394,72,0.28191167574107684,0.0,1.0,0.8454935622317596,0.15450643776824036
12332,12,332,1024,330,0,330,266,64,0.322265625,0.0,1.0,0.806060606060606,0.19393939393939394
12337,12,337,243,95,0,95,45,50,0.39094650205761317,0.0,1.0,0.47368421052631576,0.5263157894736842
12401,12,401,2272,782,0,782,574,208,0.34419014084507044,0.0,1.0,0.7340153452685422,0.2659846547314578
12402,12,402,2561,753,4,749,619,130,0.2940257711831316,0.005312084993359893,0.9946879150066401,0.8220451527224436,0.17264276228419656
12406,12,406,1821,555,1,554,428,126,0.30477759472817134,0.0018018018018018018,0.9981981981981982,0.7711711711711712,0.22702702702702704
12408,12,408,942,325,0,325,222,103,0.34501061571125263,0.0,1.0,0.683076923076923,0.3169230769230769
12409,12,409,970,360,0,360,237,123,0.3711340206185567,0.0,1.0,0.6583333333333333,0.3416666666666667
12410,12,410,695,231,0,231,191,40,0.33237410071942447,0.0,1.0,0.8268398268398268,0.17316017316017315
12411,12,411,1975,790,2,788,654,134,0.4,0.002531645569620253,0.9974683544303797,0.8278481012658228,0.16962025316455695
12413,12,413,1202,510,0,510,369,141,0.4242928452579035,0.0,1.0,0.7235294117647059,0.27647058823529413
12414,12,414,1731,702,1,701,493,208,0.4055459272097054,0.0014245014245014246,0.9985754985754985,0.7022792022792023,0.2962962962962963
12415,12,415,1423,397,0,397,310,87,0.27898805340829236,0.0,1.0,0.7808564231738035,0.21914357682619648
12416,12,416,2698,872,2,870,678,192,0.32320237212750186,0.0022935779816513763,0.9977064220183486,0.7775229357798165,0.22018348623853212
12417,12,417,1814,601,2,599,434,165,0.33131201764057333,0.0033277870216306157,0.9966722129783694,0.7221297836938436,0.27454242928452577
12420,12,420,1041,346,0,346,254,92,0.3323727185398655,0.0,1.0,0.7341040462427746,0.2658959537572254
12424,12,424,2320,726,0,726,533,193,0.3129310344827586,0.0,1.0,0.7341597796143251,0.26584022038567495
12425,12,425,2390,744,2,742,581,161,0.3112970711297071,0.002688172043010753,0.9973118279569892,0.7809139784946236,0.2163978494623656
12428,12,428,2938,952,3,949,739,210,0.32402995234853643,0.0031512605042016808,0.9968487394957983,0.7762605042016807,0.22058823529411764
12433,12,433,791,318,0,318,237,81,0.4020227560050569,0.0,1.0,0.7452830188679245,0.25471698113207547
12434,12,434,1821,664,0,664,494,170,0.3646348160351455,0.0,1.0,0.7439759036144579,0.2560240963855422
12438,12,438,2276,724,0,724,547,177,0.3181019332161687,0.0,1.0,0.755524861878453,0.24447513812154695
12440,12,440,733,249,0,249,193,56,0.339699863574352,0.0,1.0,0.7751004016064257,0.2248995983935743
12501,12,501,1800,797,0,797,585,212,0.44277777777777777,0.0,1.0,0.7340025094102886,0.2659974905897114
12502,12,502,1262,519,0,519,425,94,0.4112519809825674,0.0,1.0,0.8188824662813102,0.1811175337186898
12503,12,503,919,315,0,315,269,46,0.34276387377584333,0.0,1.0,0.8539682539682539,0.14603174603174604
12505,12,505,2515,712,0,712,611,101,0.2831013916500994,0.0,1.0,0.8581460674157303,0.14185393258426968
12506,12,506,1859,583,0,583,476,107,0.3136094674556213,0.0,1.0,0.8164665523156089,0.1835334476843911
12507,12,507,2198,644,0,644,547,97,0.2929936305732484,0.0,1.0,0.8493788819875776,0.15062111801242237
12509,12,509,1680,446,0,446,380,66,0.2654761904761905,0.0,1.0,0.852017937219731,0.14798206278026907
12514,12,514,1649,490,1,489,406,83,0.2971497877501516,0.0020408163265306124,0.9979591836734694,0.8285714285714286,0.16938775510204082
12517,12,517,2414,639,2,637,537,100,0.2647058823529412,0.003129890453834116,0.9968701095461658,0.8403755868544601,0.1564945226917058
12518,12,518,2227,524,2,522,430,92,0.23529411764705882,0.003816793893129771,0.9961832061068703,0.8206106870229007,0.17557251908396945
12521,12,521,1788,457,2,455,401,54,0.25559284116331094,0.00437636761487965,0.9956236323851203,0.8774617067833698,0.11816192560175055
12525,12,525,795,224,0,224,187,37,0.28176100628930817,0.0,1.0,0.8348214285714286,0.16517857142857142
12526,12,526,1758,486,0,486,411,75,0.2764505119453925,0.0,1.0,0.845679012345679,0.15432098765432098
12527,12,527,1407,392,0,392,314,78,0.27860696517412936,0.0,1.0,0.8010204081632653,0.1989795918367347
12529,12,529,3227,1096,0,1096,902,194,0.3396343352959405,0.0,1.0,0.822992700729927,0.177007299270073
12533,12,533,880,237,1,236,198,38,0.26931818181818185,0.004219409282700422,0.9957805907172996,0.8354430379746836,0.16033755274261605
12601,12,601,291,119,1,118,87,31,0.40893470790378006,0.008403361344537815,0.9915966386554622,0.7310924369747899,0.2605042016806723
12602,12,602,2132,958,1,957,693,264,0.44934333958724204,0.0010438413361169101,0.9989561586638831,0.7233820459290188,0.2755741127348643
12603,12,603,1648,681,1,680,528,152,0.41322815533980584,0.0014684287812041115,0.9985315712187959,0.775330396475771,0.22320117474302498
12604,12,604,2038,919,1,918,708,210,0.45093228655544654,0.001088139281828074,0.998911860718172,0.7704026115342764,0.22850924918389554
12608,12,608,2696,1054,0,1054,834,220,0.3909495548961424,0.0,1.0,0.7912713472485768,0.20872865275142316
12609,12,609,1572,655,1,654,511,143,0.4166666666666667,0.0015267175572519084,0.9984732824427481,0.7801526717557252,0.2183206106870229
12611,12,611,2226,972,0,972,730,242,0.4366576819407008,0.0,1.0,0.7510288065843621,0.24897119341563786
12614,12,614,2524,803,0,803,590,213,0.3181458003169572,0.0,1.0,0.7347447073474471,0.26525529265255293
12617,12,617,2643,1082,1,1081,811,270,0.40938327657964435,0.0009242144177449168,0.9990757855822551,0.7495378927911276,0.24953789279112754
12619,12,619,1443,597,0,597,456,141,0.41372141372141374,0.0,1.0,0.7638190954773869,0.23618090452261306
12621,12,621,667,268,4,264,204,60,0.4017991004497751,0.014925373134328358,0.9850746268656716,0.7611940298507462,0.22388059701492538
12623,12,623,2652,1092,2,1090,822,268,0.4117647058823529,0.0018315018315018315,0.9981684981684982,0.7527472527472527,0.2454212454212454
12625,12,625,2250,925,1,924,674,250,0.4111111111111111,0.001081081081081081,0.9989189189189189,0.7286486486486486,0.2702702702702703
12628,12,628,1913,833,3,830,585,245,0.4354417145844224,0.003601440576230492,0.9963985594237695,0.7022809123649459,0.29411764705882354
12632,12,632,1421,653,4,649,496,153,0.4595355383532723,0.006125574272588055,0.9938744257274119,0.7595712098009189,0.2343032159264931
12633,12,633,970,422,1,421,308,113,0.4350515463917526,0.002369668246445498,0.9976303317535545,0.7298578199052133,0.2677725118483412
