id,district_id,electoral_district_id,eligible_voters,voters,invalid_votes,valid_votes,vote_yes,vote_no,voter_turnout,invalid_votes_percentage,valid_votes_percentage,vote_yes_percentage,vote_no_percentage
01100,01,100,1651,231,0,231,150,81,13.99152029073289,0.0,100.0,64.93506493506493,35.064935064935064
01101,01,101,1966,334,1,333,225,108,16.98880976602238,0.29940119760479045,99.7005988023952,67.36526946107784,32.33532934131736
01102,01,102,1242,199,2,197,128,69,16.022544283413847,1.0050251256281406,98.99497487437185,64.321608040201,34.67336683417086
01103,01,103,0,0,0,0,0,0,0.0,0.0,0.0,0.0,0.0
01104,01,104,1246,279,1,278,191,87,22.391653290529696,0.35842293906810035,99.6415770609319,68.45878136200717,31.182795698924732
01105,01,105,2022,436,0,436,329,107,21.562809099901088,0.0,100.0,75.45871559633028,24.541284403669724
01106,01,106,1437,288,0,288,185,103,20.041753653444676,0.0,100.0,64.23611111111111,35.76388888888889
01107,01,107,2151,373,4,369,255,114,17.340771734077173,1.0723860589812333,98.92761394101876,68.36461126005362,30.563002680965145
01108,01,108,0,0,0,0,0,0,0.0,0.0,0.0,0.0,0.0
01109,01,109,1079,142,1,141,73,68,13.160333642261355,0.7042253521126761,99.29577464788733,51.40845070422535,47.88732394366197
01110,01,110,1243,324,3,321,241,80,26.06596942880129,0.9259259259259258,99.07407407407408,74.38271604938271,24.691358024691358
01111,01,111,0,0,0,0,0,0,0.0,0.0,0.0,0.0,0.0
01112,01,112,1159,287,0,287,214,73,24.762726488352026,0.0,100.0,74.56445993031359,25.435540069686414
01113,01,113,1443,400,0,400,293,107,27.72002772002772,0.0,100.0,73.25,26.75
01114,01,114,1425,339,1,338,271,67,23.789473684210527,0.2949852507374631,99.70501474926253,79.9410029498525,19.76401179941003
01115,01,115,1560,342,1,341,218,123,21.923076923076923,0.29239766081871343,99.70760233918129,63.74269005847953,35.96491228070175
01116,01,116,0,0,0,0,0,0,0.0,0.0,0.0,0.0,0.0
01117,01,117,1324,362,2,360,293,67,27.341389728096676,0.5524861878453038,99.4475138121547,80.93922651933701,18.50828729281768
01118,01,118,1353,337,2,335,263,72,24.907612712490764,0.5934718100890208,99.40652818991099,78.04154302670622,21.364985163204746
01119,01,119,1913,454,1,453,334,119,23.732357553580762,0.22026431718061676,99.77973568281938,73.568281938326,26.21145374449339
01120,01,120,1011,250,0,250,187,63,24.727992087042534,0.0,100.0,74.8,25.2
01121,01,121,0,0,0,0,0,0,0.0,0.0,0.0,0.0,0.0
01122,01,122,2027,466,0,466,344,122,22.989639861864823,0.0,100.0,73.8197424892704,26.180257510729614
01123,01,123,0,0,0,0,0,0,0.0,0.0,0.0,0.0,0.0
01124,01,124,1267,194,0,194,118,76,15.311760063141278,0.0,100.0,60.824742268041234,39.175257731958766
01125,01,125,1463,257,2,255,181,74,17.566643882433354,0.7782101167315175,99.22178988326849,70.42801556420234,28.793774319066145
01200,01,200,2052,359,2,357,143,214,17.49512670565302,0.5571030640668524,99.44289693593315,39.83286908077994,59.610027855153206
01201,01,201,0,0,0,0,0,0,0.0,0.0,0.0,0.0,0.0
01202,01,202,1129,192,1,191,85,106,17.006200177147917,0.5208333333333333,99.47916666666666,44.27083333333333,55.208333333333336
01203,01,203,1543,195,2,193,92,101,12.637718729747247,1.0256410256410255,98.97435897435898,47.179487179487175,51.7948717948718
01204,01,204,1546,224,0,224,109,115,14.489003880983182,0.0,100.0,48.660714285714285,51.33928571428571
01205,01,205,2010,356,2,354,202,152,17.71144278606965,0.5617977528089888,99.43820224719101,56.74157303370787,42.69662921348314
01206,01,206,1294,203,1,202,108,94,15.687789799072643,0.49261083743842365,99.50738916256158,53.20197044334976,46.30541871921182
01207,01,207,1967,368,1,367,249,118,18.708693441789528,0.2717391304347826,99.72826086956522,67.66304347826086,32.065217391304344
01208,01,208,0,0,0,0,0,0,0.0,0.0,0.0,0.0,0.0
01209,01,209,1152,275,0,275,212,63,23.87152777777778,0.0,100.0,77.0909090909091,22.90909090909091
01210,01,210,1982,410,5,405,312,93,20.686175580222,1.2195121951219512,98.78048780487805,76.09756097560975,22.682926829268293
01211,01,211,0,0,0,0,0,0,0.0,0.0,0.0,0.0,0.0
01212,01,212,1457,298,0,298,202,96,20.452985586822237,0.0,100.0,67.78523489932886,32.21476510067114
01213,01,213,0,0,0,0,0,0,0.0,0.0,0.0,0.0,0.0
01214,01,214,815,96,0,96,55,41,11.779141104294478,0.0,100.0,57.291666666666664,42.70833333333333
01215,01,215,1843,382,0,382,169,213,20.727075420510037,0.0,100.0,44.24083769633508,55.75916230366492
01216,01,216,0,0,0,0,0,0,0.0,0.0,0.0,0.0,0.0
01217,01,217,1750,266,0,266,130,136,15.2,0.0,100.0,48.87218045112782,51.127819548872175
01218,01,218,936,173,0,173,75,98,18.482905982905983,0.0,100.0,43.35260115606936,56.64739884393064
01219,01,219,0,0,0,0,0,0,0.0,0.0,0.0,0.0,0.0
01220,01,220,1798,260,0,260,145,115,14.46051167964405,0.0,100.0,55.769230769230774,44.230769230769226
01221,01,221,1432,265,1,264,152,112,18.505586592178773,0.37735849056603776,99.62264150943396,57.35849056603774,42.26415094339623
01222,01,222,0,0,0,0,0,0,0.0,0.0,0.0,0.0,0.0
01223,01,223,1542,313,1,312,200,112,20.298313878080414,0.3194888178913738,99.68051118210862,63.897763578274756,35.78274760383386
01224,01,224,1280,213,0,213,110,103,16.640625,0.0,100.0,51.64319248826291,48.35680751173709
01225,01,225,1323,226,0,226,119,107,17.08238851095994,0.0,100.0,52.654867256637175,47.34513274336283
01226,01,226,0,0,0,0,0,0,0.0,0.0,0.0,0.0,0.0
01227,01,227,1487,329,1,328,227,101,22.125084061869536,0.303951367781155,99.69604863221885,68.9969604863222,30.69908814589666
01228,01,228,1194,211,0,211,112,99,17.67169179229481,0.0,100.0,53.08056872037915,46.91943127962085
01229,01,229,1053,222,0,222,150,72,21.082621082621085,0.0,100.0,67.56756756756756,32.432432432432435
01300,01,300,2144,385,4,381,289,92,17.957089552238806,1.0389610389610389,98.96103896103897,75.06493506493507,23.896103896103895
01301,01,301,0,0,0,0,0,0,0.0,0.0,0.0,0.0,0.0
01302,01,302,2005,343,2,341,218,123,17.1072319201995,0.5830903790087464,99.41690962099126,63.55685131195335,35.8600583090379
01303,01,303,0,0,0,0,0,0,0.0,0.0,0.0,0.0,0.0
01304,01,304,873,241,1,240,158,82,27.605956471935855,0.4149377593360996,99.5850622406639,65.56016597510373,34.024896265560166
01305,01,305,2172,447,2,445,279,166,20.58011049723757,0.44742729306487694,99.55257270693512,62.41610738255034,37.13646532438479
01306,01,306,1322,334,1,333,255,78,25.264750378214828,0.29940119760479045,99.7005988023952,76.34730538922156,23.353293413173652
01307,01,307,0,0,0,0,0,0,0.0,0.0,0.0,0.0,0.0
01308,01,308,1116,276,0,276,204,72,24.731182795698924,0.0,100.0,73.91304347826086,26.08695652173913
01309,01,309,2183,554,0,554,385,169,25.377920293174533,0.0,100.0,69.49458483754512,30.505415162454874
01310,01,310,0,0,0,0,0,0,0.0,0.0,0.0,0.0,0.0
01311,01,311,1772,380,6,374,279,95,21.44469525959368,1.5789473684210527,98.42105263157895,73.42105263157895,25.0
01312,01,312,0,0,0,0,0,0,0.0,0.0,0.0,0.0,0.0
01313,01,313,825,160,1,159,105,54,19.393939393939394,0.625,99.375,65.625,33.75
01314,01,314,1853,381,3,378,238,140,20.561252023745276,0.7874015748031495,99.21259842519686,62.46719160104986,36.74540682414698
01315,01,315,0,0,0,0,0,0,0.0,0.0,0.0,0.0,0.0
01316,01,316,1310,178,0,178,71,107,13.587786259541984,0.0,100.0,39.8876404494382,60.1123595505618
01317,01,317,1973,429,3,426,274,152,21.743537759756716,0.6993006993006993,99.3006993006993,63.86946386946387,35.43123543123543
01318,01,318,0,0,0,0,0,0,0.0,0.0,0.0,0.0,0.0
01319,01,319,1535,431,2,429,282,147,28.078175895765472,0.46403712296983757,99.53596287703016,65.4292343387471,34.106728538283065
01320,01,320,0,0,0,0,0,0,0.0,0.0,0.0,0.0,0.0
01321,01,321,2148,308,0,308,146,162,14.338919925512103,0.0,100.0,47.4025974025974,52.5974025974026
01322,01,322,0,0,0,0,0,0,0.0,0.0,0.0,0.0,0.0
01323,01,323,1136,257,1,256,120,136,22.62323943661972,0.38910505836575876,99.61089494163424,46.69260700389105,52.918287937743195
01324,01,324,1494,180,2,178,84,94,12.048192771084338,1.1111111111111112,98.88888888888889,46.666666666666664,52.22222222222223
01325,01,325,1022,180,2,178,110,68,17.61252446183953,1.1111111111111112,98.88888888888889,61.111111111111114,37.77777777777778
01326,01,326,1501,303,3,300,205,95,20.186542305129915,0.9900990099009901,99.00990099009901,67.65676567656766,31.353135313531354
01327,01,327,1517,306,0,306,221,85,20.17139090309822,0.0,100.0,72.22222222222221,27.77777777777778
01400,01,400,2110,404,0,404,311,93,19.14691943127962,0.0,100.0,76.98019801980197,23.01980198019802
01401,01,401,0,0,0,0,0,0,0.0,0.0,0.0,0.0,0.0
01402,01,402,2200,412,0,412,316,96,18.72727272727273,0.0,100.0,76.69902912621359,23.300970873786408
01403,01,403,1642,323,0,323,244,79,19.671132764920827,0.0,100.0,75.54179566563467,24.458204334365323
01404,01,404,0,0,0,0,0,0,0.0,0.0,0.0,0.0,0.0
01405,01,405,0,0,0,0,0,0,0.0,0.0,0.0,0.0,0.0
01406,01,406,1952,379,0,379,291,88,19.415983606557376,0.0,100.0,76.78100263852242,23.218997361477573
01407,01,407,0,0,0,0,0,0,0.0,0.0,0.0,0.0,0.0
01408,01,408,963,254,1,253,200,53,26.375908618899274,0.39370078740157477,99.60629921259843,78.74015748031496,20.866141732283463
01409,01,409,951,224,1,223,157,66,23.55415352260778,0.4464285714285714,99.55357142857143,70.08928571428571,29.464285714285715
01410,01,410,1265,286,0,286,230,56,22.608695652173914,0.0,100.0,80.41958041958041,19.58041958041958
01411,01,411,1094,205,0,205,149,56,18.738574040219376,0.0,100.0,72.6829268292683,27.31707317073171
01412,01,412,1654,375,1,374,267,107,22.67230955259976,0.26666666666666666,99.73333333333333,71.2,28.53333333333333
01413,01,413,0,0,0,0,0,0,0.0,0.0,0.0,0.0,0.0
01414,01,414,1801,414,3,411,324,87,22.987229317046083,0.7246376811594203,99.27536231884058,78.26086956521739,21.014492753623188
01415,01,415,1820,409,1,408,304,104,22.472527472527474,0.24449877750611246,99.75550122249389,74.32762836185819,25.4278728606357
01416,01,416,0,0,0,0,0,0,0.0,0.0,0.0,0.0,0.0
01417,01,417,1115,195,0,195,140,55,17.48878923766816,0.0,100.0,71.7948717948718,28.205128205128204
01418,01,418,1137,195,1,194,136,58,17.150395778364118,0.5128205128205128,99.48717948717949,69.74358974358974,29.743589743589745
01419,01,419,1237,295,4,291,233,58,23.848019401778497,1.3559322033898304,98.64406779661017,78.98305084745762,19.661016949152543
01420,01,420,1667,334,1,333,220,113,20.03599280143971,0.29940119760479045,99.7005988023952,65.86826347305389,33.83233532934132
01421,01,421,0,0,0,0,0,0,0.0,0.0,0.0,0.0,0.0
01422,01,422,0,0,0,0,0,0,0.0,0.0,0.0,0.0,0.0
01423,01,423,928,173,1,172,97,75,18.642241379310345,0.5780346820809248,99.42196531791907,56.06936416184971,43.35260115606936
01424,01,424,1207,243,2,241,170,71,20.132560066280032,0.823045267489712,99.1769547325103,69.95884773662551,29.218106995884774
01425,01,425,1268,299,1,298,225,73,23.58044164037855,0.33444816053511706,99.66555183946488,75.25083612040135,24.414715719063544
01426,01,426,1205,234,0,234,190,44,19.419087136929463,0.0,100.0,81.19658119658119,18.803418803418804
01427,01,427,1694,360,3,357,290,67,21.251475796930343,0.8333333333333334,99.16666666666667,80.55555555555556,18.61111111111111
01428,01,428,0,0,0,0,0,0,0.0,0.0,0.0,0.0,0.0
01500,01,500,1721,262,1,261,109,152,15.223707147007554,0.38167938931297707,99.61832061068702,41.603053435114504,58.01526717557252
01501,01,501,0,0,0,0,0,0,0.0,0.0,0.0,0.0,0.0
01502,01,502,1341,227,1,226,119,107,16.927665920954514,0.4405286343612335,99.55947136563876,52.42290748898678,47.136563876651984
01503,01,503,1607,220,0,220,75,145,13.690105787181084,0.0,100.0,34.090909090909086,65.9090909090909
01504,01,504,0,0,0,0,0,0,0.0,0.0,0.0,0.0,0.0
01505,01,505,0,0,0,0,0,0,0.0,0.0,0.0,0.0,0.0
01506,01,506,951,180,1,179,62,117,18.92744479495268,0.5555555555555556,99.44444444444444,34.44444444444444,65.0
01507,01,507,1341,211,1,210,104,106,15.734526472781507,0.47393364928909953,99.52606635071089,49.28909952606635,50.23696682464455
01508,01,508,1127,261,2,259,122,137,23.158828748890862,0.7662835249042145,99.23371647509579,46.74329501915709,52.490421455938694
01509,01,509,1099,173,0,173,81,92,15.741583257506825,0.0,100.0,46.82080924855491,53.179190751445084
01510,01,510,989,121,0,121,50,71,12.234580384226492,0.0,100.0,41.32231404958678,58.67768595041323
01511,01,511,1050,138,0,138,44,94,13.142857142857142,0.0,100.0,31.88405797101449,68.11594202898551
01512,01,512,2073,194,1,193,110,83,9.358417752050169,0.5154639175257731,99.48453608247422,56.70103092783505,42.78350515463917
01513,01,513,1285,277,2,275,204,71,21.556420233463037,0.7220216606498195,99.27797833935018,73.6462093862816,25.63176895306859
01514,01,514,1882,318,0,318,206,112,16.896918172157278,0.0,100.0,64.77987421383648,35.22012578616352
01515,01,515,1228,212,2,210,129,81,17.263843648208468,0.9433962264150944,99.05660377358491,60.84905660377359,38.20754716981132
01516,01,516,0,0,0,0,0,0,0.0,0.0,0.0,0.0,0.0
01517,01,517,1271,222,0,222,144,78,17.466561762391816,0.0,100.0,64.86486486486487,35.13513513513514
01518,01,518,1256,175,2,173,146,27,13.93312101910828,1.1428571428571428,98.85714285714286,83.42857142857143,15.428571428571427
01519,01,519,1364,290,2,288,225,63,21.26099706744868,0.6896551724137931,99.3103448275862,77.58620689655173,21.72413793103448
01520,01,520,1322,263,0,263,220,43,19.89409984871407,0.0,100.0,83.65019011406845,16.34980988593156
01521,01,521,0,0,0,0,0,0,0.0,0.0,0.0,0.0,0.0
01522,01,522,1492,267,1,266,144,122,17.89544235924933,0.37453183520599254,99.625468164794,53.93258426966292,45.69288389513109
01523,01,523,0,0,0,0,0,0,0.0,0.0,0.0,0.0,0.0
01524,01,524,1627,301,1,300,227,73,18.500307314074984,0.33222591362126247,99.66777408637874,75.41528239202658,24.25249169435216
01525,01,525,0,0,0,0,0,0,0.0,0.0,0.0,0.0,0.0
01526,01,526,1410,262,0,262,214,48,18.581560283687942,0.0,100.0,81.67938931297711,18.3206106870229
01600,01,600,1323,204,0,204,157,47,15.419501133786847,0.0,100.0,76.9607843137255,23.03921568627451
01601,01,601,1911,417,1,416,269,147,21.821036106750395,0.2398081534772182,99.76019184652279,64.5083932853717,35.25179856115108
01602,01,602,0,0,0,0,0,0,0.0,0.0,0.0,0.0,0.0
01603,01,603,1681,247,0,247,193,54,14.69363474122546,0.0,100.0,78.13765182186235,21.86234817813765
01604,01,604,0,0,0,0,0,0,0.0,0.0,0.0,0.0,0.0
01605,01,605,1770,266,3,263,180,83,15.028248587570623,1.1278195488721803,98.87218045112782,67.66917293233082,31.203007518796994
01606,01,606,0,0,0,0,0,0,0.0,0.0,0.0,0.0,0.0
01607,01,607,1780,228,0,228,195,33,12.808988764044942,0.0,100.0,85.52631578947368,14.473684210526317
01608,01,608,999,158,1,157,133,24,15.815815815815814,0.6329113924050633,99.36708860759494,84.17721518987342,15.18987341772152
01609,01,609,1120,170,1,169,135,34,15.178571428571427,0.5882352941176471,99.41176470588235,79.41176470588235,20.0
01610,01,610,1149,153,0,153,115,38,13.315926892950392,0.0,100.0,75.16339869281046,24.836601307189543
01611,01,611,1295,199,0,199,150,49,15.366795366795365,0.0,100.0,75.37688442211056,24.623115577889447
01612,01,612,0,0,0,0,0,0,0.0,0.0,0.0,0.0,0.0
01613,01,613,1352,239,1,238,193,45,17.67751479289941,0.41841004184100417,99.581589958159,80.75313807531381,18.828451882845187
01614,01,614,1145,252,2,250,142,108,22.00873362445415,0.7936507936507936,99.20634920634922,56.34920634920635,42.857142857142854
01615,01,615,881,100,0,100,82,18,11.350737797956867,0.0,100.0,82.0,18.0
01616,01,616,1953,352,1,351,296,55,18.023553507424474,0.2840909090909091,99.7159090909091,84.0909090909091,15.625
01617,01,617,0,0,0,0,0,0,0.0,0.0,0.0,0.0,0.0
01618,01,618,1438,295,1,294,225,69,20.51460361613352,0.3389830508474576,99.66101694915255,76.27118644067797,23.389830508474578
01619,01,619,1127,218,2,216,150,66,19.343389529724934,0.9174311926605505,99.08256880733946,68.80733944954129,30.275229357798167
01620,01,620,1022,145,0,145,114,31,14.187866927592955,0.0,100.0,78.62068965517241,21.379310344827587
01621,01,621,972,111,0,111,100,11,11.419753086419753,0.0,100.0,90.09009009009009,9.90990990990991
01622,01,622,1543,217,0,217,168,49,14.06351263771873,0.0,100.0,77.41935483870968,22.58064516129032
01623,01,623,0,0,0,0,0,0,0.0,0.0,0.0,0.0,0.0
01624,01,624,1233,152,3,149,108,41,12.327656123276562,1.9736842105263157,98.02631578947368,71.05263157894737,26.973684210526315
01625,01,625,972,140,0,140,103,37,14.40329218106996,0.0,100.0,73.57142857142858,26.42857142857143
01700,01,700,2068,371,0,371,293,78,17.940038684719536,0.0,100.0,78.97574123989219,21.024258760107816
01701,01,701,0,0,0,0,0,0,0.0,0.0,0.0,0.0,0.0
01702,01,702,1029,178,0,178,133,45,17.29834791059281,0.0,100.0,74.71910112359551,25.280898876404496
01703,01,703,1056,195,0,195,131,64,18.46590909090909,0.0,100.0,67.17948717948717,32.82051282051282
01704,01,704,1717,355,3,352,294,58,20.67559697146185,0.8450704225352111,99.15492957746478,82.8169014084507,16.338028169014084
01705,01,705,0,0,0,0,0,0,0.0,0.0,0.0,0.0,0.0
01706,01,706,1168,268,1,267,219,48,22.945205479452056,0.3731343283582089,99.6268656716418,81.71641791044776,17.91044776119403
01707,01,707,1160,266,0,266,205,61,22.93103448275862,0.0,100.0,77.06766917293233,22.932330827067666
01708,01,708,1053,202,1,201,155,46,19.183285849952515,0.49504950495049505,99.5049504950495,76.73267326732673,22.772277227722775
01709,01,709,1148,229,2,227,181,46,19.94773519163763,0.8733624454148471,99.12663755458514,79.03930131004367,20.087336244541483
01710,01,710,1292,220,1,219,158,61,17.027863777089784,0.45454545454545453,99.54545454545455,71.81818181818181,27.727272727272727
01711,01,711,1170,192,1,191,156,35,16.41025641025641,0.5208333333333333,99.47916666666666,81.25,18.229166666666664
01712,01,712,1389,216,0,216,158,58,15.550755939524837,0.0,100.0,73.14814814814815,26.851851851851855
01713,01,713,1948,287,1,286,189,97,14.733059548254621,0.34843205574912894,99.65156794425087,65.85365853658537,33.79790940766551
01714,01,714,0,0,0,0,0,0,0.0,0.0,0.0,0.0,0.0
01715,01,715,1151,163,0,163,96,67,14.16159860990443,0.0,100.0,58.895705521472394,41.104294478527606
01716,01,716,948,150,0,150,60,90,15.822784810126583,0.0,100.0,40.0,60.0
01717,01,717,1129,180,0,180,84,96,15.943312666076173,0.0,100.0,46.666666666666664,53.333333333333336
01718,01,718,850,102,0,102,60,42,12.0,0.0,100.0,58.82352941176471,41.17647058823529
01719,01,719,944,94,1,93,35,58,9.957627118644067,1.0638297872340425,98.93617021276596,37.234042553191486,61.702127659574465
01720,01,720,1329,265,3,262,160,102,19.939804364183598,1.1320754716981132,98.86792452830188,60.37735849056604,38.49056603773585
01721,01,721,1498,239,1,238,161,77,15.95460614152203,0.41841004184100417,99.581589958159,67.36401673640168,32.21757322175732
01722,01,722,987,155,0,155,108,47,15.704154002026344,0.0,100.0,69.6774193548387,30.32258064516129
01723,01,723,1303,231,1,230,142,88,17.728319263238678,0.4329004329004329,99.56709956709958,61.471861471861466,38.095238095238095
01724,01,724,1932,253,0,253,142,111,13.095238095238097,0.0,100.0,56.126482213438734,43.873517786561266
01725,01,725,0,0,0,0,0,0,0.0,0.0,0.0,0.0,0.0
011A,01,1A,0,514,0,514,326,188,inf,0.0,100.0,63.42412451361867,36.57587548638132
011B,01,1B,0,954,1,953,602,351,inf,0.10482180293501049,99.895178197065,63.102725366876314,36.79245283018868
011C,01,1C,0,0,0,0,0,0,0.0,0.0,0.0,0.0,0.0
011D,01,1D,0,940,21,919,622,297,inf,2.2340425531914896,97.76595744680851,66.17021276595744,31.595744680851062
011E,01,1E,0,940,3,937,556,381,inf,0.3191489361702127,99.68085106382979,59.148936170212764,40.53191489361702
011F,01,1F,0,0,0,0,0,0,0.0,0.0,0.0,0.0,0.0
011G,01,1G,0,425,0,425,247,178,inf,0.0,100.0,58.11764705882353,41.88235294117647
011H,01,1H,0,0,0,0,0,0,0.0,0.0,0.0,0.0,0.0
011I,01,1I,0,966,0,966,703,263,inf,0.0,100.0,72.77432712215321,27.22567287784679
011J,01,1J,0,229,0,229,129,100,inf,0.0,100.0,56.33187772925764,43.66812227074236
011K,01,1K,0,0,0,0,0,0,0.0,0.0,0.0,0.0,0.0
011L,01,1L,0,721,0,721,525,196,inf,0.0,100.0,72.81553398058253,27.184466019417474
011M,01,1M,0,0,0,0,0,0,0.0,0.0,0.0,0.0,0.0
012A,01,2A,0,835,2,833,347,486,inf,0.23952095808383234,99.76047904191617,41.55688622754491,58.203592814371255
012B,01,2B,0,0,0,0,0,0,0.0,0.0,0.0,0.0,0.0
012C,01,2C,0,884,0,884,432,452,inf,0.0,100.0,48.86877828054298,51.13122171945701
012D,01,2D,0,705,0,705,459,246,inf,0.0,100.0,65.1063829787234,34.8936170212766
012E,01,2E,0,0,0,0,0,0,0.0,0.0,0.0,0.0,0.0
012F,01,2F,0,679,1,678,443,235,inf,0.14727540500736377,99.85272459499264,65.24300441826215,34.609720176730484
012G,01,2G,0,0,0,0,0,0,0.0,0.0,0.0,0.0,0.0
012H,01,2H,0,673,1,672,309,363,inf,0.1485884101040119,99.85141158989599,45.91381872213967,53.937592867756315
012I,01,2I,0,0,0,0,0,0,0.0,0.0,0.0,0.0,0.0
012J,01,2J,0,846,1,845,533,312,inf,0.1182033096926714,99.88179669030734,63.00236406619385,36.87943262411347
012K,01,2K,0,0,0,0,0,0,0.0,0.0,0.0,0.0,0.0
012L,01,2L,0,588,0,588,349,239,inf,0.0,100.0,59.353741496598644,40.64625850340136
012M,01,2M,0,492,1,491,229,262,inf,0.20325203252032523,99.79674796747967,46.54471544715447,53.2520325203252
012N,01,2N,0,0,0,0,0,0,0.0,0.0,0.0,0.0,0.0
013A,01,3A,0,727,1,726,533,193,inf,0.1375515818431912,99.86244841815682,73.31499312242092,26.5474552957359
013B,01,3B,0,0,0,0,0,0,0.0,0.0,0.0,0.0,0.0
013C,01,3C,0,940,3,937,631,306,inf,0.3191489361702127,99.68085106382979,67.12765957446808,32.5531914893617
013D,01,3D,0,0,0,0,0,0,0.0,0.0,0.0,0.0,0.0
013E,01,3E,0,935,1,934,634,300,inf,0.10695187165775401,99.89304812834224,67.80748663101605,32.0855614973262
013F,01,3F,0,0,0,0,0,0,0.0,0.0,0.0,0.0,0.0
013G,01,3G,0,616,1,615,328,287,inf,0.16233766233766234,99.83766233766234,53.246753246753244,46.590909090909086
013H,01,3H,0,0,0,0,0,0,0.0,0.0,0.0,0.0,0.0
013I,01,3I,0,961,2,959,560,399,inf,0.20811654526534862,99.79188345473466,58.27263267429761,41.51925078043705
013J,01,3J,0,0,0,0,0,0,0.0,0.0,0.0,0.0,0.0
013K,01,3K,0,541,11,530,315,215,inf,2.033271719038817,97.96672828096118,58.225508317929766,39.74121996303142
013L,01,3L,0,351,0,351,221,130,inf,0.0,100.0,62.96296296296296,37.03703703703704
014A,01,4A,0,588,1,587,454,133,inf,0.17006802721088435,99.82993197278913,77.21088435374149,22.61904761904762
014B,01,4B,0,0,0,0,0,0,0.0,0.0,0.0,0.0,0.0
014C,01,4C,0,761,5,756,574,182,inf,0.657030223390276,99.34296977660972,75.42706964520369,23.915900131406044
014D,01,4D,0,0,0,0,0,0,0.0,0.0,0.0,0.0,0.0
014E,01,4E,0,830,2,828,664,164,inf,0.24096385542168677,99.75903614457832,80.0,19.759036144578314
014F,01,4F,0,0,0,0,0,0,0.0,0.0,0.0,0.0,0.0
014G,01,4G,0,534,1,533,415,118,inf,0.18726591760299627,99.812734082397,77.71535580524345,22.09737827715356
014H,01,4H,0,652,0,652,488,164,inf,0.0,100.0,74.84662576687117,25.153374233128833
014I,01,4I,0,0,0,0,0,0,0.0,0.0,0.0,0.0,0.0
014J,01,4J,0,0,0,0,0,0,0.0,0.0,0.0,0.0,0.0
014K,01,4K,0,257,1,256,185,71,inf,0.38910505836575876,99.61089494163424,71.98443579766537,27.626459143968873
014L,01,4L,0,946,2,944,747,197,inf,0.21141649048625794,99.78858350951374,78.96405919661733,20.824524312896404
014M,01,4M,0,0,0,0,0,0,0.0,0.0,0.0,0.0,0.0
015A,01,5A,0,604,3,601,289,312,inf,0.49668874172185434,99.50331125827815,47.847682119205295,51.65562913907284
015B,01,5B,0,0,0,0,0,0,0.0,0.0,0.0,0.0,0.0
015C,01,5C,0,641,3,638,307,331,inf,0.46801872074883,99.53198127925117,47.893915756630264,51.6380655226209
015D,01,5D,0,0,0,0,0,0,0.0,0.0,0.0,0.0,0.0
015E,01,5E,0,643,2,641,457,184,inf,0.3110419906687403,99.68895800933126,71.07309486780716,28.615863141524105
015F,01,5F,0,540,1,539,374,165,inf,0.1851851851851852,99.81481481481481,69.25925925925925,30.555555555555557
015G,01,5G,0,0,0,0,0,0,0.0,0.0,0.0,0.0,0.0
015H,01,5H,0,576,1,575,392,183,inf,0.1736111111111111,99.82638888888889,68.05555555555556,31.770833333333332
015I,01,5I,0,0,0,0,0,0,0.0,0.0,0.0,0.0,0.0
015J,01,5J,0,0,0,0,0,0,0.0,0.0,0.0,0.0,0.0
015K,01,5K,0,883,6,877,625,252,inf,0.6795016987542469,99.32049830124575,70.78142695356739,28.53907134767837
015L,01,5L,0,0,0,0,0,0,0.0,0.0,0.0,0.0,0.0
016A,01,6A,0,473,0,473,365,108,inf,0.0,100.0,77.16701902748414,22.832980972515855
016B,01,6B,0,460,0,460,345,115,inf,0.0,100.0,75.0,25.0
016C,01,6C,0,0,0,0,0,0,0.0,0.0,0.0,0.0,0.0
016D,01,6D,0,0,0,0,0,0,0.0,0.0,0.0,0.0,0.0
016E,01,6E,0,490,0,490,389,101,inf,0.0,100.0,79.38775510204081,20.612244897959183
016F,01,6F,0,670,0,670,537,133,inf,0.0,100.0,80.14925373134328,19.850746268656717
016G,01,6G,0,0,0,0,0,0,0.0,0.0,0.0,0.0,0.0
016H,01,6H,0,0,0,0,0,0,0.0,0.0,0.0,0.0,0.0
016I,01,6I,0,584,1,583,451,132,inf,0.17123287671232876,99.82876712328768,77.22602739726028,22.602739726027394
016J,01,6J,0,0,0,0,0,0,0.0,0.0,0.0,0.0,0.0
016K,01,6K,0,274,1,273,224,49,inf,0.36496350364963503,99.63503649635037,81.75182481751825,17.88321167883212
016L,01,6L,0,481,2,479,370,109,inf,0.4158004158004158,99.58419958419958,76.92307692307693,22.66112266112266
016M,01,6M,0,0,0,0,0,0,0.0,0.0,0.0,0.0,0.0
017A,01,7A,0,629,1,628,488,140,inf,0.1589825119236884,99.84101748807632,77.58346581875993,22.257551669316374
017B,01,7B,0,0,0,0,0,0,0.0,0.0,0.0,0.0,0.0
017C,01,7C,0,713,1,712,566,146,inf,0.1402524544179523,99.85974754558204,79.38288920056101,20.476858345021036
017D,01,7D,0,0,0,0,0,0,0.0,0.0,0.0,0.0,0.0
017E,01,7E,0,667,1,666,529,137,inf,0.14992503748125938,99.85007496251875,79.3103448275862,20.539730134932537
017F,01,7F,0,0,0,0,0,0,0.0,0.0,0.0,0.0,0.0
017G,01,7G,0,575,5,570,415,155,inf,0.8695652173913043,99.1304347826087,72.17391304347827,26.956521739130434
017H,01,7H,0,0,0,0,0,0,0.0,0.0,0.0,0.0,0.0
017I,01,7I,0,415,1,414,272,142,inf,0.24096385542168677,99.75903614457832,65.5421686746988,34.21686746987952
017J,01,7J,0,0,0,0,0,0,0.0,0.0,0.0,0.0,0.0
017K,01,7K,0,143,0,143,94,49,inf,0.0,100.0,65.73426573426573,34.26573426573427
017L,01,7L,0,470,0,470,321,149,inf,0.0,100.0,68.29787234042554,31.70212765957447
017M,01,7M,0,0,0,0,0,0,0.0,0.0,0.0,0.0,0.0
02101,02,101,1059,173,0,173,110,63,16.336166194523134,0.0,100.0,63.58381502890174,36.41618497109826
02102,02,102,1208,148,3,145,93,52,12.251655629139073,2.027027027027027,97.97297297297297,62.83783783783784,35.13513513513514
02103,02,103,1029,95,0,95,52,43,9.23226433430515,0.0,100.0,54.736842105263165,45.26315789473684
02104,02,104,704,96,1,95,59,36,13.636363636363635,1.0416666666666665,98.95833333333334,61.458333333333336,37.5
02105,02,105,1015,145,0,145,85,60,14.285714285714285,0.0,100.0,58.620689655172406,41.37931034482759
02106,02,106,1472,175,1,174,121,53,11.888586956521738,0.5714285714285714,99.42857142857143,69.14285714285714,30.28571428571429
02107,02,107,610,138,1,137,106,31,22.62295081967213,0.7246376811594203,99.27536231884058,76.81159420289855,22.463768115942027
02108,02,108,762,115,3,112,80,32,15.091863517060366,2.608695652173913,97.3913043478261,69.56521739130434,27.82608695652174
02109,02,109,1182,274,1,273,220,53,23.181049069373945,0.36496350364963503,99.63503649635037,80.2919708029197,19.34306569343066
02110,02,110,1088,219,0,219,181,38,20.128676470588236,0.0,100.0,82.64840182648402,17.35159817351598
02111,02,111,1121,245,0,245,211,34,21.855486173059766,0.0,100.0,86.12244897959184,13.877551020408163
02112,02,112,1302,281,0,281,218,63,21.582181259600613,0.0,100.0,77.58007117437722,22.419928825622776
02113,02,113,942,281,4,277,222,55,29.830148619957537,1.4234875444839856,98.57651245551602,79.00355871886121,19.572953736654807
02114,02,114,805,247,5,242,200,42,30.683229813664596,2.0242914979757085,97.97570850202429,80.97165991902834,17.00404858299595
02115,02,115,816,240,1,239,195,44,29.411764705882355,0.4166666666666667,99.58333333333333,81.25,18.333333333333332
02116,02,116,1015,282,1,281,222,59,27.783251231527096,0.3546099290780142,99.64539007092199,78.72340425531915,20.921985815602838
02117,02,117,1047,272,1,271,222,49,25.97898758357211,0.3676470588235294,99.63235294117648,81.61764705882352,18.014705882352942
02118,02,118,662,149,0,149,110,39,22.507552870090635,0.0,100.0,73.8255033557047,26.174496644295303
02119,02,119,831,202,3,199,146,53,24.30806257521059,1.4851485148514851,98.51485148514851,72.27722772277228,26.237623762376238
02120,02,120,797,202,1,201,159,42,25.345043914680048,0.49504950495049505,99.5049504950495,78.71287128712872,20.792079207920793
02121,02,121,847,257,3,254,199,55,30.342384887839437,1.1673151750972763,98.83268482490273,77.431906614786,21.40077821011673
02122,02,122,1019,284,0,284,233,51,27.870461236506376,0.0,100.0,82.04225352112677,17.95774647887324
02123,02,123,719,194,1,193,153,40,26.981919332406118,0.5154639175257731,99.48453608247422,78.8659793814433,20.618556701030926
02124,02,124,1290,354,3,351,287,64,27.44186046511628,0.847457627118644,99.15254237288136,81.07344632768361,18.07909604519774
02125,02,125,1325,451,5,446,377,69,34.0377358490566,1.1086474501108647,98.89135254988913,83.5920177383592,15.299334811529933
02126,02,126,904,287,1,286,237,49,31.747787610619472,0.34843205574912894,99.65156794425087,82.57839721254355,17.073170731707318
02127,02,127,852,206,2,204,178,26,24.178403755868544,0.9708737864077669,99.02912621359224,86.40776699029125,12.62135922330097
02128,02,128,1219,287,4,283,233,50,23.54388843314192,1.3937282229965158,98.60627177700349,81.18466898954703,17.421602787456447
02129,02,129,1222,302,1,301,217,84,24.713584288052374,0.33112582781456956,99.66887417218543,71.8543046357616,27.81456953642384
02201,02,201,851,236,1,235,187,48,27.73207990599295,0.423728813559322,99.57627118644068,79.23728813559322,20.33898305084746
02202,02,202,1054,310,0,310,261,49,29.411764705882355,0.0,100.0,84.19354838709677,15.806451612903224
02203,02,203,890,252,2,250,213,37,28.314606741573034,0.7936507936507936,99.20634920634922,84.52380952380952,14.682539682539684
02204,02,204,1030,252,1,251,222,29,24.466019417475728,0.3968253968253968,99.60317460317461,88.09523809523809,11.507936507936508
02205,02,205,993,225,1,224,192,32,22.658610271903324,0.4444444444444444,99.55555555555556,85.33333333333334,14.222222222222221
02206,02,206,949,266,1,265,223,42,28.02950474183351,0.37593984962406013,99.62406015037594,83.83458646616542,15.789473684210526
02207,02,207,1332,366,3,363,295,68,27.47747747747748,0.819672131147541,99.18032786885246,80.60109289617486,18.579234972677597
02208,02,208,1115,320,0,320,256,64,28.699551569506728,0.0,100.0,80.0,20.0
02209,02,209,1115,274,2,272,218,54,24.573991031390136,0.7299270072992701,99.27007299270073,79.56204379562044,19.708029197080293
02210,02,210,1111,276,2,274,240,34,24.842484248424842,0.7246376811594203,99.27536231884058,86.95652173913044,12.318840579710146
02211,02,211,1110,287,0,287,239,48,25.855855855855857,0.0,100.0,83.27526132404182,16.72473867595819
02212,02,212,903,276,3,273,232,41,30.564784053156146,1.0869565217391304,98.91304347826086,84.05797101449275,14.855072463768115
02213,02,213,1092,283,1,282,244,38,25.91575091575092,0.35335689045936397,99.64664310954063,86.21908127208481,13.427561837455832
02214,02,214,920,170,0,170,129,41,18.478260869565215,0.0,100.0,75.88235294117646,24.11764705882353
02215,02,215,896,160,0,160,88,72,17.857142857142858,0.0,100.0,55.00000000000001,45.0
02216,02,216,840,294,1,293,245,48,35.0,0.3401360544217687,99.65986394557824,83.33333333333334,16.3265306122449
02217,02,217,1045,269,2,267,239,28,25.74162679425837,0.7434944237918215,99.25650557620817,88.84758364312268,10.408921933085502
02218,02,218,1145,350,3,347,307,40,30.567685589519648,0.8571428571428572,99.14285714285714,87.71428571428571,11.428571428571429
02219,02,219,935,241,2,239,210,29,25.775401069518715,0.8298755186721992,99.1701244813278,87.13692946058092,12.033195020746888
02220,02,220,1120,306,3,303,257,46,27.32142857142857,0.9803921568627451,99.01960784313727,83.98692810457517,15.032679738562091
02221,02,221,894,207,1,206,180,26,23.154362416107382,0.4830917874396135,99.51690821256038,86.95652173913044,12.560386473429952
02222,02,222,1095,285,4,281,216,65,26.027397260273972,1.4035087719298245,98.59649122807016,75.78947368421053,22.807017543859647
02223,02,223,840,123,0,123,86,37,14.642857142857144,0.0,100.0,69.91869918699187,30.081300813008134
02224,02,224,917,214,0,214,177,37,23.336968375136312,0.0,100.0,82.71028037383178,17.289719626168225
02225,02,225,700,177,0,177,134,43,25.285714285714285,0.0,100.0,75.70621468926554,24.293785310734464
02226,02,226,1293,375,0,375,284,91,29.00232018561485,0.0,100.0,75.73333333333333,24.266666666666666
02301,02,301,1083,358,1,357,315,42,33.05632502308403,0.27932960893854747,99.72067039106145,87.98882681564247,11.731843575418994
02302,02,302,1203,369,0,369,288,81,30.673316708229425,0.0,100.0,78.04878048780488,21.951219512195124
02303,02,303,1179,300,1,299,237,62,25.44529262086514,0.33333333333333337,99.66666666666667,79.0,20.666666666666668
02304,02,304,1091,290,1,289,243,46,26.581118240146655,0.3448275862068966,99.6551724137931,83.79310344827586,15.862068965517242
02305,02,305,1100,340,0,340,285,55,30.909090909090907,0.0,100.0,83.82352941176471,16.176470588235293
02306,02,306,1032,263,1,262,211,51,25.484496124031008,0.38022813688212925,99.61977186311786,80.22813688212928,19.39163498098859
02307,02,307,809,117,0,117,78,39,14.462299134734241,0.0,100.0,66.66666666666666,33.33333333333333
02308,02,308,1192,200,1,199,134,65,16.778523489932887,0.5,99.5,67.0,32.5
02309,02,309,810,144,1,143,101,42,17.77777777777778,0.6944444444444444,99.30555555555556,70.13888888888889,29.166666666666668
02310,02,310,1236,216,0,216,132,84,17.475728155339805,0.0,100.0,61.111111111111114,38.88888888888889
02311,02,311,1168,184,1,183,115,68,15.753424657534246,0.5434782608695652,99.45652173913044,62.5,36.95652173913043
02312,02,312,766,116,0,116,70,46,15.143603133159269,0.0,100.0,60.3448275862069,39.6551724137931
02313,02,313,829,95,0,95,56,39,11.459589867310012,0.0,100.0,58.94736842105262,41.05263157894737
02314,02,314,1178,120,0,120,48,72,10.186757215619695,0.0,100.0,40.0,60.0
02315,02,315,947,115,0,115,76,39,12.143611404435058,0.0,100.0,66.08695652173913,33.91304347826087
02316,02,316,1206,139,0,139,77,62,11.5257048092869,0.0,100.0,55.39568345323741,44.60431654676259
02317,02,317,1260,246,1,245,213,32,19.523809523809526,0.40650406504065045,99.59349593495935,86.58536585365853,13.008130081300814
02318,02,318,914,172,1,171,140,31,18.818380743982495,0.5813953488372093,99.4186046511628,81.3953488372093,18.023255813953487
02319,02,319,943,264,1,263,225,38,27.995758218451748,0.3787878787878788,99.62121212121212,85.22727272727273,14.393939393939394
02320,02,320,1028,190,0,190,161,29,18.482490272373543,0.0,100.0,84.73684210526315,15.263157894736842
02321,02,321,908,208,1,207,176,31,22.90748898678414,0.4807692307692308,99.51923076923077,84.61538461538461,14.903846153846153
02322,02,322,983,166,3,163,126,37,16.88708036622584,1.8072289156626504,98.19277108433735,75.90361445783132,22.289156626506024
02323,02,323,1111,307,0,307,231,76,27.632763276327633,0.0,100.0,75.2442996742671,24.7557003257329
02324,02,324,1137,321,2,319,271,48,28.232189973614773,0.6230529595015576,99.37694704049844,84.42367601246106,14.953271028037381
02325,02,325,1109,206,0,206,145,61,18.575293056807933,0.0,100.0,70.3883495145631,29.61165048543689
02326,02,326,1071,316,1,315,268,47,29.50513538748833,0.31645569620253167,99.68354430379746,84.81012658227847,14.873417721518987
02327,02,327,880,244,3,241,197,44,27.727272727272727,1.2295081967213115,98.77049180327869,80.73770491803278,18.0327868852459
02401,02,401,1107,164,0,164,76,88,14.814814814814813,0.0,100.0,46.34146341463415,53.65853658536586
02402,02,402,1099,209,0,209,89,120,19.017288444040037,0.0,100.0,42.58373205741627,57.41626794258373
02403,02,403,1248,144,2,142,83,59,11.538461538461538,1.3888888888888888,98.61111111111111,57.638888888888886,40.97222222222222
02404,02,404,1072,172,0,172,89,83,16.044776119402986,0.0,100.0,51.74418604651163,48.25581395348838
02405,02,405,861,189,0,189,115,74,21.951219512195124,0.0,100.0,60.84656084656085,39.15343915343915
02406,02,406,978,216,0,216,146,70,22.085889570552148,0.0,100.0,67.5925925925926,32.407407407407405
02407,02,407,784,181,0,181,121,60,23.08673469387755,0.0,100.0,66.85082872928176,33.14917127071823
02408,02,408,874,178,1,177,134,43,20.36613272311213,0.5617977528089888,99.43820224719101,75.28089887640449,24.15730337078652
02409,02,409,1060,174,0,174,108,66,16.41509433962264,0.0,100.0,62.06896551724138,37.93103448275862
02410,02,410,1022,287,2,285,193,92,28.08219178082192,0.6968641114982579,99.30313588850174,67.24738675958189,32.05574912891986
02411,02,411,1132,234,1,233,150,83,20.671378091872793,0.4273504273504274,99.57264957264957,64.1025641025641,35.47008547008547
02412,02,412,1062,252,2,250,181,69,23.728813559322035,0.7936507936507936,99.20634920634922,71.82539682539682,27.380952380952383
02413,02,413,911,194,2,192,136,56,21.295279912184412,1.0309278350515463,98.96907216494846,70.10309278350515,28.865979381443296
02414,02,414,947,206,1,205,164,41,21.752903907074973,0.48543689320388345,99.51456310679612,79.6116504854369,19.902912621359224
02415,02,415,1160,282,0,282,193,89,24.310344827586206,0.0,100.0,68.43971631205675,31.560283687943265
02416,02,416,1300,301,2,299,185,114,23.153846153846153,0.6644518272425249,99.33554817275747,61.461794019933556,37.87375415282392
02417,02,417,1045,251,2,249,169,80,24.019138755980862,0.796812749003984,99.20318725099602,67.33067729083665,31.872509960159363
02418,02,418,1154,139,0,139,64,75,12.045060658578857,0.0,100.0,46.043165467625904,53.956834532374096
02419,02,419,1281,228,0,228,129,99,17.798594847775178,0.0,100.0,56.57894736842105,43.42105263157895
02420,02,420,779,139,0,139,73,66,17.84338896020539,0.0,100.0,52.51798561151079,47.482014388489205
02421,02,421,926,144,0,144,76,68,15.550755939524837,0.0,100.0,52.77777777777778,47.22222222222222
02422,02,422,827,169,0,169,93,76,20.435308343409915,0.0,100.0,55.02958579881657,44.97041420118343
02423,02,423,1095,135,0,135,82,53,12.32876712328767,0.0,100.0,60.74074074074074,39.25925925925926
02424,02,424,852,172,1,171,109,62,20.187793427230048,0.5813953488372093,99.4186046511628,63.372093023255815,36.04651162790697
02425,02,425,1160,309,0,309,248,61,26.637931034482758,0.0,100.0,80.2588996763754,19.741100323624593
02426,02,426,1131,318,2,316,250,66,28.116710875331563,0.628930817610063,99.37106918238993,78.61635220125787,20.754716981132077
02427,02,427,1058,177,0,177,114,63,16.729678638941397,0.0,100.0,64.40677966101694,35.59322033898305
02501,02,501,911,224,2,222,168,54,24.588364434687158,0.8928571428571428,99.10714285714286,75.0,24.107142857142858
02502,02,502,1269,258,0,258,197,61,20.33096926713948,0.0,100.0,76.35658914728683,23.643410852713178
02503,02,503,1217,232,0,232,186,46,19.063270336894,0.0,100.0,80.17241379310344,19.82758620689655
02504,02,504,1057,261,0,261,191,70,24.69252601702933,0.0,100.0,73.18007662835248,26.81992337164751
02505,02,505,1237,312,2,310,244,66,25.22231204527082,0.641025641025641,99.35897435897436,78.2051282051282,21.153846153846153
02506,02,506,1115,229,1,228,176,52,20.53811659192825,0.43668122270742354,99.56331877729258,76.85589519650655,22.707423580786028
02507,02,507,1202,259,1,258,203,55,21.547420965058237,0.3861003861003861,99.61389961389962,78.37837837837837,21.235521235521233
02508,02,508,1278,280,2,278,201,77,21.90923317683881,0.7142857142857143,99.28571428571429,71.78571428571429,27.500000000000004
02509,02,509,1004,279,2,277,200,77,27.78884462151394,0.7168458781362007,99.2831541218638,71.68458781362007,27.598566308243726
02510,02,510,935,190,1,189,140,49,20.32085561497326,0.5263157894736842,99.47368421052632,73.68421052631578,25.789473684210527
02511,02,511,788,169,0,169,145,24,21.446700507614214,0.0,100.0,85.79881656804734,14.201183431952662
02512,02,512,934,271,1,270,216,54,29.014989293361886,0.36900369003690037,99.63099630996311,79.70479704797047,19.92619926199262
02513,02,513,1205,321,1,320,269,51,26.639004149377595,0.3115264797507788,99.68847352024922,83.8006230529595,15.887850467289718
02514,02,514,969,248,1,247,207,40,25.593395252837976,0.4032258064516129,99.59677419354838,83.46774193548387,16.129032258064516
02515,02,515,1031,232,0,232,204,28,22.502424830261884,0.0,100.0,87.93103448275862,12.068965517241379
02516,02,516,979,185,0,185,158,27,18.896833503575078,0.0,100.0,85.4054054054054,14.594594594594595
02517,02,517,1229,311,1,310,257,53,25.30512611879577,0.3215434083601286,99.67845659163987,82.63665594855306,17.041800643086816
02518,02,518,1196,247,2,245,191,54,20.652173913043477,0.8097165991902834,99.19028340080972,77.32793522267207,21.86234817813765
02519,02,519,1020,255,1,254,199,55,25.0,0.39215686274509803,99.6078431372549,78.03921568627452,21.568627450980394
02520,02,520,1202,308,1,307,230,77,25.62396006655574,0.3246753246753247,99.67532467532467,74.67532467532467,25.0
02521,02,521,1022,267,1,266,209,57,26.125244618395303,0.37453183520599254,99.625468164794,78.27715355805243,21.34831460674157
02522,02,522,1181,238,1,237,181,56,20.152413209144793,0.42016806722689076,99.57983193277312,76.05042016806722,23.52941176470588
02523,02,523,1041,242,1,241,185,56,23.246878001921228,0.4132231404958678,99.58677685950413,76.44628099173553,23.140495867768596
02524,02,524,1033,238,1,237,171,66,23.039690222652467,0.42016806722689076,99.57983193277312,71.84873949579831,27.73109243697479
02525,02,525,988,237,1,236,186,50,23.987854251012145,0.42194092827004215,99.57805907172997,78.48101265822784,21.09704641350211
02526,02,526,1153,312,0,312,254,58,27.059843885516045,0.0,100.0,81.41025641025641,18.58974358974359
02601,02,601,1309,317,0,317,213,104,24.216959511077157,0.0,100.0,67.19242902208202,32.80757097791798
02602,02,602,885,222,0,222,140,82,25.08474576271186,0.0,100.0,63.06306306306306,36.93693693693694
02603,02,603,1098,289,1,288,220,68,26.320582877959925,0.34602076124567477,99.65397923875432,76.12456747404845,23.52941176470588
02604,02,604,999,197,0,197,119,78,19.71971971971972,0.0,100.0,60.40609137055838,39.59390862944163
02605,02,605,1215,264,0,264,212,52,21.728395061728396,0.0,100.0,80.3030303030303,19.696969696969695
02606,02,606,795,194,0,194,164,30,24.40251572327044,0.0,100.0,84.5360824742268,15.463917525773196
02607,02,607,854,281,2,279,217,62,32.903981264637,0.7117437722419928,99.28825622775801,77.22419928825623,22.064056939501782
02608,02,608,1181,295,0,295,236,59,24.97883149872989,0.0,100.0,80.0,20.0
02609,02,609,1094,245,0,245,205,40,22.394881170018284,0.0,100.0,83.6734693877551,16.3265306122449
02610,02,610,1245,338,0,338,252,86,27.148594377510037,0.0,100.0,74.55621301775149,25.443786982248522
02611,02,611,959,257,1,256,205,51,26.798748696558917,0.38910505836575876,99.61089494163424,79.76653696498055,19.844357976653697
02612,02,612,1038,284,0,284,237,47,27.360308285163775,0.0,100.0,83.45070422535211,16.549295774647888
02613,02,613,1177,288,2,286,253,33,24.468988954970264,0.6944444444444444,99.30555555555556,87.84722222222221,11.458333333333332
02614,02,614,1198,316,0,316,249,67,26.37729549248748,0.0,100.0,78.79746835443038,21.202531645569618
02615,02,615,731,160,0,160,133,27,21.88782489740082,0.0,100.0,83.125,16.875
02616,02,616,1177,293,0,293,224,69,24.89379779099405,0.0,100.0,76.45051194539249,23.549488054607508
02617,02,617,1133,267,0,267,219,48,23.565754633715798,0.0,100.0,82.02247191011236,17.97752808988764
02618,02,618,962,239,0,239,203,36,24.844074844074846,0.0,100.0,84.93723849372385,15.062761506276152
02619,02,619,812,205,1,204,174,30,25.24630541871921,0.4878048780487805,99.51219512195122,84.8780487804878,14.634146341463413
02620,02,620,1033,192,2,190,159,31,18.586640851887708,1.0416666666666665,98.95833333333334,82.8125,16.145833333333336
02621,02,621,788,171,0,171,141,30,21.700507614213198,0.0,100.0,82.45614035087719,17.543859649122805
02622,02,622,981,194,0,194,148,46,19.77573904179409,0.0,100.0,76.28865979381443,23.711340206185564
02623,02,623,888,209,1,208,175,33,23.536036036036037,0.4784688995215311,99.52153110047847,83.73205741626795,15.789473684210526
02624,02,624,883,201,1,200,178,22,22.76330690826727,0.4975124378109453,99.50248756218906,88.55721393034825,10.945273631840797
02625,02,625,691,195,0,195,157,38,28.21997105643994,0.0,100.0,80.51282051282051,19.48717948717949
02626,02,626,977,255,2,253,207,46,26.10030706243603,0.7843137254901961,99.2156862745098,81.17647058823529,18.03921568627451
02627,02,627,758,196,0,196,147,49,25.857519788918204,0.0,100.0,75.0,25.0
02628,02,628,903,205,1,204,161,43,22.702104097452935,0.4878048780487805,99.51219512195122,78.53658536585367,20.975609756097562
021A,02,1A,0,362,0,362,294,68,inf,0.0,100.0,81.21546961325967,18.784530386740332
021AA,02,1AA,0,283,0,283,224,59,inf,0.0,100.0,79.15194346289752,20.848056537102476
021AB,02,1AB,0,306,0,306,215,91,inf,0.0,100.0,70.26143790849673,29.73856209150327
021B,02,1B,0,114,2,112,78,34,inf,1.7543859649122806,98.24561403508771,68.42105263157895,29.82456140350877
021C,02,1C,0,73,2,71,46,25,inf,2.73972602739726,97.26027397260275,63.013698630136986,34.24657534246575
021D,02,1D,0,76,0,76,54,22,inf,0.0,100.0,71.05263157894737,28.947368421052634
021E,02,1E,0,84,1,83,56,27,inf,1.1904761904761905,98.80952380952381,66.66666666666666,32.142857142857146
021F,02,1F,0,170,0,170,105,65,inf,0.0,100.0,61.76470588235294,38.23529411764706
021G,02,1G,0,293,0,293,189,104,inf,0.0,100.0,64.50511945392492,35.49488054607509
021H,02,1H,0,224,0,224,171,53,inf,0.0,100.0,76.33928571428571,23.660714285714285
021J,02,1J,0,240,0,240,187,53,inf,0.0,100.0,77.91666666666667,22.083333333333332
021K,02,1K,0,210,1,209,172,37,inf,0.4761904761904762,99.52380952380952,81.9047619047619,17.61904761904762
021L,02,1L,0,234,0,234,185,49,inf,0.0,100.0,79.05982905982906,20.94017094017094
021M,02,1M,0,194,0,194,152,42,inf,0.0,100.0,78.35051546391753,21.649484536082475
021N,02,1N,0,316,1,315,248,67,inf,0.31645569620253167,99.68354430379746,78.48101265822784,21.202531645569618
021P,02,1P,0,190,0,190,145,45,inf,0.0,100.0,76.31578947368422,23.684210526315788
021Q,02,1Q,0,191,0,191,158,33,inf,0.0,100.0,82.72251308900523,17.277486910994764
021R,02,1R,0,232,0,232,178,54,inf,0.0,100.0,76.72413793103449,23.275862068965516
021S,02,1S,0,181,0,181,130,51,inf,0.0,100.0,71.8232044198895,28.176795580110497
021T,02,1T,0,130,0,130,108,22,inf,0.0,100.0,83.07692307692308,16.923076923076923
021U,02,1U,0,122,0,122,97,25,inf,0.0,100.0,79.50819672131148,20.491803278688526
021V,02,1V,0,168,1,167,140,27,inf,0.5952380952380952,99.40476190476191,83.33333333333334,16.071428571428573
021W,02,1W,0,255,1,254,189,65,inf,0.39215686274509803,99.6078431372549,74.11764705882354,25.49019607843137
021X,02,1X,0,294,1,293,254,39,inf,0.3401360544217687,99.65986394557824,86.39455782312925,13.26530612244898
021Y,02,1Y,0,166,1,165,119,46,inf,0.6024096385542169,99.3975903614458,71.6867469879518,27.710843373493976
021Z,02,1Z,0,146,1,145,123,22,inf,0.684931506849315,99.31506849315068,84.24657534246576,15.068493150684931
022A,02,2A,0,116,1,115,94,21,inf,0.8620689655172413,99.13793103448276,81.03448275862068,18.103448275862068
022B,02,2B,0,183,1,182,156,26,inf,0.546448087431694,99.4535519125683,85.24590163934425,14.207650273224044
022C,02,2C,0,153,0,153,129,24,inf,0.0,100.0,84.31372549019608,15.686274509803921
022D,02,2D,0,158,0,158,138,20,inf,0.0,100.0,87.34177215189874,12.658227848101266
022E,02,2E,0,150,0,150,135,15,inf,0.0,100.0,90.0,10.0
022F,02,2F,0,149,1,148,130,18,inf,0.6711409395973155,99.32885906040269,87.24832214765101,12.080536912751679
022G,02,2G,0,189,0,189,164,25,inf,0.0,100.0,86.77248677248677,13.227513227513226
022H,02,2H,0,191,0,191,155,36,inf,0.0,100.0,81.15183246073299,18.848167539267017
022J,02,2J,0,182,1,181,156,25,inf,0.5494505494505495,99.45054945054946,85.71428571428571,13.736263736263737
022K,02,2K,0,208,1,207,189,18,inf,0.4807692307692308,99.51923076923077,90.86538461538461,8.653846153846153
022L,02,2L,0,180,0,180,156,24,inf,0.0,100.0,86.66666666666667,13.333333333333334
022M,02,2M,0,169,2,167,141,26,inf,1.183431952662722,98.81656804733728,83.4319526627219,15.384615384615385
022N,02,2N,0,173,0,173,144,29,inf,0.0,100.0,83.23699421965318,16.76300578034682
022P,02,2P,0,114,0,114,97,17,inf,0.0,100.0,85.08771929824562,14.912280701754385
022Q,02,2Q,0,216,0,216,181,35,inf,0.0,100.0,83.79629629629629,16.203703703703702
022R,02,2R,0,209,2,207,175,32,inf,0.9569377990430622,99.04306220095694,83.73205741626795,15.311004784688995
022S,02,2S,0,208,1,207,181,26,inf,0.4807692307692308,99.51923076923077,87.01923076923077,12.5
022T,02,2T,0,154,0,154,115,39,inf,0.0,100.0,74.67532467532467,25.324675324675322
022U,02,2U,0,198,0,198,165,33,inf,0.0,100.0,83.33333333333334,16.666666666666664
022V,02,2V,0,142,1,141,121,20,inf,0.7042253521126761,99.29577464788733,85.2112676056338,14.084507042253522
022W,02,2W,0,173,0,173,150,23,inf,0.0,100.0,86.70520231213872,13.294797687861271
022X,02,2X,0,73,0,73,57,16,inf,0.0,100.0,78.08219178082192,21.91780821917808
022Y,02,2Y,0,364,2,362,285,77,inf,0.5494505494505495,99.45054945054946,78.2967032967033,21.153846153846153
022Z,02,2Z,0,292,5,287,216,71,inf,1.7123287671232876,98.28767123287672,73.97260273972603,24.315068493150687
023A,02,3A,0,171,0,171,138,33,inf,0.0,100.0,80.7017543859649,19.298245614035086
023AA,02,3AA,0,193,0,193,176,17,inf,0.0,100.0,91.19170984455958,8.808290155440414
023AB,02,3AB,0,143,0,143,120,23,inf,0.0,100.0,83.91608391608392,16.083916083916083
023B,02,3B,0,265,0,265,211,54,inf,0.0,100.0,79.62264150943396,20.37735849056604
023C,02,3C,0,224,1,223,173,50,inf,0.4464285714285714,99.55357142857143,77.23214285714286,22.321428571428573
023D,02,3D,0,210,1,209,170,39,inf,0.4761904761904762,99.52380952380952,80.95238095238095,18.571428571428573
023E,02,3E,0,199,3,196,158,38,inf,1.507537688442211,98.49246231155779,79.39698492462311,19.09547738693467
023F,02,3F,0,171,0,171,132,39,inf,0.0,100.0,77.19298245614034,22.807017543859647
023G,02,3G,0,60,1,59,46,13,inf,1.6666666666666667,98.33333333333333,76.66666666666667,21.666666666666668
023H,02,3H,0,139,0,139,100,39,inf,0.0,100.0,71.94244604316546,28.05755395683453
023J,02,3J,0,106,0,106,70,36,inf,0.0,100.0,66.0377358490566,33.9622641509434
023K,02,3K,0,153,0,153,94,59,inf,0.0,100.0,61.43790849673203,38.56209150326798
023L,02,3L,0,143,8,135,98,37,inf,5.594405594405594,94.4055944055944,68.53146853146853,25.874125874125873
023M,02,3M,0,165,2,163,128,35,inf,1.2121212121212122,98.7878787878788,77.57575757575758,21.21212121212121
023N,02,3N,0,112,0,112,64,48,inf,0.0,100.0,57.14285714285714,42.857142857142854
023P,02,3P,0,96,0,96,76,20,inf,0.0,100.0,79.16666666666666,20.833333333333336
023Q,02,3Q,0,85,0,85,50,35,inf,0.0,100.0,58.82352941176471,41.17647058823529
023R,02,3R,0,178,0,178,158,20,inf,0.0,100.0,88.76404494382022,11.235955056179774
023S,02,3S,0,128,0,128,100,28,inf,0.0,100.0,78.125,21.875
023T,02,3T,0,177,1,176,150,26,inf,0.5649717514124294,99.43502824858757,84.7457627118644,14.689265536723164
023U,02,3U,0,159,0,159,145,14,inf,0.0,100.0,91.19496855345912,8.80503144654088
023V,02,3V,0,108,0,108,90,18,inf,0.0,100.0,83.33333333333334,16.666666666666664
023W,02,3W,0,99,0,99,84,15,inf,0.0,100.0,84.84848484848484,15.151515151515152
023X,02,3X,0,155,0,155,125,30,inf,0.0,100.0,80.64516129032258,19.35483870967742
023Y,02,3Y,0,188,1,187,152,35,inf,0.5319148936170213,99.46808510638297,80.85106382978722,18.617021276595743
023Z,02,3Z,0,127,0,127,94,33,inf,0.0,100.0,74.01574803149606,25.984251968503933
024A,02,4A,0,129,1,128,67,61,inf,0.7751937984496124,99.2248062015504,51.93798449612403,47.286821705426355
024AA,02,4AA,0,246,0,246,193,53,inf,0.0,100.0,78.45528455284553,21.544715447154474
024AB,02,4AB,0,241,0,241,180,61,inf,0.0,100.0,74.68879668049793,25.311203319502074
024AC,02,4AC,0,184,0,184,129,55,inf,0.0,100.0,70.1086956521739,29.891304347826086
024B,02,4B,0,157,0,157,77,80,inf,0.0,100.0,49.044585987261144,50.955414012738856
024C,02,4C,0,151,0,151,75,76,inf,0.0,100.0,49.668874172185426,50.331125827814574
024D,02,4D,0,167,1,166,87,79,inf,0.5988023952095809,99.40119760479041,52.09580838323353,47.30538922155689
024E,02,4E,0,185,0,185,117,68,inf,0.0,100.0,63.24324324324324,36.75675675675676
024F,02,4F,0,170,0,170,123,47,inf,0.0,100.0,72.35294117647058,27.647058823529413
024G,02,4G,0,135,0,135,95,40,inf,0.0,100.0,70.37037037037037,29.629629629629626
024H,02,4H,0,194,0,194,134,60,inf,0.0,100.0,69.0721649484536,30.927835051546392
024J,02,4J,0,189,0,189,115,74,inf,0.0,100.0,60.84656084656085,39.15343915343915
024K,02,4K,0,252,0,252,177,75,inf,0.0,100.0,70.23809523809523,29.761904761904763
024L,02,4L,0,160,0,160,85,75,inf,0.0,100.0,53.125,46.875
024M,02,4M,0,173,0,173,123,50,inf,0.0,100.0,71.09826589595376,28.901734104046245
024N,02,4N,0,189,0,189,147,42,inf,0.0,100.0,77.77777777777779,22.22222222222222
024P,02,4P,0,190,1,189,130,59,inf,0.5263157894736842,99.47368421052632,68.42105263157895,31.05263157894737
024Q,02,4Q,0,219,0,219,161,58,inf,0.0,100.0,73.51598173515981,26.48401826484018
024R,02,4R,0,233,1,232,137,95,inf,0.4291845493562232,99.57081545064378,58.798283261802574,40.772532188841204
024S,02,4S,0,166,0,166,113,53,inf,0.0,100.0,68.07228915662651,31.92771084337349
024T,02,4T,0,142,0,142,68,74,inf,0.0,100.0,47.88732394366197,52.112676056338024
024U,02,4U,0,186,2,184,102,82,inf,1.0752688172043012,98.9247311827957,54.83870967741935,44.086021505376344
024V,02,4V,0,102,1,101,51,50,inf,0.9803921568627451,99.01960784313727,50.0,49.01960784313725
024W,02,4W,0,108,0,108,53,55,inf,0.0,100.0,49.074074074074076,50.92592592592593
024X,02,4X,0,135,0,135,89,46,inf,0.0,100.0,65.92592592592592,34.074074074074076
024Y,02,4Y,0,141,0,141,77,64,inf,0.0,100.0,54.60992907801418,45.39007092198582
024Z,02,4Z,0,153,0,153,94,59,inf,0.0,100.0,61.43790849673203,38.56209150326798
025A,02,5A,0,163,0,163,136,27,inf,0.0,100.0,83.43558282208589,16.56441717791411
025AA,02,5AA,0,198,0,198,158,40,inf,0.0,100.0,79.7979797979798,20.2020202020202
025B,02,5B,0,266,0,266,197,69,inf,0.0,100.0,74.06015037593986,25.93984962406015
025C,02,5C,0,233,0,233,179,54,inf,0.0,100.0,76.82403433476395,23.17596566523605
025D,02,5D,0,214,1,213,172,41,inf,0.46728971962616817,99.53271028037383,80.37383177570094,19.158878504672895
025E,02,5E,0,275,0,275,230,45,inf,0.0,100.0,83.63636363636363,16.363636363636363
025F,02,5F,0,213,0,213,171,42,inf,0.0,100.0,80.28169014084507,19.718309859154928
025G,02,5G,0,275,0,275,224,51,inf,0.0,100.0,81.45454545454545,18.545454545454547
025H,02,5H,0,193,0,193,144,49,inf,0.0,100.0,74.61139896373057,25.38860103626943
025J,02,5J,0,171,0,171,140,31,inf,0.0,100.0,81.87134502923976,18.128654970760234
025K,02,5K,0,168,0,168,139,29,inf,0.0,100.0,82.73809523809523,17.261904761904763
025L,02,5L,0,364,1,363,292,71,inf,0.27472527472527475,99.72527472527473,80.21978021978022,19.505494505494507
025M,02,5M,0,253,0,253,219,34,inf,0.0,100.0,86.56126482213439,13.438735177865613
025N,02,5N,0,184,0,184,152,32,inf,0.0,100.0,82.6086956521739,17.391304347826086
025P,02,5P,0,213,1,212,177,35,inf,0.4694835680751174,99.53051643192488,83.09859154929578,16.431924882629108
025Q,02,5Q,0,210,2,208,154,54,inf,0.9523809523809524,99.04761904761905,73.33333333333333,25.71428571428571
025R,02,5R,0,244,1,243,189,54,inf,0.4098360655737705,99.59016393442623,77.45901639344262,22.131147540983605
025S,02,5S,0,279,0,279,212,67,inf,0.0,100.0,75.98566308243727,24.014336917562723
025T,02,5T,0,237,0,237,180,57,inf,0.0,100.0,75.9493670886076,24.050632911392405
025U,02,5U,0,237,0,237,180,57,inf,0.0,100.0,75.9493670886076,24.050632911392405
025V,02,5V,0,204,0,204,159,45,inf,0.0,100.0,77.94117647058823,22.058823529411764
025W,02,5W,0,227,0,227,179,48,inf,0.0,100.0,78.8546255506608,21.145374449339208
025X,02,5X,0,169,0,169,130,39,inf,0.0,100.0,76.92307692307693,23.076923076923077
025Y,02,5Y,0,161,1,160,119,41,inf,0.6211180124223602,99.37888198757764,73.91304347826086,25.465838509316768
025Z,02,5Z,0,162,1,161,131,30,inf,0.6172839506172839,99.38271604938271,80.8641975308642,18.51851851851852
026A,02,6A,0,230,0,230,164,66,inf,0.0,100.0,71.30434782608695,28.695652173913043
026AA,02,6AA,0,349,0,349,290,59,inf,0.0,100.0,83.0945558739255,16.9054441260745
026AB,02,6AB,0,221,0,221,155,66,inf,0.0,100.0,70.13574660633483,29.86425339366516
026B,02,6B,0,188,0,188,111,77,inf,0.0,100.0,59.04255319148937,40.95744680851064
026C,02,6C,0,207,0,207,164,43,inf,0.0,100.0,79.22705314009661,20.77294685990338
026D,02,6D,0,129,1,128,80,48,inf,0.7751937984496124,99.2248062015504,62.01550387596899,37.2093023255814
026E,02,6E,0,235,6,229,191,38,inf,2.553191489361702,97.44680851063829,81.27659574468085,16.170212765957448
026F,02,6F,0,160,0,160,130,30,inf,0.0,100.0,81.25,18.75
026G,02,6G,0,315,0,315,240,75,inf,0.0,100.0,76.19047619047619,23.809523809523807
026H,02,6H,0,247,0,247,207,40,inf,0.0,100.0,83.80566801619433,16.194331983805668
026J,02,6J,0,232,0,232,189,43,inf,0.0,100.0,81.46551724137932,18.53448275862069
026K,02,6K,0,235,0,235,174,61,inf,0.0,100.0,74.04255319148936,25.957446808510635
026L,02,6L,0,214,0,214,178,36,inf,0.0,100.0,83.17757009345794,16.822429906542055
026M,02,6M,0,212,0,212,171,41,inf,0.0,100.0,80.66037735849056,19.339622641509436
026N,02,6N,0,305,1,304,255,49,inf,0.32786885245901637,99.672131147541,83.60655737704919,16.065573770491802
026P,02,6P,0,226,0,226,180,46,inf,0.0,100.0,79.64601769911505,20.353982300884958
026Q,02,6Q,0,126,0,126,99,27,inf,0.0,100.0,78.57142857142857,21.428571428571427
026R,02,6R,0,202,1,201,164,37,inf,0.49504950495049505,99.5049504950495,81.1881188118812,18.316831683168317
026S,02,6S,0,235,0,235,194,41,inf,0.0,100.0,82.5531914893617,17.4468085106383
026T,02,6T,0,174,0,174,151,23,inf,0.0,100.0,86.7816091954023,13.218390804597702
026U,02,6U,0,167,0,167,137,30,inf,0.0,100.0,82.03592814371258,17.964071856287426
026V,02,6V,0,223,1,222,181,41,inf,0.4484304932735426,99.55156950672645,81.16591928251121,18.385650224215247
026W,02,6W,0,180,0,180,153,27,inf,0.0,100.0,85.0,15.0
026X,02,6X,0,199,0,199,170,29,inf,0.0,100.0,85.42713567839196,14.572864321608039
026Y,02,6Y,0,206,0,206,169,37,inf,0.0,100.0,82.03883495145631,17.96116504854369
026Z,02,6Z,0,214,0,214,165,49,inf,0.0,100.0,77.10280373831776,22.897196261682243
03100,03,100,1364,299,0,299,164,135,21.920821114369502,0.0,100.0,54.84949832775919,45.1505016722408
03101,03,101,880,157,1,156,72,84,17.84090909090909,0.6369426751592357,99.36305732484077,45.85987261146497,53.503184713375795
03102,03,102,1667,284,1,283,121,162,17.03659268146371,0.35211267605633806,99.64788732394366,42.6056338028169,57.04225352112676
03103,03,103,1515,158,1,157,44,113,10.42904290429043,0.6329113924050633,99.36708860759494,27.848101265822784,71.51898734177216
03104,03,104,1449,148,0,148,53,95,10.213940648723257,0.0,100.0,35.810810810810814,64.1891891891892
03105,03,105,1043,225,3,222,72,150,21.572387344199427,1.3333333333333335,98.66666666666667,32.0,66.66666666666666
03106,03,106,1295,131,0,131,31,100,10.115830115830116,0.0,100.0,23.66412213740458,76.33587786259542
03107,03,107,878,153,1,152,39,113,17.425968109339408,0.6535947712418301,99.34640522875817,25.49019607843137,73.8562091503268
03108,03,108,1326,203,0,203,74,129,15.309200603318251,0.0,100.0,36.45320197044335,63.54679802955665
03109,03,109,1455,338,0,338,78,260,23.230240549828178,0.0,100.0,23.076923076923077,76.92307692307693
03110,03,110,1404,231,1,230,87,143,16.45299145299145,0.4329004329004329,99.56709956709958,37.66233766233766,61.904761904761905
03111,03,111,1366,268,0,268,75,193,19.619326500732065,0.0,100.0,27.985074626865668,72.01492537313433
03112,03,112,1169,241,1,240,83,157,20.615911035072713,0.4149377593360996,99.5850622406639,34.439834024896264,65.14522821576763
03113,03,113,1483,338,2,336,103,233,22.791638570465274,0.591715976331361,99.40828402366864,30.473372781065088,68.93491124260355
03114,03,114,998,272,2,270,75,195,27.25450901803607,0.7352941176470588,99.26470588235294,27.573529411764707,71.69117647058823
03115,03,115,987,272,1,271,100,171,27.558257345491388,0.3676470588235294,99.63235294117648,36.76470588235294,62.86764705882353
03116,03,116,1548,296,1,295,90,205,19.12144702842377,0.33783783783783783,99.66216216216216,30.405405405405407,69.25675675675676
03117,03,117,1379,223,1,222,65,157,16.17113850616389,0.4484304932735426,99.55156950672645,29.14798206278027,70.4035874439462
03118,03,118,1365,328,1,327,117,210,24.02930402930403,0.3048780487804878,99.6951219512195,35.670731707317074,64.02439024390245
03119,03,119,1399,258,0,258,56,202,18.441744102930667,0.0,100.0,21.705426356589147,78.29457364341084
03120,03,120,1157,279,0,279,85,194,24.11408815903198,0.0,100.0,30.46594982078853,69.53405017921148
03121,03,121,1259,286,2,284,90,194,22.716441620333597,0.6993006993006993,99.3006993006993,31.46853146853147,67.83216783216784
03122,03,122,1262,342,0,342,95,247,27.099841521394612,0.0,100.0,27.77777777777778,72.22222222222221
03123,03,123,1282,354,0,354,102,252,27.613104524180965,0.0,100.0,28.8135593220339,71.1864406779661
03124,03,124,1105,317,0,317,116,201,28.687782805429862,0.0,100.0,36.59305993690852,63.40694006309149
03125,03,125,1276,347,0,347,69,278,27.19435736677116,0.0,100.0,19.88472622478386,80.11527377521614
03126,03,126,1090,274,0,274,66,208,25.137614678899084,0.0,100.0,24.087591240875913,75.91240875912408
03200,03,200,1399,366,0,366,116,250,26.161543959971407,0.0,100.0,31.693989071038253,68.30601092896174
03201,03,201,635,231,1,230,21,209,36.37795275590551,0.4329004329004329,99.56709956709958,9.090909090909092,90.47619047619048
03202,03,202,853,248,1,247,76,171,29.073856975381005,0.4032258064516129,99.59677419354838,30.64516129032258,68.95161290322581
03203,03,203,1358,247,0,247,61,186,18.188512518409425,0.0,100.0,24.696356275303643,75.30364372469636
03204,03,204,1152,190,0,190,47,143,16.493055555555554,0.0,100.0,24.736842105263158,75.26315789473685
03205,03,205,1423,261,1,260,76,184,18.341531974701336,0.38314176245210724,99.61685823754789,29.118773946360154,70.49808429118774
03206,03,206,1426,322,0,322,101,221,22.58064516129032,0.0,100.0,31.366459627329192,68.63354037267081
03207,03,207,1204,258,1,257,91,166,21.428571428571427,0.3875968992248062,99.6124031007752,35.27131782945737,64.34108527131784
03208,03,208,1453,257,2,255,88,167,17.687543014452856,0.7782101167315175,99.22178988326849,34.24124513618677,64.98054474708171
03209,03,209,1500,311,1,310,140,170,20.733333333333334,0.3215434083601286,99.67845659163987,45.01607717041801,54.662379421221864
03210,03,210,1207,261,1,260,123,137,21.623860811930406,0.38314176245210724,99.61685823754789,47.12643678160919,52.490421455938694
03211,03,211,1405,324,0,324,123,201,23.060498220640568,0.0,100.0,37.96296296296296,62.03703703703704
03212,03,212,1419,319,1,318,191,127,22.48062015503876,0.3134796238244514,99.68652037617555,59.87460815047022,39.811912225705335
03213,03,213,1476,380,3,377,203,174,25.745257452574528,0.7894736842105263,99.21052631578947,53.421052631578945,45.78947368421053
03214,03,214,1393,277,1,276,152,124,19.885139985642496,0.36101083032490977,99.63898916967509,54.87364620938629,44.765342960288805
03215,03,215,1333,273,0,273,68,205,20.4801200300075,0.0,100.0,24.90842490842491,75.0915750915751
03216,03,216,1520,296,1,295,127,168,19.473684210526315,0.33783783783783783,99.66216216216216,42.9054054054054,56.75675675675676
03217,03,217,1358,313,2,311,149,162,23.04860088365243,0.6389776357827476,99.36102236421725,47.6038338658147,51.75718849840255
03218,03,218,1217,259,1,258,99,159,21.281840591618735,0.3861003861003861,99.61389961389962,38.22393822393823,61.38996138996139
03219,03,219,1455,339,0,339,127,212,23.298969072164947,0.0,100.0,37.46312684365782,62.53687315634219
03220,03,220,1443,358,4,354,188,166,24.80942480942481,1.1173184357541899,98.88268156424581,52.513966480446925,46.36871508379888
03221,03,221,1225,260,0,260,113,147,21.224489795918366,0.0,100.0,43.46153846153846,56.53846153846154
03222,03,222,1310,271,0,271,71,200,20.687022900763356,0.0,100.0,26.199261992619927,73.80073800738008
03223,03,223,1351,307,0,307,110,197,22.723908216136195,0.0,100.0,35.83061889250814,64.16938110749186
03224,03,224,1209,266,1,265,121,144,22.001654259718777,0.37593984962406013,99.62406015037594,45.48872180451128,54.13533834586466
03300,03,300,1296,262,0,262,87,175,20.21604938271605,0.0,100.0,33.20610687022901,66.79389312977099
03301,03,301,1322,328,1,327,148,179,24.81089258698941,0.3048780487804878,99.6951219512195,45.1219512195122,54.57317073170732
03302,03,302,1529,206,3,203,87,116,13.472858077174624,1.4563106796116505,98.54368932038835,42.23300970873786,56.310679611650485
03303,03,303,1335,168,0,168,61,107,12.584269662921349,0.0,100.0,36.30952380952381,63.69047619047619
03304,03,304,1341,295,0,295,105,190,21.998508575689783,0.0,100.0,35.59322033898305,64.40677966101694
03305,03,305,1459,359,4,355,180,175,24.605894448252226,1.1142061281337048,98.88579387186628,50.13927576601671,48.74651810584958
03306,03,306,1784,389,1,388,197,191,21.804932735426007,0.2570694087403599,99.74293059125964,50.6426735218509,49.10025706940874
03307,03,307,1373,326,0,326,191,135,23.743627093954846,0.0,100.0,58.58895705521472,41.41104294478527
03308,03,308,1441,331,1,330,189,141,22.970159611380986,0.3021148036253776,99.69788519637463,57.09969788519638,42.59818731117825
03309,03,309,1337,314,3,311,192,119,23.485415108451758,0.9554140127388535,99.04458598726114,61.146496815286625,37.898089171974526
03310,03,310,1395,338,0,338,226,112,24.229390681003586,0.0,100.0,66.86390532544378,33.13609467455622
03311,03,311,1535,325,0,325,222,103,21.172638436482085,0.0,100.0,68.3076923076923,31.692307692307693
03312,03,312,1385,383,0,383,284,99,27.653429602888085,0.0,100.0,74.1514360313316,25.848563968668408
03313,03,313,1432,374,3,371,213,158,26.11731843575419,0.8021390374331552,99.19786096256684,56.951871657754005,42.24598930481284
03314,03,314,1443,289,0,289,223,66,20.02772002772003,0.0,100.0,77.16262975778547,22.837370242214533
03315,03,315,1192,355,2,353,264,89,29.78187919463087,0.5633802816901409,99.43661971830986,74.36619718309859,25.070422535211268
03316,03,316,1255,323,2,321,225,96,25.737051792828687,0.6191950464396285,99.38080495356037,69.65944272445822,29.721362229102166
03317,03,317,1654,405,1,404,304,100,24.486094316807737,0.24691358024691357,99.75308641975309,75.06172839506173,24.691358024691358
03318,03,318,1203,313,2,311,238,73,26.01828761429759,0.6389776357827476,99.36102236421725,76.03833865814697,23.322683706070286
03319,03,319,1413,263,0,263,127,136,18.612880396319888,0.0,100.0,48.28897338403042,51.71102661596958
03320,03,320,1310,289,3,286,194,92,22.061068702290076,1.0380622837370241,98.96193771626297,67.1280276816609,31.833910034602077
03321,03,321,1292,317,1,316,171,145,24.53560371517028,0.31545741324921134,99.6845425867508,53.94321766561514,45.74132492113564
03322,03,322,1216,328,0,328,236,92,26.973684210526315,0.0,100.0,71.95121951219512,28.04878048780488
03323,03,323,1109,279,0,279,194,85,25.15779981965735,0.0,100.0,69.53405017921148,30.46594982078853
03400,03,400,1569,267,0,267,111,156,17.01720841300191,0.0,100.0,41.57303370786517,58.42696629213483
03401,03,401,1411,288,3,285,132,153,20.41105598866052,1.0416666666666665,98.95833333333334,45.83333333333333,53.125
03402,03,402,1445,304,3,301,127,174,21.038062283737023,0.9868421052631579,99.01315789473685,41.776315789473685,57.23684210526315
03403,03,403,1504,315,2,313,195,118,20.944148936170212,0.6349206349206349,99.36507936507937,61.904761904761905,37.46031746031746
03404,03,404,1505,364,1,363,230,133,24.186046511627907,0.27472527472527475,99.72527472527473,63.18681318681318,36.53846153846153
03405,03,405,1542,270,1,269,139,130,17.509727626459142,0.3703703703703704,99.62962962962963,51.48148148148148,48.148148148148145
03406,03,406,1717,273,2,271,134,137,15.899825276645313,0.7326007326007326,99.26739926739927,49.08424908424908,50.18315018315018
03407,03,407,1475,246,1,245,77,168,16.677966101694917,0.40650406504065045,99.59349593495935,31.300813008130078,68.29268292682927
03408,03,408,1665,256,0,256,94,162,15.375375375375375,0.0,100.0,36.71875,63.28125
03409,03,409,1605,310,2,308,119,189,19.314641744548286,0.6451612903225806,99.35483870967742,38.387096774193544,60.967741935483865
03410,03,410,1292,248,0,248,146,102,19.195046439628484,0.0,100.0,58.87096774193549,41.12903225806452
03411,03,411,1633,329,0,329,88,241,20.14696876913656,0.0,100.0,26.74772036474164,73.25227963525836
03412,03,412,1512,358,1,357,119,238,23.677248677248677,0.27932960893854747,99.72067039106145,33.24022346368715,66.4804469273743
03413,03,413,1455,353,0,353,81,272,24.261168384879724,0.0,100.0,22.946175637393768,77.05382436260622
03414,03,414,1496,401,0,401,92,309,26.8048128342246,0.0,100.0,22.942643391521198,77.0573566084788
03415,03,415,1369,327,1,326,74,252,23.886048210372536,0.3058103975535168,99.69418960244649,22.629969418960243,77.06422018348624
03416,03,416,1324,268,1,267,127,140,20.241691842900302,0.3731343283582089,99.6268656716418,47.38805970149254,52.23880597014925
03417,03,417,1546,208,0,208,77,131,13.454075032341525,0.0,100.0,37.019230769230774,62.980769230769226
03418,03,418,1420,309,0,309,78,231,21.76056338028169,0.0,100.0,25.24271844660194,74.75728155339806
03500,03,500,1322,273,0,273,165,108,20.650529500756427,0.0,100.0,60.43956043956044,39.56043956043956
03501,03,501,1655,334,1,333,165,168,20.181268882175228,0.29940119760479045,99.7005988023952,49.40119760479042,50.29940119760479
03502,03,502,1300,337,2,335,223,112,25.92307692307692,0.5934718100890208,99.40652818991099,66.17210682492582,33.23442136498516
03503,03,503,1358,328,1,327,208,119,24.153166421207658,0.3048780487804878,99.6951219512195,63.41463414634146,36.28048780487805
03504,03,504,1376,366,2,364,271,93,26.598837209302324,0.546448087431694,99.4535519125683,74.04371584699454,25.40983606557377
03505,03,505,1390,281,1,280,180,100,20.215827338129497,0.3558718861209964,99.644128113879,64.05693950177937,35.587188612099645
03506,03,506,1710,333,1,332,212,120,19.473684210526315,0.3003003003003003,99.69969969969969,63.66366366366366,36.03603603603604
03507,03,507,1570,288,3,285,149,136,18.343949044585987,1.0416666666666665,98.95833333333334,51.736111111111114,47.22222222222222
03508,03,508,1427,282,1,281,156,125,19.761737911702873,0.3546099290780142,99.64539007092199,55.319148936170215,44.32624113475177
03509,03,509,1460,232,3,229,120,109,15.890410958904111,1.293103448275862,98.70689655172413,51.724137931034484,46.98275862068966
03510,03,510,1439,291,0,291,124,167,20.222376650451704,0.0,100.0,42.61168384879725,57.388316151202744
03511,03,511,1328,320,1,319,215,104,24.096385542168676,0.3125,99.6875,67.1875,32.5
03512,03,512,1427,302,2,300,157,143,21.163279607568324,0.6622516556291391,99.33774834437085,51.98675496688742,47.35099337748344
03513,03,513,1416,343,1,342,174,168,24.22316384180791,0.2915451895043732,99.70845481049562,50.72886297376093,48.97959183673469
03514,03,514,1459,229,0,229,112,117,15.695681973954764,0.0,100.0,48.90829694323144,51.09170305676856
03515,03,515,1498,344,1,343,148,195,22.963951935914555,0.29069767441860467,99.70930232558139,43.02325581395349,56.68604651162791
03516,03,516,1618,416,5,411,139,272,25.710754017305316,1.201923076923077,98.79807692307693,33.41346153846153,65.38461538461539
03517,03,517,1414,372,0,372,106,266,26.308345120226306,0.0,100.0,28.49462365591398,71.50537634408603
03518,03,518,1251,270,0,270,182,88,21.58273381294964,0.0,100.0,67.4074074074074,32.592592592592595
03519,03,519,1351,289,0,289,193,96,21.39156180606958,0.0,100.0,66.78200692041523,33.21799307958477
03520,03,520,1361,297,0,297,201,96,21.822189566495222,0.0,100.0,67.67676767676768,32.323232323232325
03600,03,600,1194,315,1,314,239,75,26.38190954773869,0.31746031746031744,99.68253968253968,75.87301587301587,23.809523809523807
03601,03,601,1304,226,0,226,167,59,17.33128834355828,0.0,100.0,73.89380530973452,26.10619469026549
03602,03,602,1499,333,2,331,249,82,22.214809873248832,0.6006006006006006,99.3993993993994,74.77477477477478,24.624624624624623
03603,03,603,1137,302,1,301,216,85,26.561125769569045,0.33112582781456956,99.66887417218543,71.52317880794702,28.14569536423841
03604,03,604,1384,406,0,406,307,99,29.335260115606935,0.0,100.0,75.61576354679804,24.38423645320197
03605,03,605,1122,300,0,300,243,57,26.737967914438503,0.0,100.0,81.0,19.0
03606,03,606,1225,322,2,320,245,75,26.285714285714285,0.6211180124223602,99.37888198757764,76.08695652173914,23.29192546583851
03607,03,607,1365,360,2,358,297,61,26.373626373626376,0.5555555555555556,99.44444444444444,82.5,16.944444444444446
03608,03,608,1576,423,1,422,362,60,26.84010152284264,0.2364066193853428,99.76359338061465,85.57919621749409,14.184397163120568
03609,03,609,938,217,1,216,163,53,23.134328358208954,0.4608294930875576,99.53917050691244,75.11520737327189,24.42396313364055
03610,03,610,1090,297,1,296,205,91,27.247706422018346,0.33670033670033667,99.66329966329967,69.02356902356902,30.63973063973064
03611,03,611,1239,272,0,272,206,66,21.95318805488297,0.0,100.0,75.73529411764706,24.264705882352942
03612,03,612,1324,343,0,343,270,73,25.90634441087613,0.0,100.0,78.71720116618076,21.282798833819243
03613,03,613,1481,358,1,357,276,81,24.172856178257934,0.27932960893854747,99.72067039106145,77.09497206703911,22.62569832402235
03614,03,614,1190,315,1,314,256,58,26.47058823529412,0.31746031746031744,99.68253968253968,81.26984126984127,18.412698412698415
03615,03,615,899,242,0,242,207,35,26.918798665183534,0.0,100.0,85.53719008264463,14.46280991735537
03616,03,616,772,195,0,195,157,38,25.259067357512954,0.0,100.0,80.51282051282051,19.48717948717949
03617,03,617,1577,387,0,387,315,72,24.540266328471784,0.0,100.0,81.3953488372093,18.6046511627907
03618,03,618,813,209,2,207,167,40,25.707257072570727,0.9569377990430622,99.04306220095694,79.90430622009569,19.138755980861244
03619,03,619,944,233,2,231,179,52,24.68220338983051,0.8583690987124464,99.14163090128756,76.82403433476395,22.317596566523605
03620,03,620,1404,367,0,367,295,72,26.139601139601137,0.0,100.0,80.38147138964578,19.618528610354225
03621,03,621,1291,271,1,270,199,71,20.99147947327653,0.36900369003690037,99.63099630996311,73.43173431734317,26.199261992619927
03622,03,622,1190,263,1,262,216,46,22.100840336134453,0.38022813688212925,99.61977186311786,82.12927756653993,17.490494296577946
03623,03,623,1190,326,0,326,253,73,27.39495798319328,0.0,100.0,77.60736196319019,22.392638036809817
03624,03,624,1352,343,2,341,279,62,25.3698224852071,0.5830903790087464,99.41690962099126,81.34110787172013,18.075801749271136
03700,03,700,1239,308,1,307,231,76,24.858757062146893,0.3246753246753247,99.67532467532467,75.0,24.675324675324674
03701,03,701,1353,271,0,271,172,99,20.029563932002954,0.0,100.0,63.46863468634686,36.53136531365313
03702,03,702,1105,270,1,269,161,108,24.43438914027149,0.3703703703703704,99.62962962962963,59.62962962962963,40.0
03703,03,703,1353,299,1,298,189,109,22.099039172209903,0.33444816053511706,99.66555183946488,63.21070234113713,36.45484949832776
03704,03,704,1332,271,0,271,161,110,20.345345345345343,0.0,100.0,59.40959409594095,40.59040590405904
03705,03,705,1101,279,0,279,179,100,25.340599455040874,0.0,100.0,64.15770609318996,35.842293906810035
03706,03,706,1332,206,0,206,115,91,15.465465465465467,0.0,100.0,55.8252427184466,44.1747572815534
03707,03,707,1453,277,2,275,205,70,19.064005505849966,0.7220216606498195,99.27797833935018,74.0072202166065,25.27075812274368
03708,03,708,1338,307,3,304,224,80,22.944693572496263,0.9771986970684038,99.0228013029316,72.9641693811075,26.058631921824105
03709,03,709,1458,303,1,302,235,67,20.781893004115226,0.33003300330033003,99.66996699669967,77.55775577557755,22.112211221122113
03710,03,710,1555,325,0,325,197,128,20.90032154340836,0.0,100.0,60.61538461538461,39.38461538461539
03711,03,711,1459,237,1,236,155,81,16.24400274160384,0.42194092827004215,99.57805907172997,65.40084388185655,34.177215189873415
03712,03,712,1492,291,0,291,207,84,19.50402144772118,0.0,100.0,71.1340206185567,28.865979381443296
03713,03,713,1157,297,2,295,234,61,25.66983578219533,0.6734006734006733,99.32659932659934,78.78787878787878,20.53872053872054
03714,03,714,1142,267,2,265,181,84,23.380035026269702,0.7490636704119851,99.25093632958801,67.79026217228464,31.46067415730337
03715,03,715,1053,254,0,254,173,81,24.121557454890787,0.0,100.0,68.11023622047244,31.88976377952756
03716,03,716,1319,302,1,301,229,72,22.896133434420015,0.33112582781456956,99.66887417218543,75.82781456953643,23.841059602649008
03717,03,717,1275,274,0,274,193,81,21.490196078431374,0.0,100.0,70.43795620437956,29.56204379562044
03718,03,718,1359,332,2,330,220,110,24.429727740986017,0.6024096385542169,99.3975903614458,66.26506024096386,33.13253012048193
03719,03,719,1285,285,2,283,196,87,22.17898832684825,0.7017543859649122,99.29824561403508,68.77192982456141,30.526315789473685
03720,03,720,1317,315,1,314,242,72,23.917995444191344,0.31746031746031744,99.68253968253968,76.82539682539684,22.857142857142858
03721,03,721,1112,256,1,255,178,77,23.021582733812952,0.390625,99.609375,69.53125,30.078125
03722,03,722,995,214,0,214,138,76,21.50753768844221,0.0,100.0,64.48598130841121,35.51401869158878
03800,03,800,1663,329,2,327,153,174,19.78352375225496,0.60790273556231,99.3920972644377,46.504559270516715,52.88753799392097
03801,03,801,1018,242,1,241,188,53,23.772102161100197,0.4132231404958678,99.58677685950413,77.68595041322314,21.90082644628099
03802,03,802,1126,279,4,275,218,57,24.77797513321492,1.4336917562724014,98.56630824372759,78.13620071684588,20.43010752688172
03803,03,803,1277,356,1,355,274,81,27.877838684416602,0.2808988764044944,99.71910112359551,76.96629213483146,22.752808988764045
03804,03,804,768,221,0,221,170,51,28.776041666666668,0.0,100.0,76.92307692307693,23.076923076923077
03805,03,805,827,217,1,216,181,35,26.23941958887545,0.4608294930875576,99.53917050691244,83.41013824884793,16.129032258064516
03806,03,806,1342,329,0,329,268,61,24.51564828614009,0.0,100.0,81.45896656534954,18.541033434650455
03807,03,807,1038,303,0,303,243,60,29.190751445086704,0.0,100.0,80.19801980198021,19.801980198019802
03808,03,808,1165,270,0,270,217,53,23.17596566523605,0.0,100.0,80.37037037037037,19.62962962962963
03809,03,809,1196,218,1,217,111,106,18.22742474916388,0.45871559633027525,99.54128440366972,50.917431192660544,48.62385321100918
03810,03,810,1329,306,2,304,247,57,23.024830699774267,0.6535947712418301,99.34640522875817,80.71895424836602,18.627450980392158
03811,03,811,1383,309,0,309,222,87,22.342733188720175,0.0,100.0,71.84466019417476,28.155339805825243
03812,03,812,1151,280,1,279,202,77,24.326672458731537,0.35714285714285715,99.64285714285714,72.14285714285714,27.500000000000004
03813,03,813,1117,258,1,257,179,78,23.097582811101162,0.3875968992248062,99.6124031007752,69.37984496124031,30.23255813953488
03814,03,814,1514,394,0,394,318,76,26.023778071334213,0.0,100.0,80.71065989847716,19.289340101522843
03815,03,815,1567,414,1,413,338,75,26.419910657306957,0.24154589371980675,99.7584541062802,81.64251207729468,18.115942028985508
03816,03,816,1001,280,0,280,221,59,27.972027972027973,0.0,100.0,78.92857142857143,21.071428571428573
03817,03,817,1287,272,2,270,206,64,21.134421134421135,0.7352941176470588,99.26470588235294,75.73529411764706,23.52941176470588
03818,03,818,1290,249,1,248,192,56,19.302325581395348,0.4016064257028112,99.59839357429718,77.10843373493977,22.48995983935743
03819,03,819,959,213,0,213,180,33,22.21063607924922,0.0,100.0,84.50704225352112,15.492957746478872
03820,03,820,1132,279,0,279,221,58,24.646643109540637,0.0,100.0,79.21146953405018,20.78853046594982
03821,03,821,1070,268,2,266,215,51,25.04672897196262,0.7462686567164178,99.25373134328358,80.22388059701493,19.029850746268657
03822,03,822,1255,251,1,250,176,74,20.0,0.398406374501992,99.60159362549801,70.1195219123506,29.482071713147413
03823,03,823,1294,359,2,357,265,92,27.743431221020092,0.5571030640668524,99.44289693593315,73.81615598885793,25.62674094707521
03900,03,900,1264,320,2,318,193,125,25.31645569620253,0.625,99.375,60.3125,39.0625
03901,03,901,1314,357,1,356,238,118,27.168949771689498,0.2801120448179272,99.71988795518207,66.66666666666666,33.0532212885154
03902,03,902,1378,317,0,317,134,183,23.00435413642961,0.0,100.0,42.27129337539432,57.72870662460568
03903,03,903,1276,319,1,318,218,100,25.0,0.3134796238244514,99.68652037617555,68.3385579937304,31.347962382445143
03904,03,904,1341,359,1,358,238,120,26.771066368381806,0.2785515320334262,99.72144846796658,66.29526462395543,33.42618384401114
03905,03,905,1240,218,0,218,101,117,17.580645161290324,0.0,100.0,46.330275229357795,53.669724770642205
03906,03,906,1032,177,0,177,59,118,17.151162790697676,0.0,100.0,33.33333333333333,66.66666666666666
03907,03,907,1061,180,0,180,53,127,16.96512723845429,0.0,100.0,29.444444444444446,70.55555555555556
03908,03,908,1469,248,1,247,120,127,16.882232811436353,0.4032258064516129,99.59677419354838,48.38709677419355,51.20967741935484
03909,03,909,971,236,0,236,108,128,24.3048403707518,0.0,100.0,45.76271186440678,54.23728813559322
03910,03,910,1076,128,1,127,70,57,11.895910780669144,0.78125,99.21875,54.6875,44.53125
03911,03,911,1325,258,1,257,173,84,19.471698113207548,0.3875968992248062,99.6124031007752,67.05426356589147,32.55813953488372
03912,03,912,1412,280,0,280,187,93,19.8300283286119,0.0,100.0,66.78571428571428,33.214285714285715
03913,03,913,864,177,2,175,105,70,20.48611111111111,1.1299435028248588,98.87005649717514,59.32203389830508,39.548022598870055
03914,03,914,1153,233,2,231,179,52,20.2081526452732,0.8583690987124464,99.14163090128756,76.82403433476395,22.317596566523605
03915,03,915,839,177,1,176,117,59,21.096543504171635,0.5649717514124294,99.43502824858757,66.10169491525424,33.33333333333333
03916,03,916,1290,339,2,337,261,76,26.27906976744186,0.5899705014749262,99.41002949852508,76.99115044247787,22.418879056047196
03917,03,917,1511,363,1,362,285,77,24.023825281270682,0.27548209366391185,99.72451790633609,78.51239669421489,21.21212121212121
03918,03,918,1410,344,2,342,271,71,24.397163120567374,0.5813953488372093,99.4186046511628,78.77906976744185,20.63953488372093
03919,03,919,1161,323,2,321,250,71,27.820844099913867,0.6191950464396285,99.38080495356037,77.39938080495357,21.981424148606813
03920,03,920,1084,163,0,163,55,108,15.036900369003689,0.0,100.0,33.74233128834356,66.25766871165644
03921,03,921,1086,204,2,202,120,82,18.784530386740332,0.9803921568627451,99.01960784313727,58.82352941176471,40.19607843137255
03922,03,922,1673,461,1,460,314,146,27.555289898386132,0.21691973969631237,99.78308026030369,68.11279826464208,31.670281995661604
03923,03,923,602,49,1,48,23,25,8.13953488372093,2.0408163265306123,97.95918367346938,46.93877551020408,51.02040816326531
03924,03,924,1338,279,1,278,216,62,20.85201793721973,0.35842293906810035,99.6415770609319,77.41935483870968,22.22222222222222
03925,03,925,1253,268,0,268,198,70,21.388667198723066,0.0,100.0,73.88059701492537,26.119402985074625
03926,03,926,1370,318,1,317,229,88,23.21167883211679,0.3144654088050315,99.68553459119497,72.0125786163522,27.67295597484277
031A,03,1A,0,997,1,996,392,604,inf,0.10030090270812438,99.89969909729187,39.317953861584755,60.58174523570712
031B,03,1B,0,797,4,793,248,545,inf,0.5018820577164366,99.49811794228356,31.11668757841907,68.3814303638645
031C,03,1C,0,656,0,656,204,452,inf,0.0,100.0,31.097560975609756,68.90243902439023
031D,03,1D,0,805,3,802,238,564,inf,0.37267080745341613,99.62732919254658,29.565217391304348,70.06211180124224
031E,03,1E,0,584,0,584,218,366,inf,0.0,100.0,37.32876712328767,62.671232876712324
031F,03,1F,0,783,3,780,254,526,inf,0.38314176245210724,99.61685823754789,32.43933588761175,67.17752234993614
031G,03,1G,0,0,0,0,0,0,0.0,0.0,0.0,0.0,0.0
031H,03,1H,0,709,1,708,213,495,inf,0.14104372355430184,99.8589562764457,30.04231311706629,69.81664315937941
031I,03,1I,0,0,0,0,0,0,0.0,0.0,0.0,0.0,0.0
031K,03,1K,0,0,0,0,0,0,0.0,0.0,0.0,0.0,0.0
031L,03,1L,0,0,0,0,0,0,0.0,0.0,0.0,0.0,0.0
031M,03,1M,0,0,0,0,0,0,0.0,0.0,0.0,0.0,0.0
031N,03,1N,0,0,0,0,0,0,0.0,0.0,0.0,0.0,0.0
032A,03,2A,0,1064,0,1064,436,628,inf,0.0,100.0,40.97744360902256,59.02255639097744
032B,03,2B,0,857,2,855,341,514,inf,0.2333722287047841,99.76662777129522,39.78996499416569,59.97666277712952
032C,03,2C,0,917,0,917,342,575,inf,0.0,100.0,37.29552889858233,62.70447110141767
032D,03,2D,0,1082,0,1082,406,676,inf,0.0,100.0,37.52310536044362,62.47689463955638
032E,03,2E,0,1084,1,1083,487,596,inf,0.09225092250922509,99.90774907749078,44.92619926199262,54.981549815498155
032F,03,2F,0,1029,2,1027,443,584,inf,0.1943634596695821,99.80563654033043,43.051506316812436,56.754130223517976
032G,03,2G,0,0,0,0,0,0,0.0,0.0,0.0,0.0,0.0
032H,03,2H,0,0,0,0,0,0,0.0,0.0,0.0,0.0,0.0
032I,03,2I,0,0,0,0,0,0,0.0,0.0,0.0,0.0,0.0
032K,03,2K,0,0,0,0,0,0,0.0,0.0,0.0,0.0,0.0
032L,03,2L,0,0,0,0,0,0,0.0,0.0,0.0,0.0,0.0
032M,03,2M,0,0,0,0,0,0,0.0,0.0,0.0,0.0,0.0
032N,03,2N,0,0,0,0,0,0,0.0,0.0,0.0,0.0,0.0
033A,03,3A,0,1061,0,1061,571,490,inf,0.0,100.0,53.817153628652214,46.182846371347786
033B,03,3B,0,1081,2,1079,698,381,inf,0.18501387604070307,99.81498612395929,64.56984273820537,35.24514338575393
033C,03,3C,0,1016,1,1015,633,382,inf,0.09842519685039369,99.9015748031496,62.303149606299215,37.59842519685039
033D,03,3D,0,1184,4,1180,754,426,inf,0.33783783783783783,99.66216216216216,63.682432432432435,35.97972972972973
033E,03,3E,0,967,1,966,580,386,inf,0.1034126163391934,99.8965873836608,59.97931747673216,39.917269906928645
033F,03,3F,0,981,4,977,575,402,inf,0.40774719673802245,99.59225280326199,58.613659531090725,40.97859327217125
033G,03,3G,0,0,0,0,0,0,0.0,0.0,0.0,0.0,0.0
033H,03,3H,0,0,0,0,0,0,0.0,0.0,0.0,0.0,0.0
033I,03,3I,0,0,0,0,0,0,0.0,0.0,0.0,0.0,0.0
033K,03,3K,0,0,0,0,0,0,0.0,0.0,0.0,0.0,0.0
033L,03,3L,0,0,0,0,0,0,0.0,0.0,0.0,0.0,0.0
033M,03,3M,0,0,0,0,0,0,0.0,0.0,0.0,0.0,0.0
034A,03,4A,0,686,0,686,246,440,inf,0.0,100.0,35.8600583090379,64.1399416909621
034B,03,4B,0,1131,2,1129,361,768,inf,0.17683465959328026,99.82316534040672,31.918656056587093,67.90450928381962
034C,03,4C,0,1048,2,1046,486,560,inf,0.19083969465648853,99.80916030534351,46.37404580152672,53.43511450381679
034D,03,4D,0,1022,24,998,433,565,inf,2.3483365949119372,97.65166340508806,42.36790606653621,55.283757338551865
034E,03,4E,0,888,3,885,497,388,inf,0.33783783783783783,99.66216216216216,55.968468468468465,43.69369369369369
034F,03,4F,0,0,0,0,0,0,0.0,0.0,0.0,0.0,0.0
034G,03,4G,0,0,0,0,0,0,0.0,0.0,0.0,0.0,0.0
034H,03,4H,0,0,0,0,0,0,0.0,0.0,0.0,0.0,0.0
034I,03,4I,0,0,0,0,0,0,0.0,0.0,0.0,0.0,0.0
034K,03,4K,0,0,0,0,0,0,0.0,0.0,0.0,0.0,0.0
034L,03,4L,0,0,0,0,0,0,0.0,0.0,0.0,0.0,0.0
035A,03,5A,0,922,4,918,485,433,inf,0.43383947939262474,99.56616052060737,52.603036876355745,46.963123644251624
035B,03,5B,0,834,0,834,319,515,inf,0.0,100.0,38.249400479616305,61.750599520383695
035C,03,5C,0,952,3,949,611,338,inf,0.31512605042016806,99.68487394957984,64.18067226890757,35.50420168067227
035D,03,5D,0,1007,1,1006,669,337,inf,0.09930486593843098,99.90069513406156,66.43495531281033,33.46573982125124
035E,03,5E,0,1013,4,1009,629,380,inf,0.3948667324777887,99.60513326752222,62.09279368213229,37.51233958538993
035F,03,5F,0,878,4,874,458,416,inf,0.45558086560364464,99.54441913439635,52.16400911161732,47.380410022779046
035G,03,5G,0,0,0,0,0,0,0.0,0.0,0.0,0.0,0.0
035H,03,5H,0,0,0,0,0,0,0.0,0.0,0.0,0.0,0.0
035I,03,5I,0,0,0,0,0,0,0.0,0.0,0.0,0.0,0.0
035K,03,5K,0,0,0,0,0,0,0.0,0.0,0.0,0.0,0.0
035L,03,5L,0,0,0,0,0,0,0.0,0.0,0.0,0.0,0.0
035M,03,5M,0,0,0,0,0,0,0.0,0.0,0.0,0.0,0.0
036A,03,6A,0,906,0,906,820,86,inf,0.0,100.0,90.50772626931567,9.492273730684326
036B,03,6B,0,1029,2,1027,799,228,inf,0.1943634596695821,99.80563654033043,77.64820213799806,22.157434402332363
036C,03,6C,0,921,2,919,717,202,inf,0.21715526601520088,99.7828447339848,77.85016286644951,21.932681867535287
036D,03,6D,0,842,0,842,654,188,inf,0.0,100.0,77.67220902612827,22.327790973871732
036E,03,6E,0,1130,2,1128,855,273,inf,0.17699115044247787,99.82300884955752,75.66371681415929,24.15929203539823
036F,03,6F,0,771,1,770,590,180,inf,0.12970168612191957,99.87029831387808,76.52399481193255,23.346303501945524
036G,03,6G,0,755,0,755,596,159,inf,0.0,100.0,78.94039735099338,21.059602649006624
036H,03,6H,0,0,0,0,0,0,0.0,0.0,0.0,0.0,0.0
036I,03,6I,0,0,0,0,0,0,0.0,0.0,0.0,0.0,0.0
036K,03,6K,0,0,0,0,0,0,0.0,0.0,0.0,0.0,0.0
036L,03,6L,0,0,0,0,0,0,0.0,0.0,0.0,0.0,0.0
036M,03,6M,0,0,0,0,0,0,0.0,0.0,0.0,0.0,0.0
036N,03,6N,0,0,0,0,0,0,0.0,0.0,0.0,0.0,0.0
036P,03,6P,0,0,0,0,0,0,0.0,0.0,0.0,0.0,0.0
037A,03,7A,0,967,1,966,671,295,inf,0.1034126163391934,99.8965873836608,69.38986556359876,30.50672182006205
037B,03,7B,0,774,2,772,491,281,inf,0.2583979328165375,99.74160206718346,63.43669250645995,36.304909560723516
037C,03,7C,0,847,2,845,558,287,inf,0.23612750885478156,99.76387249114522,65.87957497048406,33.88429752066116
037D,03,7D,0,878,1,877,544,333,inf,0.11389521640091116,99.88610478359908,61.958997722095674,37.92710706150342
037E,03,7E,0,1083,1,1082,817,265,inf,0.09233610341643582,99.90766389658357,75.43859649122807,24.469067405355492
037F,03,7F,0,992,0,992,695,297,inf,0.0,100.0,70.06048387096774,29.939516129032256
037G,03,7G,0,0,0,0,0,0,0.0,0.0,0.0,0.0,0.0
037H,03,7H,0,0,0,0,0,0,0.0,0.0,0.0,0.0,0.0
037I,03,7I,0,0,0,0,0,0,0.0,0.0,0.0,0.0,0.0
037K,03,7K,0,0,0,0,0,0,0.0,0.0,0.0,0.0,0.0
037L,03,7L,0,0,0,0,0,0,0.0,0.0,0.0,0.0,0.0
037M,03,7M,0,0,0,0,0,0,0.0,0.0,0.0,0.0,0.0
038A,03,8A,0,886,1,885,599,286,inf,0.1128668171557562,99.88713318284425,67.60722347629797,32.27990970654628
038B,03,8B,0,683,1,682,522,160,inf,0.14641288433382138,99.85358711566617,76.42752562225475,23.42606149341142
038C,03,8C,0,913,3,910,681,229,inf,0.32858707557502737,99.67141292442497,74.58926615553122,25.08214676889376
038D,03,8D,0,801,0,801,613,188,inf,0.0,100.0,76.52933832709114,23.470661672908864
038E,03,8E,0,891,0,891,653,238,inf,0.0,100.0,73.28843995510663,26.71156004489338
038F,03,8F,0,960,0,960,647,313,inf,0.0,100.0,67.39583333333333,32.604166666666664
038G,03,8G,0,578,2,576,464,112,inf,0.34602076124567477,99.65397923875432,80.27681660899654,19.377162629757784
038H,03,8H,0,0,0,0,0,0,0.0,0.0,0.0,0.0,0.0
038I,03,8I,0,0,0,0,0,0,0.0,0.0,0.0,0.0,0.0
038K,03,8K,0,0,0,0,0,0,0.0,0.0,0.0,0.0,0.0
038L,03,8L,0,0,0,0,0,0,0.0,0.0,0.0,0.0,0.0
038M,03,8M,0,0,0,0,0,0,0.0,0.0,0.0,0.0,0.0
038N,03,8N,0,0,0,0,0,0,0.0,0.0,0.0,0.0,0.0
038P,03,8P,0,0,0,0,0,0,0.0,0.0,0.0,0.0,0.0
039A,03,9A,0,823,1,822,547,275,inf,0.12150668286755771,99.87849331713244,66.46415552855407,33.41433778857837
039B,03,9B,0,1099,6,1093,788,305,inf,0.5459508644222021,99.45404913557779,71.70154686078253,27.752502274795273
039C,03,9C,0,1012,0,1012,646,366,inf,0.0,100.0,63.83399209486166,36.16600790513834
039D,03,9D,0,727,1,726,494,232,inf,0.1375515818431912,99.86244841815682,67.95048143053644,31.911966987620353
039E,03,9E,0,672,1,671,403,268,inf,0.1488095238095238,99.85119047619048,59.970238095238095,39.88095238095239
039F,03,9F,0,741,0,741,458,283,inf,0.0,100.0,61.80836707152496,38.19163292847503
039G,03,9G,0,692,1,691,394,297,inf,0.1445086705202312,99.85549132947978,56.936416184971094,42.919075144508675
039H,03,9H,0,0,0,0,0,0,0.0,0.0,0.0,0.0,0.0
039I,03,9I,0,0,0,0,0,0,0.0,0.0,0.0,0.0,0.0
039K,03,9K,0,0,0,0,0,0,0.0,0.0,0.0,0.0,0.0
039L,03,9L,0,0,0,0,0,0,0.0,0.0,0.0,0.0,0.0
039M,03,9M,0,0,0,0,0,0,0.0,0.0,0.0,0.0,0.0
039N,03,9N,0,0,0,0,0,0,0.0,0.0,0.0,0.0,0.0
039P,03,9P,0,0,0,0,0,0,0.0,0.0,0.0,0.0,0.0
039Q,03,9Q,0,0,0,0,0,0,0.0,0.0,0.0,0.0,0.0
04101,04,101,1114,143,0,143,59,84,12.836624775583482,0.0,100.0,41.25874125874126,58.74125874125874
04102,04,102,659,72,1,71,42,29,10.925644916540213,1.3888888888888888,98.61111111111111,58.333333333333336,40.27777777777778
04103,04,103,1238,219,1,218,77,141,17.689822294022616,0.45662100456621,99.54337899543378,35.15981735159817,64.38356164383562
04104,04,104,1039,115,1,114,30,84,11.068334937439845,0.8695652173913043,99.1304347826087,26.08695652173913,73.04347826086956
04105,04,105,1112,137,1,136,50,86,12.320143884892087,0.7299270072992701,99.27007299270073,36.496350364963504,62.77372262773723
04106,04,106,986,120,0,120,48,72,12.170385395537526,0.0,100.0,40.0,60.0
04107,04,107,1132,143,0,143,27,116,12.632508833922262,0.0,100.0,18.88111888111888,81.11888111888112
04108,04,108,460,70,0,70,24,46,15.217391304347828,0.0,100.0,34.285714285714285,65.71428571428571
04109,04,109,1057,122,0,122,45,77,11.542100283822137,0.0,100.0,36.885245901639344,63.114754098360656
04110,04,110,1147,166,0,166,47,119,14.472537053182213,0.0,100.0,28.313253012048197,71.6867469879518
04111,04,111,987,128,0,128,36,92,12.968591691995949,0.0,100.0,28.125,71.875
04112,04,112,1136,226,0,226,124,102,19.8943661971831,0.0,100.0,54.86725663716814,45.13274336283185
04113,04,113,1301,288,0,288,167,121,22.136817832436588,0.0,100.0,57.986111111111114,42.01388888888889
04114,04,114,1148,217,0,217,133,84,18.902439024390244,0.0,100.0,61.29032258064516,38.70967741935484
04115,04,115,1127,233,0,233,148,85,20.67435669920142,0.0,100.0,63.519313304721024,36.48068669527897
04116,04,116,1239,274,0,274,175,99,22.114608555286523,0.0,100.0,63.868613138686136,36.13138686131387
04117,04,117,1049,172,0,172,100,72,16.396568160152526,0.0,100.0,58.139534883720934,41.86046511627907
04118,04,118,1153,183,1,182,112,70,15.871639202081528,0.546448087431694,99.4535519125683,61.20218579234973,38.25136612021858
04119,04,119,1201,231,3,228,153,75,19.233971690258116,1.2987012987012987,98.7012987012987,66.23376623376623,32.467532467532465
04201,04,201,920,196,1,195,86,109,21.304347826086957,0.5102040816326531,99.48979591836735,43.87755102040816,55.61224489795919
04202,04,202,1076,234,5,229,120,109,21.74721189591078,2.1367521367521367,97.86324786324786,51.28205128205128,46.58119658119658
04203,04,203,983,157,0,157,71,86,15.971515768056967,0.0,100.0,45.22292993630573,54.77707006369427
04204,04,204,1307,184,1,183,54,129,14.07804131599082,0.5434782608695652,99.45652173913044,29.347826086956523,70.1086956521739
04205,04,205,923,178,1,177,74,103,19.284940411700973,0.5617977528089888,99.43820224719101,41.57303370786517,57.865168539325836
04206,04,206,1149,235,2,233,87,146,20.452567449956486,0.851063829787234,99.14893617021276,37.02127659574468,62.12765957446808
04207,04,207,1175,247,0,247,125,122,21.02127659574468,0.0,100.0,50.607287449392715,49.392712550607285
04208,04,208,1235,103,1,102,64,38,8.34008097165992,0.9708737864077669,99.02912621359224,62.13592233009708,36.89320388349515
04209,04,209,977,236,0,236,122,114,24.15557830092119,0.0,100.0,51.69491525423729,48.30508474576271
04210,04,210,1163,284,2,282,113,169,24.419604471195186,0.7042253521126761,99.29577464788733,39.7887323943662,59.50704225352113
04211,04,211,1088,264,2,262,130,132,24.264705882352942,0.7575757575757576,99.24242424242425,49.24242424242424,50.0
04212,04,212,1214,289,0,289,133,156,23.805601317957166,0.0,100.0,46.02076124567474,53.979238754325266
04213,04,213,822,183,0,183,66,117,22.26277372262774,0.0,100.0,36.0655737704918,63.934426229508205
04214,04,214,1255,214,0,214,126,88,17.051792828685258,0.0,100.0,58.87850467289719,41.1214953271028
04215,04,215,1038,197,0,197,132,65,18.978805394990367,0.0,100.0,67.00507614213198,32.99492385786802
04216,04,216,1289,273,2,271,128,143,21.17920868890613,0.7326007326007326,99.26739926739927,46.88644688644688,52.38095238095239
04217,04,217,1242,279,1,278,158,120,22.463768115942027,0.35842293906810035,99.6415770609319,56.63082437275986,43.01075268817204
04218,04,218,1234,274,3,271,134,137,22.20421393841167,1.094890510948905,98.90510948905109,48.9051094890511,50.0
04219,04,219,1178,249,0,249,112,137,21.137521222410864,0.0,100.0,44.97991967871486,55.020080321285135
04220,04,220,1155,320,1,319,174,145,27.705627705627705,0.3125,99.6875,54.37499999999999,45.3125
04221,04,221,1220,229,2,227,124,103,18.770491803278688,0.8733624454148471,99.12663755458514,54.14847161572053,44.97816593886463
04222,04,222,1208,225,1,224,137,87,18.625827814569536,0.4444444444444444,99.55555555555556,60.88888888888889,38.666666666666664
04223,04,223,1094,198,0,198,107,91,18.09872029250457,0.0,100.0,54.04040404040404,45.95959595959596
04224,04,224,1050,353,2,351,178,173,33.61904761904762,0.56657223796034,99.43342776203966,50.42492917847026,49.008498583569406
04225,04,225,1586,223,0,223,145,78,14.060529634300126,0.0,100.0,65.02242152466367,34.97757847533632
04226,04,226,1088,220,2,218,115,103,20.22058823529412,0.9090909090909091,99.0909090909091,52.27272727272727,46.81818181818182
04227,04,227,1062,245,2,243,99,144,23.069679849340865,0.8163265306122449,99.18367346938776,40.40816326530612,58.77551020408164
04301,04,301,1270,242,1,241,162,79,19.055118110236222,0.4132231404958678,99.58677685950413,66.94214876033058,32.64462809917356
04302,04,302,1051,247,1,246,146,100,23.50142721217888,0.4048582995951417,99.59514170040485,59.10931174089069,40.48582995951417
04303,04,303,1165,279,1,278,183,95,23.948497854077253,0.35842293906810035,99.6415770609319,65.59139784946237,34.05017921146953
04304,04,304,1030,261,7,254,162,92,25.339805825242717,2.681992337164751,97.31800766283524,62.06896551724138,35.24904214559387
04305,04,305,929,213,1,212,145,67,22.92787944025834,0.4694835680751174,99.53051643192488,68.07511737089203,31.455399061032864
04306,04,306,1030,272,1,271,206,65,26.407766990291265,0.3676470588235294,99.63235294117648,75.73529411764706,23.897058823529413
04307,04,307,1192,314,1,313,197,116,26.34228187919463,0.3184713375796179,99.68152866242038,62.738853503184714,36.94267515923567
04308,04,308,750,183,2,181,82,99,24.4,1.092896174863388,98.90710382513662,44.80874316939891,54.09836065573771
04309,04,309,1296,247,0,247,127,120,19.058641975308642,0.0,100.0,51.417004048582996,48.582995951417004
04310,04,310,1135,267,0,267,169,98,23.524229074889867,0.0,100.0,63.29588014981273,36.70411985018727
04311,04,311,967,207,0,207,144,63,21.406411582213032,0.0,100.0,69.56521739130434,30.434782608695656
04312,04,312,794,202,2,200,145,55,25.440806045340054,0.9900990099009901,99.00990099009901,71.78217821782178,27.22772277227723
04313,04,313,1173,215,3,212,141,71,18.32907075873828,1.3953488372093024,98.6046511627907,65.58139534883722,33.02325581395349
04314,04,314,1127,255,1,254,193,61,22.626441881100266,0.39215686274509803,99.6078431372549,75.68627450980392,23.92156862745098
04315,04,315,1110,253,4,249,169,80,22.792792792792792,1.5810276679841897,98.41897233201581,66.79841897233202,31.620553359683797
04316,04,316,1161,263,3,260,148,112,22.652885443583116,1.1406844106463878,98.85931558935361,56.27376425855514,42.585551330798474
04317,04,317,991,268,4,264,154,110,27.04339051463169,1.4925373134328357,98.50746268656717,57.46268656716418,41.04477611940299
04318,04,318,1117,300,4,296,206,90,26.857654431512984,1.3333333333333335,98.66666666666667,68.66666666666667,30.0
04319,04,319,906,255,1,254,176,78,28.14569536423841,0.39215686274509803,99.6078431372549,69.01960784313725,30.58823529411765
04320,04,320,1012,174,2,172,112,60,17.193675889328063,1.1494252873563218,98.85057471264368,64.36781609195403,34.48275862068966
04321,04,321,1102,261,1,260,164,96,23.684210526315788,0.38314176245210724,99.61685823754789,62.83524904214559,36.7816091954023
04322,04,322,1196,314,4,310,198,112,26.254180602006688,1.2738853503184715,98.72611464968153,63.05732484076433,35.6687898089172
04323,04,323,1107,201,2,199,111,88,18.157181571815716,0.9950248756218906,99.00497512437812,55.223880597014926,43.78109452736319
04324,04,324,1080,209,0,209,125,84,19.35185185185185,0.0,100.0,59.80861244019139,40.19138755980861
04325,04,325,697,92,0,92,60,32,13.199426111908178,0.0,100.0,65.21739130434783,34.78260869565217
04326,04,326,912,193,0,193,120,73,21.162280701754383,0.0,100.0,62.17616580310881,37.82383419689119
04327,04,327,971,207,0,207,142,65,21.318228630278064,0.0,100.0,68.59903381642512,31.40096618357488
04328,04,328,976,226,0,226,129,97,23.15573770491803,0.0,100.0,57.07964601769911,42.92035398230089
04329,04,329,1207,324,1,323,224,99,26.843413421706714,0.30864197530864196,99.69135802469135,69.1358024691358,30.555555555555557
04401,04,401,1319,291,2,289,179,110,22.062168309325248,0.6872852233676976,99.3127147766323,61.512027491408936,37.80068728522337
04402,04,402,1136,199,1,198,115,83,17.517605633802816,0.5025125628140703,99.49748743718592,57.78894472361809,41.70854271356784
04403,04,403,537,61,0,61,39,22,11.359404096834265,0.0,100.0,63.934426229508205,36.0655737704918
04404,04,404,1033,237,3,234,142,92,22.94288480154889,1.2658227848101267,98.73417721518987,59.91561181434599,38.81856540084388
04405,04,405,1119,244,2,242,164,78,21.805183199285075,0.819672131147541,99.18032786885246,67.21311475409836,31.967213114754102
04406,04,406,1137,182,0,182,96,86,16.00703605980651,0.0,100.0,52.74725274725275,47.25274725274725
04407,04,407,957,186,0,186,135,51,19.435736677115987,0.0,100.0,72.58064516129032,27.419354838709676
04408,04,408,1149,188,2,186,104,82,16.362053959965188,1.0638297872340425,98.93617021276596,55.319148936170215,43.61702127659575
04409,04,409,1271,255,1,254,156,98,20.06294256490952,0.39215686274509803,99.6078431372549,61.1764705882353,38.43137254901961
04410,04,410,1203,247,1,246,169,77,20.53200332502078,0.4048582995951417,99.59514170040485,68.42105263157895,31.17408906882591
04411,04,411,1172,235,2,233,142,91,20.05119453924915,0.851063829787234,99.14893617021276,60.42553191489362,38.72340425531915
04412,04,412,1028,204,1,203,128,75,19.844357976653697,0.49019607843137253,99.50980392156863,62.745098039215684,36.76470588235294
04413,04,413,1116,255,0,255,158,97,22.849462365591396,0.0,100.0,61.96078431372549,38.03921568627451
04414,04,414,1017,179,0,179,125,54,17.6007866273353,0.0,100.0,69.83240223463687,30.16759776536313
04415,04,415,977,181,2,179,114,65,18.526100307062435,1.1049723756906076,98.89502762430939,62.98342541436463,35.91160220994475
04416,04,416,866,162,0,162,109,53,18.706697459584294,0.0,100.0,67.28395061728395,32.71604938271605
04417,04,417,1103,214,2,212,126,86,19.401631912964643,0.9345794392523363,99.06542056074767,58.87850467289719,40.18691588785047
04418,04,418,843,199,0,199,105,94,23.606168446026096,0.0,100.0,52.76381909547738,47.23618090452261
04419,04,419,1234,282,0,282,185,97,22.852512155591572,0.0,100.0,65.60283687943263,34.39716312056738
04420,04,420,799,127,0,127,71,56,15.894868585732166,0.0,100.0,55.90551181102362,44.09448818897638
04421,04,421,964,163,0,163,100,63,16.90871369294606,0.0,100.0,61.34969325153374,38.65030674846626
04422,04,422,1256,208,3,205,124,81,16.560509554140125,1.4423076923076923,98.5576923076923,59.61538461538461,38.94230769230769
04423,04,423,839,77,2,75,33,42,9.177592371871276,2.5974025974025974,97.40259740259741,42.857142857142854,54.54545454545454
04424,04,424,1181,245,0,245,140,105,20.745131244707874,0.0,100.0,57.14285714285714,42.857142857142854
04425,04,425,1146,192,0,192,92,100,16.75392670157068,0.0,100.0,47.91666666666667,52.083333333333336
04426,04,426,1052,203,2,201,135,66,19.29657794676806,0.9852216748768473,99.01477832512316,66.50246305418719,32.51231527093596
04427,04,427,1293,183,0,183,104,79,14.153132250580047,0.0,100.0,56.830601092896174,43.169398907103826
04428,04,428,1210,295,0,295,187,108,24.380165289256198,0.0,100.0,63.389830508474574,36.610169491525426
04429,04,429,874,200,2,198,129,69,22.883295194508012,1.0,99.0,64.5,34.5
04430,04,430,796,138,0,138,84,54,17.33668341708543,0.0,100.0,60.86956521739131,39.130434782608695
04501,04,501,1105,207,1,206,68,138,18.733031674208146,0.4830917874396135,99.51690821256038,32.850241545893724,66.66666666666666
04502,04,502,1073,227,1,226,83,143,21.155638397017707,0.4405286343612335,99.55947136563876,36.56387665198238,62.99559471365639
04503,04,503,1089,187,0,187,75,112,17.17171717171717,0.0,100.0,40.106951871657756,59.893048128342244
04504,04,504,1226,228,6,222,118,104,18.59706362153344,2.631578947368421,97.36842105263158,51.75438596491229,45.614035087719294
04505,04,505,1131,177,0,177,102,75,15.649867374005305,0.0,100.0,57.6271186440678,42.3728813559322
04506,04,506,1158,184,0,184,109,75,15.889464594127805,0.0,100.0,59.2391304347826,40.76086956521739
04507,04,507,895,170,1,169,90,79,18.994413407821227,0.5882352941176471,99.41176470588235,52.94117647058824,46.470588235294116
04508,04,508,826,204,0,204,113,91,24.69733656174334,0.0,100.0,55.392156862745104,44.6078431372549
04509,04,509,1153,136,0,136,85,51,11.795316565481354,0.0,100.0,62.5,37.5
04510,04,510,1112,176,1,175,98,77,15.827338129496402,0.5681818181818182,99.43181818181817,55.68181818181818,43.75
04511,04,511,1177,178,1,177,63,114,15.123194562446898,0.5617977528089888,99.43820224719101,35.39325842696629,64.04494382022472
04512,04,512,1119,171,2,169,83,86,15.281501340482572,1.1695906432748537,98.83040935672514,48.53801169590643,50.29239766081871
04513,04,513,885,154,0,154,68,86,17.401129943502823,0.0,100.0,44.15584415584416,55.84415584415584
04514,04,514,879,154,1,153,88,65,17.51990898748578,0.6493506493506493,99.35064935064936,57.14285714285714,42.2077922077922
04515,04,515,848,157,1,156,85,71,18.514150943396228,0.6369426751592357,99.36305732484077,54.14012738853503,45.22292993630573
04516,04,516,972,216,0,216,128,88,22.22222222222222,0.0,100.0,59.25925925925925,40.74074074074074
04517,04,517,752,130,0,130,68,62,17.287234042553195,0.0,100.0,52.307692307692314,47.69230769230769
04518,04,518,977,127,0,127,69,58,12.99897645854657,0.0,100.0,54.330708661417326,45.66929133858268
04519,04,519,1219,220,1,219,96,123,18.04757998359311,0.45454545454545453,99.54545454545455,43.63636363636363,55.90909090909091
04520,04,520,1275,246,0,246,122,124,19.294117647058822,0.0,100.0,49.59349593495935,50.40650406504065
04521,04,521,966,158,3,155,47,108,16.35610766045549,1.89873417721519,98.10126582278481,29.746835443037973,68.35443037974683
04522,04,522,1127,222,0,222,83,139,19.698314108251996,0.0,100.0,37.38738738738739,62.612612612612615
04523,04,523,1088,237,2,235,92,143,21.78308823529412,0.8438818565400843,99.15611814345992,38.81856540084388,60.337552742616026
04524,04,524,1174,148,0,148,41,107,12.60647359454855,0.0,100.0,27.7027027027027,72.2972972972973
04525,04,525,1124,178,4,174,79,95,15.836298932384341,2.247191011235955,97.75280898876404,44.38202247191011,53.37078651685393
04526,04,526,1030,155,3,152,67,85,15.048543689320388,1.935483870967742,98.06451612903226,43.225806451612904,54.83870967741935
04527,04,527,815,128,0,128,58,70,15.70552147239264,0.0,100.0,45.3125,54.6875
04528,04,528,773,163,0,163,83,80,21.08667529107374,0.0,100.0,50.920245398773,49.079754601226995
04529,04,529,1108,146,0,146,82,64,13.176895306859207,0.0,100.0,56.16438356164384,43.83561643835616
04601,04,601,1036,220,0,220,129,91,21.235521235521233,0.0,100.0,58.63636363636363,41.36363636363637
04602,04,602,1052,222,0,222,139,83,21.102661596958175,0.0,100.0,62.612612612612615,37.38738738738739
04603,04,603,1140,216,0,216,104,112,18.947368421052634,0.0,100.0,48.148148148148145,51.85185185185185
04604,04,604,1008,152,0,152,81,71,15.079365079365079,0.0,100.0,53.289473684210535,46.71052631578947
04605,04,605,1047,190,1,189,111,78,18.147086914995224,0.5263157894736842,99.47368421052632,58.42105263157895,41.05263157894737
04606,04,606,1231,268,0,268,144,124,21.770917952883835,0.0,100.0,53.73134328358209,46.26865671641791
04607,04,607,1101,205,1,204,128,76,18.619436875567665,0.4878048780487805,99.51219512195122,62.4390243902439,37.073170731707314
04608,04,608,1185,190,0,190,117,73,16.033755274261605,0.0,100.0,61.578947368421055,38.421052631578945
04609,04,609,1115,215,0,215,105,110,19.282511210762333,0.0,100.0,48.837209302325576,51.162790697674424
04610,04,610,1140,281,4,277,160,117,24.64912280701754,1.4234875444839856,98.57651245551602,56.93950177935944,41.637010676156585
04611,04,611,1033,255,2,253,149,104,24.68538238141336,0.7843137254901961,99.2156862745098,58.43137254901961,40.78431372549019
04612,04,612,1329,240,2,238,115,123,18.058690744920995,0.8333333333333334,99.16666666666667,47.91666666666667,51.24999999999999
04613,04,613,1291,205,0,205,146,59,15.879163439194425,0.0,100.0,71.21951219512195,28.780487804878046
04614,04,614,1109,188,5,183,110,73,16.952209197475206,2.6595744680851063,97.3404255319149,58.51063829787234,38.82978723404255
04615,04,615,1105,209,1,208,126,82,18.914027149321267,0.4784688995215311,99.52153110047847,60.28708133971292,39.23444976076555
04616,04,616,1027,245,1,244,170,74,23.85589094449854,0.40816326530612246,99.59183673469387,69.38775510204081,30.20408163265306
04617,04,617,1307,283,2,281,169,112,21.652639632746748,0.7067137809187279,99.29328621908127,59.717314487632514,39.57597173144876
04618,04,618,1130,229,5,224,142,82,20.265486725663717,2.1834061135371177,97.81659388646288,62.00873362445415,35.80786026200873
04619,04,619,1081,244,3,241,144,97,22.571692876965773,1.2295081967213115,98.77049180327869,59.01639344262295,39.75409836065574
04620,04,620,1254,177,2,175,112,63,14.114832535885165,1.1299435028248588,98.87005649717514,63.2768361581921,35.59322033898305
04621,04,621,1260,270,1,269,171,98,21.428571428571427,0.3703703703703704,99.62962962962963,63.33333333333333,36.2962962962963
04622,04,622,1290,276,0,276,168,108,21.3953488372093,0.0,100.0,60.86956521739131,39.130434782608695
04623,04,623,1221,308,3,305,176,129,25.225225225225223,0.974025974025974,99.02597402597402,57.14285714285714,41.883116883116884
04624,04,624,1238,320,4,316,190,126,25.848142164781905,1.25,98.75,59.375,39.375
04625,04,625,1196,296,0,296,180,116,24.74916387959866,0.0,100.0,60.810810810810814,39.189189189189186
04626,04,626,1091,237,0,237,161,76,21.723189734188818,0.0,100.0,67.9324894514768,32.06751054852321
04627,04,627,929,126,1,125,64,61,13.562970936490851,0.7936507936507936,99.20634920634922,50.79365079365079,48.41269841269841
04701,04,701,1229,253,2,251,122,129,20.585842148087877,0.7905138339920948,99.2094861660079,48.22134387351779,50.988142292490124
04702,04,702,1126,212,0,212,102,110,18.82770870337478,0.0,100.0,48.113207547169814,51.886792452830186
04703,04,703,1227,286,1,285,181,104,23.30888345558272,0.34965034965034963,99.65034965034964,63.286713286713294,36.36363636363637
04704,04,704,1177,218,0,218,103,115,18.521665250637213,0.0,100.0,47.24770642201835,52.752293577981646
04705,04,705,1058,270,2,268,169,99,25.51984877126654,0.7407407407407408,99.25925925925925,62.59259259259259,36.666666666666664
04706,04,706,1168,379,3,376,225,151,32.4486301369863,0.79155672823219,99.2084432717678,59.36675461741425,39.84168865435356
04707,04,707,986,190,0,190,106,84,19.26977687626775,0.0,100.0,55.78947368421052,44.21052631578947
04708,04,708,1225,289,2,287,159,128,23.591836734693878,0.6920415224913495,99.30795847750865,55.017301038062286,44.29065743944637
04709,04,709,1244,161,0,161,73,88,12.942122186495178,0.0,100.0,45.3416149068323,54.6583850931677
04710,04,710,1282,324,2,322,185,137,25.273010920436818,0.6172839506172839,99.38271604938271,57.098765432098766,42.28395061728395
04711,04,711,1279,231,2,229,105,124,18.060985144644253,0.8658008658008658,99.13419913419914,45.45454545454545,53.67965367965368
04712,04,712,1240,318,4,314,190,124,25.645161290322584,1.257861635220126,98.74213836477988,59.74842767295597,38.9937106918239
04713,04,713,1207,303,1,302,149,153,25.103562551781277,0.33003300330033003,99.66996699669967,49.17491749174918,50.495049504950494
04714,04,714,1276,303,0,303,184,119,23.746081504702193,0.0,100.0,60.726072607260726,39.273927392739274
04715,04,715,1191,154,1,153,70,83,12.930310663308145,0.6493506493506493,99.35064935064936,45.45454545454545,53.896103896103895
04716,04,716,1324,289,1,288,183,105,21.827794561933533,0.34602076124567477,99.65397923875432,63.32179930795848,36.332179930795846
04717,04,717,1176,330,0,330,182,148,28.061224489795915,0.0,100.0,55.15151515151515,44.84848484848485
04718,04,718,998,212,1,211,90,121,21.24248496993988,0.4716981132075472,99.52830188679245,42.45283018867924,57.07547169811321
04719,04,719,972,145,2,143,62,81,14.917695473251028,1.3793103448275863,98.62068965517241,42.758620689655174,55.86206896551724
04720,04,720,1248,272,1,271,103,168,21.794871794871796,0.3676470588235294,99.63235294117648,37.86764705882353,61.76470588235294
04721,04,721,1229,262,0,262,126,136,21.31814483319772,0.0,100.0,48.091603053435115,51.908396946564885
04722,04,722,1131,271,2,269,141,128,23.96109637488948,0.7380073800738007,99.2619926199262,52.02952029520295,47.23247232472325
04723,04,723,1993,399,2,397,192,205,20.02007024586051,0.5012531328320802,99.49874686716792,48.1203007518797,51.37844611528822
04724,04,724,782,157,0,157,74,83,20.076726342710998,0.0,100.0,47.13375796178344,52.86624203821656
04725,04,725,1184,272,1,271,163,108,22.972972972972975,0.3676470588235294,99.63235294117648,59.92647058823529,39.705882352941174
04726,04,726,1223,352,1,351,164,187,28.781684382665578,0.2840909090909091,99.7159090909091,46.590909090909086,53.125
04727,04,727,876,223,1,222,86,136,25.45662100456621,0.4484304932735426,99.55156950672645,38.56502242152467,60.98654708520179
04801,04,801,980,184,0,184,95,89,18.775510204081634,0.0,100.0,51.63043478260869,48.369565217391305
04802,04,802,1315,192,1,191,118,73,14.600760456273765,0.5208333333333333,99.47916666666666,61.458333333333336,38.02083333333333
04803,04,803,1154,184,0,184,109,75,15.944540727902945,0.0,100.0,59.2391304347826,40.76086956521739
04804,04,804,1102,210,0,210,112,98,19.056261343012704,0.0,100.0,53.333333333333336,46.666666666666664
04805,04,805,932,164,1,163,97,66,17.59656652360515,0.6097560975609756,99.39024390243902,59.14634146341463,40.243902439024396
04806,04,806,1218,229,0,229,142,87,18.801313628899834,0.0,100.0,62.00873362445415,37.99126637554585
04807,04,807,1130,195,0,195,111,84,17.25663716814159,0.0,100.0,56.92307692307692,43.07692307692308
041A,04,1A,0,191,0,191,103,88,inf,0.0,100.0,53.92670157068062,46.07329842931937
041B,04,1B,0,0,0,0,0,0,0.0,0.0,0.0,0.0,0.0
041C,04,1C,0,271,0,271,67,204,inf,0.0,100.0,24.723247232472325,75.27675276752768
041D,04,1D,0,0,0,0,0,0,0.0,0.0,0.0,0.0,0.0
041E,04,1E,0,193,0,193,83,110,inf,0.0,100.0,43.005181347150256,56.994818652849744
041F,04,1F,0,0,0,0,0,0,0.0,0.0,0.0,0.0,0.0
041G,04,1G,0,216,0,216,51,165,inf,0.0,100.0,23.61111111111111,76.38888888888889
041H,04,1H,0,0,0,0,0,0,0.0,0.0,0.0,0.0,0.0
041I,04,1I,0,202,0,202,77,125,inf,0.0,100.0,38.11881188118812,61.88118811881188
041J,04,1J,0,0,0,0,0,0,0.0,0.0,0.0,0.0,0.0
041K,04,1K,0,321,0,321,197,124,inf,0.0,100.0,61.37071651090342,38.62928348909657
041L,04,1L,0,0,0,0,0,0,0.0,0.0,0.0,0.0,0.0
041M,04,1M,0,406,1,405,276,129,inf,0.24630541871921183,99.75369458128078,67.98029556650246,31.773399014778324
041N,04,1N,0,0,0,0,0,0,0.0,0.0,0.0,0.0,0.0
041P,04,1P,0,395,1,394,233,161,inf,0.25316455696202533,99.74683544303798,58.9873417721519,40.75949367088608
041Q,04,1Q,0,0,0,0,0,0,0.0,0.0,0.0,0.0,0.0
041R,04,1R,0,386,0,386,249,137,inf,0.0,100.0,64.50777202072538,35.49222797927461
041S,04,1S,0,0,0,0,0,0,0.0,0.0,0.0,0.0,0.0
042A,04,2A,0,859,0,859,297,562,inf,0.0,100.0,34.57508731082654,65.42491268917345
042B,04,2B,0,0,0,0,0,0,0.0,0.0,0.0,0.0,0.0
042C,04,2C,0,395,1,394,136,258,inf,0.25316455696202533,99.74683544303798,34.43037974683544,65.31645569620254
042D,04,2D,0,0,0,0,0,0,0.0,0.0,0.0,0.0,0.0
042E,04,2E,0,402,2,400,219,181,inf,0.4975124378109453,99.50248756218906,54.47761194029851,45.024875621890544
042F,04,2F,0,0,0,0,0,0,0.0,0.0,0.0,0.0,0.0
042G,04,2G,0,423,0,423,171,252,inf,0.0,100.0,40.42553191489361,59.57446808510638
042H,04,2H,0,0,0,0,0,0,0.0,0.0,0.0,0.0,0.0
042I,04,2I,0,662,2,660,270,390,inf,0.3021148036253776,99.69788519637463,40.78549848942598,58.91238670694864
042J,04,2J,0,0,0,0,0,0,0.0,0.0,0.0,0.0,0.0
042K,04,2K,0,360,1,359,206,153,inf,0.2777777777777778,99.72222222222223,57.22222222222222,42.5
042L,04,2L,0,0,0,0,0,0,0.0,0.0,0.0,0.0,0.0
042M,04,2M,0,399,1,398,222,176,inf,0.2506265664160401,99.74937343358395,55.639097744360896,44.11027568922306
042N,04,2N,0,0,0,0,0,0,0.0,0.0,0.0,0.0,0.0
042P,04,2P,0,414,2,412,179,233,inf,0.4830917874396135,99.51690821256038,43.23671497584541,56.28019323671497
042Q,04,2Q,0,0,0,0,0,0,0.0,0.0,0.0,0.0,0.0
042R,04,2R,0,420,1,419,198,221,inf,0.2380952380952381,99.76190476190476,47.14285714285714,52.61904761904762
042S,04,2S,0,0,0,0,0,0,0.0,0.0,0.0,0.0,0.0
042T,04,2T,0,444,0,444,224,220,inf,0.0,100.0,50.45045045045045,49.549549549549546
042U,04,2U,0,0,0,0,0,0,0.0,0.0,0.0,0.0,0.0
042V,04,2V,0,422,2,420,202,218,inf,0.47393364928909953,99.52606635071089,47.867298578199055,51.65876777251185
042W,04,2W,0,0,0,0,0,0,0.0,0.0,0.0,0.0,0.0
042X,04,2X,0,509,2,507,270,237,inf,0.3929273084479371,99.60707269155206,53.045186640471506,46.56188605108055
042Y,04,2Y,0,0,0,0,0,0,0.0,0.0,0.0,0.0,0.0
043A,04,3A,0,358,4,354,233,121,inf,1.1173184357541899,98.88268156424581,65.08379888268156,33.798882681564244
043B,04,3B,0,0,0,0,0,0,0.0,0.0,0.0,0.0,0.0
043C,04,3C,0,544,1,543,327,216,inf,0.1838235294117647,99.81617647058823,60.11029411764706,39.705882352941174
043D,04,3D,0,0,0,0,0,0,0.0,0.0,0.0,0.0,0.0
043E,04,3E,0,469,2,467,343,124,inf,0.42643923240938164,99.57356076759062,73.13432835820896,26.439232409381663
043F,04,3F,0,0,0,0,0,0,0.0,0.0,0.0,0.0,0.0
043G,04,3G,0,513,3,510,309,201,inf,0.5847953216374269,99.41520467836257,60.23391812865497,39.1812865497076
043H,04,3H,0,0,0,0,0,0,0.0,0.0,0.0,0.0,0.0
043I,04,3I,0,454,0,454,257,197,inf,0.0,100.0,56.6079295154185,43.392070484581495
043J,04,3J,0,0,0,0,0,0,0.0,0.0,0.0,0.0,0.0
043K,04,3K,0,547,1,546,298,248,inf,0.18281535648994515,99.81718464351006,54.47897623400365,45.3382084095064
043L,04,3L,0,0,0,0,0,0,0.0,0.0,0.0,0.0,0.0
043M,04,3M,0,433,0,433,295,138,inf,0.0,100.0,68.12933025404158,31.87066974595843
043N,04,3N,0,0,0,0,0,0,0.0,0.0,0.0,0.0,0.0
043P,04,3P,0,472,0,472,286,186,inf,0.0,100.0,60.59322033898306,39.40677966101695
043Q,04,3Q,0,0,0,0,0,0,0.0,0.0,0.0,0.0,0.0
043R,04,3R,0,674,2,672,457,215,inf,0.2967359050445104,99.70326409495549,67.80415430267063,31.899109792284868
043S,04,3S,0,0,0,0,0,0,0.0,0.0,0.0,0.0,0.0
043T,04,3T,0,409,1,408,256,152,inf,0.24449877750611246,99.75550122249389,62.59168704156479,37.163814180929094
043U,04,3U,0,0,0,0,0,0,0.0,0.0,0.0,0.0,0.0
043V,04,3V,0,581,2,579,315,264,inf,0.34423407917383825,99.65576592082617,54.21686746987952,45.438898450946645
043W,04,3W,0,0,0,0,0,0,0.0,0.0,0.0,0.0,0.0
044A,04,4A,0,428,2,426,237,189,inf,0.46728971962616817,99.53271028037383,55.373831775700936,44.1588785046729
044B,04,4B,0,0,0,0,0,0,0.0,0.0,0.0,0.0,0.0
044C,04,4C,0,495,0,495,286,209,inf,0.0,100.0,57.77777777777777,42.22222222222222
044D,04,4D,0,0,0,0,0,0,0.0,0.0,0.0,0.0,0.0
044E,04,4E,0,393,0,393,251,142,inf,0.0,100.0,63.8676844783715,36.1323155216285
044F,04,4F,0,0,0,0,0,0,0.0,0.0,0.0,0.0,0.0
044G,04,4G,0,420,1,419,230,189,inf,0.2380952380952381,99.76190476190476,54.761904761904766,45.0
044H,04,4H,0,0,0,0,0,0,0.0,0.0,0.0,0.0,0.0
044I,04,4I,0,391,0,391,246,145,inf,0.0,100.0,62.9156010230179,37.084398976982094
044J,04,4J,0,0,0,0,0,0,0.0,0.0,0.0,0.0,0.0
044K,04,4K,0,488,0,488,296,192,inf,0.0,100.0,60.65573770491803,39.34426229508197
044L,04,4L,0,0,0,0,0,0,0.0,0.0,0.0,0.0,0.0
044M,04,4M,0,515,1,514,271,243,inf,0.1941747572815534,99.80582524271846,52.62135922330097,47.18446601941748
044N,04,4N,0,0,0,0,0,0,0.0,0.0,0.0,0.0,0.0
044P,04,4P,0,519,2,517,311,206,inf,0.3853564547206166,99.61464354527938,59.92292870905588,39.691714836223504
044Q,04,4Q,0,0,0,0,0,0,0.0,0.0,0.0,0.0,0.0
044R,04,4R,0,434,0,434,235,199,inf,0.0,100.0,54.14746543778802,45.852534562211986
044S,04,4S,0,0,0,0,0,0,0.0,0.0,0.0,0.0,0.0
044T,04,4T,0,394,1,393,185,208,inf,0.25380710659898476,99.74619289340102,46.954314720812185,52.79187817258884
044U,04,4U,0,0,0,0,0,0,0.0,0.0,0.0,0.0,0.0
044V,04,4V,0,410,2,408,185,223,inf,0.4878048780487805,99.51219512195122,45.1219512195122,54.390243902439025
044W,04,4W,0,0,0,0,0,0,0.0,0.0,0.0,0.0,0.0
044X,04,4X,0,435,1,434,259,175,inf,0.22988505747126436,99.77011494252874,59.54022988505747,40.229885057471265
044Y,04,4Y,0,0,0,0,0,0,0.0,0.0,0.0,0.0,0.0
045A,04,5A,0,560,1,559,167,392,inf,0.17857142857142858,99.82142857142857,29.82142857142857,70.0
045B,04,5B,0,0,0,0,0,0,0.0,0.0,0.0,0.0,0.0
045C,04,5C,0,374,8,366,128,238,inf,2.13903743315508,97.86096256684492,34.22459893048128,63.63636363636363
045D,04,5D,0,0,0,0,0,0,0.0,0.0,0.0,0.0,0.0
045E,04,5E,0,606,0,606,319,287,inf,0.0,100.0,52.64026402640264,47.35973597359736
045F,04,5F,0,0,0,0,0,0,0.0,0.0,0.0,0.0,0.0
045G,04,5G,0,510,0,510,263,247,inf,0.0,100.0,51.5686274509804,48.431372549019606
045H,04,5H,0,0,0,0,0,0,0.0,0.0,0.0,0.0,0.0
045I,04,5I,0,533,2,531,248,283,inf,0.37523452157598497,99.62476547842401,46.52908067542214,53.09568480300187
045J,04,5J,0,0,0,0,0,0,0.0,0.0,0.0,0.0,0.0
045K,04,5K,0,585,0,585,298,287,inf,0.0,100.0,50.94017094017094,49.059829059829056
045L,04,5L,0,0,0,0,0,0,0.0,0.0,0.0,0.0,0.0
045M,04,5M,0,625,1,624,307,317,inf,0.16,99.83999999999999,49.120000000000005,50.72
045N,04,5N,0,0,0,0,0,0,0.0,0.0,0.0,0.0,0.0
045P,04,5P,0,396,1,395,171,224,inf,0.25252525252525254,99.74747474747475,43.18181818181818,56.56565656565656
045Q,04,5Q,0,0,0,0,0,0,0.0,0.0,0.0,0.0,0.0
045R,04,5R,0,365,3,362,109,253,inf,0.821917808219178,99.17808219178083,29.863013698630137,69.31506849315069
045S,04,5S,0,0,0,0,0,0,0.0,0.0,0.0,0.0,0.0
045T,04,5T,0,511,1,510,125,385,inf,0.19569471624266144,99.80430528375733,24.46183953033268,75.34246575342466
045U,04,5U,0,0,0,0,0,0,0.0,0.0,0.0,0.0,0.0
045V,04,5V,0,332,1,331,142,189,inf,0.30120481927710846,99.69879518072288,42.77108433734939,56.92771084337349
045W,04,5W,0,0,0,0,0,0,0.0,0.0,0.0,0.0,0.0
046A,04,6A,0,698,0,698,378,320,inf,0.0,100.0,54.15472779369628,45.845272206303726
046B,04,6B,0,0,0,0,0,0,0.0,0.0,0.0,0.0,0.0
046C,04,6C,0,489,0,489,264,225,inf,0.0,100.0,53.987730061349694,46.012269938650306
046D,04,6D,0,0,0,0,0,0,0.0,0.0,0.0,0.0,0.0
046E,04,6E,0,446,0,446,216,230,inf,0.0,100.0,48.4304932735426,51.569506726457405
046F,04,6F,0,0,0,0,0,0,0.0,0.0,0.0,0.0,0.0
046G,04,6G,0,418,0,418,222,196,inf,0.0,100.0,53.110047846889955,46.889952153110045
046H,04,6H,0,0,0,0,0,0,0.0,0.0,0.0,0.0,0.0
046I,04,6I,0,567,2,565,333,232,inf,0.3527336860670194,99.64726631393297,58.730158730158735,40.917107583774246
046J,04,6J,0,0,0,0,0,0,0.0,0.0,0.0,0.0,0.0
046K,04,6K,0,469,0,469,239,230,inf,0.0,100.0,50.95948827292111,49.040511727078886
046L,04,6L,0,0,0,0,0,0,0.0,0.0,0.0,0.0,0.0
046M,04,6M,0,429,4,425,274,151,inf,0.9324009324009324,99.06759906759906,63.86946386946387,35.1981351981352
046N,04,6N,0,0,0,0,0,0,0.0,0.0,0.0,0.0,0.0
046P,04,6P,0,430,10,420,258,162,inf,2.3255813953488373,97.67441860465115,60.0,37.67441860465116
046Q,04,6Q,0,0,0,0,0,0,0.0,0.0,0.0,0.0,0.0
046R,04,6R,0,529,1,528,304,224,inf,0.1890359168241966,99.8109640831758,57.46691871455577,42.34404536862004
046S,04,6S,0,0,0,0,0,0,0.0,0.0,0.0,0.0,0.0
046T,04,6T,0,458,2,456,268,188,inf,0.43668122270742354,99.56331877729258,58.515283842794766,41.04803493449782
046U,04,6U,0,0,0,0,0,0,0.0,0.0,0.0,0.0,0.0
046V,04,6V,0,426,1,425,285,140,inf,0.2347417840375587,99.76525821596243,66.90140845070422,32.863849765258216
046W,04,6W,0,0,0,0,0,0,0.0,0.0,0.0,0.0,0.0
046X,04,6X,0,344,0,344,211,133,inf,0.0,100.0,61.337209302325576,38.662790697674424
046Y,04,6Y,0,0,0,0,0,0,0.0,0.0,0.0,0.0,0.0
047A,04,7A,0,414,0,414,230,184,inf,0.0,100.0,55.55555555555556,44.44444444444444
047B,04,7B,0,0,0,0,0,0,0.0,0.0,0.0,0.0,0.0
047C,04,7C,0,415,0,415,247,168,inf,0.0,100.0,59.518072289156635,40.48192771084337
047D,04,7D,0,0,0,0,0,0,0.0,0.0,0.0,0.0,0.0
047E,04,7E,0,447,0,447,294,153,inf,0.0,100.0,65.77181208053692,34.22818791946309
047F,04,7F,0,0,0,0,0,0,0.0,0.0,0.0,0.0,0.0
047G,04,7G,0,367,0,367,207,160,inf,0.0,100.0,56.403269754768395,43.596730245231605
047H,04,7H,0,0,0,0,0,0,0.0,0.0,0.0,0.0,0.0
047I,04,7I,0,513,5,508,233,275,inf,0.9746588693957114,99.02534113060429,45.419103313840154,53.606237816764136
047J,04,7J,0,0,0,0,0,0,0.0,0.0,0.0,0.0,0.0
047K,04,7K,0,539,0,539,273,266,inf,0.0,100.0,50.649350649350644,49.35064935064935
047L,04,7L,0,0,0,0,0,0,0.0,0.0,0.0,0.0,0.0
047M,04,7M,0,446,2,444,230,214,inf,0.4484304932735426,99.55156950672645,51.569506726457405,47.98206278026906
047N,04,7N,0,0,0,0,0,0,0.0,0.0,0.0,0.0,0.0
047P,04,7P,0,460,0,460,210,250,inf,0.0,100.0,45.65217391304348,54.347826086956516
047Q,04,7Q,0,0,0,0,0,0,0.0,0.0,0.0,0.0,0.0
047R,04,7R,0,607,1,606,284,322,inf,0.16474464579901155,99.835255354201,46.787479406919275,53.047775947281714
047S,04,7S,0,0,0,0,0,0,0.0,0.0,0.0,0.0,0.0
047T,04,7T,0,453,2,451,188,263,inf,0.44150110375275936,99.55849889624724,41.501103752759384,58.05739514348785
047U,04,7U,0,0,0,0,0,0,0.0,0.0,0.0,0.0,0.0
047V,04,7V,0,572,2,570,251,319,inf,0.34965034965034963,99.65034965034964,43.88111888111888,55.769230769230774
047W,04,7W,0,0,0,0,0,0,0.0,0.0,0.0,0.0,0.0
047X,04,7X,0,505,3,502,232,270,inf,0.594059405940594,99.4059405940594,45.940594059405946,53.46534653465347
047Y,04,7Y,0,0,0,0,0,0,0.0,0.0,0.0,0.0,0.0
047Z,04,7Z,0,240,0,240,122,118,inf,0.0,100.0,50.83333333333333,49.166666666666664
048A,04,8A,0,208,4,204,145,59,inf,1.9230769230769231,98.07692307692307,69.71153846153845,28.365384615384613
048B,04,8B,0,454,2,452,254,198,inf,0.4405286343612335,99.55947136563876,55.947136563876654,43.61233480176212
048C,04,8C,0,0,0,0,0,0,0.0,0.0,0.0,0.0,0.0
048D,04,8D,0,302,0,302,184,118,inf,0.0,100.0,60.9271523178808,39.0728476821192
048E,04,8E,0,0,0,0,0,0,0.0,0.0,0.0,0.0,0.0
048F,04,8F,0,458,1,457,283,174,inf,0.21834061135371177,99.78165938864629,61.79039301310044,37.99126637554585
048G,04,8G,0,0,0,0,0,0,0.0,0.0,0.0,0.0,0.0
05101,05,101,731,133,0,133,88,45,18.194254445964432,0.0,100.0,66.16541353383458,33.83458646616541
05102,05,102,1133,167,0,167,58,109,14.739629302736098,0.0,100.0,34.73053892215569,65.26946107784431
05103,05,103,1018,297,1,296,125,171,29.174852652259332,0.33670033670033667,99.66329966329967,42.08754208754209,57.57575757575758
05104,05,104,928,146,1,145,46,99,15.732758620689655,0.684931506849315,99.31506849315068,31.506849315068493,67.8082191780822
05105,05,105,1001,213,2,211,57,154,21.278721278721278,0.9389671361502347,99.06103286384976,26.76056338028169,72.30046948356808
05106,05,106,1153,222,1,221,64,157,19.25411968777103,0.45045045045045046,99.54954954954955,28.82882882882883,70.72072072072072
05107,05,107,801,140,0,140,45,95,17.478152309612984,0.0,100.0,32.142857142857146,67.85714285714286
05108,05,108,927,69,0,69,27,42,7.443365695792881,0.0,100.0,39.130434782608695,60.86956521739131
05109,05,109,0,0,0,0,0,0,0.0,0.0,0.0,0.0,0.0
05110,05,110,841,131,1,130,62,68,15.576694411414982,0.7633587786259541,99.23664122137404,47.32824427480916,51.908396946564885
05111,05,111,1198,185,1,184,67,117,15.442404006677796,0.5405405405405406,99.45945945945947,36.21621621621622,63.24324324324324
05112,05,112,1048,157,0,157,51,106,14.980916030534353,0.0,100.0,32.48407643312102,67.51592356687898
05113,05,113,1661,254,0,254,114,140,15.291992775436483,0.0,100.0,44.881889763779526,55.118110236220474
05114,05,114,875,147,0,147,57,90,16.8,0.0,100.0,38.775510204081634,61.224489795918366
05115,05,115,985,149,0,149,57,92,15.126903553299492,0.0,100.0,38.25503355704698,61.74496644295302
05116,05,116,749,102,1,101,31,70,13.618157543391188,0.9803921568627451,99.01960784313727,30.392156862745097,68.62745098039215
05117,05,117,954,86,0,86,30,56,9.014675052410901,0.0,100.0,34.883720930232556,65.11627906976744
05118,05,118,1362,146,0,146,60,86,10.719530102790015,0.0,100.0,41.0958904109589,58.9041095890411
05119,05,119,1165,155,0,155,47,108,13.304721030042918,0.0,100.0,30.32258064516129,69.6774193548387
05120,05,120,1211,185,0,185,65,120,15.2766308835673,0.0,100.0,35.13513513513514,64.86486486486487
05121,05,121,1139,155,0,155,37,118,13.608428446005268,0.0,100.0,23.870967741935484,76.12903225806451
05122,05,122,834,80,0,80,19,61,9.59232613908873,0.0,100.0,23.75,76.25
05123,05,123,718,100,0,100,29,71,13.92757660167131,0.0,100.0,28.999999999999996,71.0
05124,05,124,1292,185,0,185,46,139,14.318885448916408,0.0,100.0,24.864864864864867,75.13513513513513
05125,05,125,962,89,0,89,29,60,9.251559251559252,0.0,100.0,32.58426966292135,67.41573033707866
05126,05,126,1117,110,3,107,41,66,9.847806624888094,2.727272727272727,97.27272727272728,37.27272727272727,60.0
05127,05,127,892,76,0,76,19,57,8.520179372197308,0.0,100.0,25.0,75.0
05128,05,128,868,60,0,60,16,44,6.912442396313365,0.0,100.0,26.666666666666668,73.33333333333333
05129,05,129,952,108,0,108,35,73,11.344537815126051,0.0,100.0,32.407407407407405,67.5925925925926
05130,05,130,1086,147,0,147,33,114,13.535911602209943,0.0,100.0,22.448979591836736,77.55102040816327
05131,05,131,524,82,1,81,47,34,15.648854961832063,1.2195121951219512,98.78048780487805,57.3170731707317,41.46341463414634
05132,05,132,1190,129,1,128,46,82,10.840336134453782,0.7751937984496124,99.2248062015504,35.65891472868217,63.565891472868216
05133,05,133,1195,119,0,119,37,82,9.9581589958159,0.0,100.0,31.092436974789916,68.90756302521008
05134,05,134,1092,106,0,106,40,66,9.706959706959708,0.0,100.0,37.735849056603776,62.264150943396224
05201,05,201,1209,199,1,198,58,140,16.459884201819687,0.5025125628140703,99.49748743718592,29.145728643216078,70.35175879396985
05202,05,202,1074,97,0,97,30,67,9.031657355679702,0.0,100.0,30.927835051546392,69.0721649484536
05203,05,203,1159,121,0,121,38,83,10.440034512510785,0.0,100.0,31.40495867768595,68.59504132231406
05204,05,204,879,106,0,106,32,74,12.059158134243459,0.0,100.0,30.18867924528302,69.81132075471697
05205,05,205,983,119,1,118,45,73,12.105798575788402,0.8403361344537815,99.15966386554622,37.81512605042017,61.34453781512605
05206,05,206,660,102,1,101,53,48,15.454545454545453,0.9803921568627451,99.01960784313727,51.9607843137255,47.05882352941176
05207,05,207,1005,66,0,66,24,42,6.567164179104477,0.0,100.0,36.36363636363637,63.63636363636363
05208,05,208,1008,146,1,145,75,70,14.484126984126986,0.684931506849315,99.31506849315068,51.369863013698634,47.94520547945205
05209,05,209,969,143,2,141,48,93,14.75748194014448,1.3986013986013985,98.6013986013986,33.56643356643357,65.03496503496503
05210,05,210,1042,140,1,139,74,65,13.43570057581574,0.7142857142857143,99.28571428571429,52.85714285714286,46.42857142857143
05211,05,211,765,115,0,115,36,79,15.032679738562091,0.0,100.0,31.30434782608696,68.69565217391305
05212,05,212,863,135,1,134,49,85,15.643105446118192,0.7407407407407408,99.25925925925925,36.2962962962963,62.96296296296296
05213,05,213,966,219,1,218,56,162,22.67080745341615,0.45662100456621,99.54337899543378,25.570776255707763,73.97260273972603
05214,05,214,1148,105,0,105,29,76,9.146341463414634,0.0,100.0,27.61904761904762,72.38095238095238
05215,05,215,1023,97,1,96,37,59,9.481915933528837,1.0309278350515463,98.96907216494846,38.144329896907216,60.824742268041234
05216,05,216,942,115,0,115,38,77,12.208067940552016,0.0,100.0,33.04347826086956,66.95652173913044
05217,05,217,707,109,0,109,33,76,15.417256011315416,0.0,100.0,30.275229357798167,69.72477064220183
05218,05,218,928,159,0,159,66,93,17.13362068965517,0.0,100.0,41.509433962264154,58.490566037735846
05219,05,219,1192,185,0,185,80,105,15.52013422818792,0.0,100.0,43.24324324324324,56.75675675675676
05220,05,220,990,125,0,125,41,84,12.626262626262626,0.0,100.0,32.800000000000004,67.2
05221,05,221,785,123,0,123,53,70,15.668789808917197,0.0,100.0,43.08943089430895,56.91056910569105
05222,05,222,843,167,1,166,67,99,19.81020166073547,0.5988023952095809,99.40119760479041,40.119760479041915,59.2814371257485
05223,05,223,1024,116,0,116,47,69,11.328125,0.0,100.0,40.51724137931034,59.48275862068966
05224,05,224,865,143,1,142,60,82,16.53179190751445,0.6993006993006993,99.3006993006993,41.95804195804196,57.34265734265735
05225,05,225,944,145,0,145,58,87,15.360169491525424,0.0,100.0,40.0,60.0
05226,05,226,995,149,0,149,53,96,14.974874371859295,0.0,100.0,35.57046979865772,64.42953020134227
05227,05,227,1225,106,0,106,40,66,8.653061224489795,0.0,100.0,37.735849056603776,62.264150943396224
05228,05,228,703,151,0,151,42,109,21.47937411095306,0.0,100.0,27.81456953642384,72.18543046357617
05229,05,229,950,72,0,72,21,51,7.578947368421053,0.0,100.0,29.166666666666668,70.83333333333334
05230,05,230,619,77,1,76,34,42,12.439418416801292,1.2987012987012987,98.7012987012987,44.15584415584416,54.54545454545454
05301,05,301,1160,161,0,161,48,113,13.879310344827585,0.0,100.0,29.81366459627329,70.1863354037267
05302,05,302,892,118,1,117,41,76,13.228699551569505,0.847457627118644,99.15254237288136,34.74576271186441,64.40677966101694
05303,05,303,908,171,0,171,60,111,18.83259911894273,0.0,100.0,35.08771929824561,64.91228070175438
05304,05,304,1356,212,3,209,66,143,15.634218289085547,1.4150943396226416,98.58490566037736,31.132075471698112,67.45283018867924
05305,05,305,1164,149,0,149,44,105,12.800687285223367,0.0,100.0,29.53020134228188,70.46979865771812
05306,05,306,811,135,0,135,56,79,16.646115906288532,0.0,100.0,41.48148148148148,58.51851851851851
05307,05,307,1217,154,0,154,62,92,12.65406737880033,0.0,100.0,40.25974025974026,59.74025974025974
05308,05,308,1143,212,1,211,69,142,18.547681539807524,0.4716981132075472,99.52830188679245,32.54716981132076,66.98113207547169
05309,05,309,1279,105,0,105,34,71,8.209538702111024,0.0,100.0,32.38095238095238,67.61904761904762
05310,05,310,1134,185,0,185,82,103,16.313932980599645,0.0,100.0,44.32432432432433,55.67567567567567
05311,05,311,1105,207,1,206,115,91,18.733031674208146,0.4830917874396135,99.51690821256038,55.55555555555556,43.96135265700483
05312,05,312,903,151,0,151,59,92,16.72203765227021,0.0,100.0,39.0728476821192,60.9271523178808
05313,05,313,1288,218,0,218,88,130,16.925465838509314,0.0,100.0,40.36697247706422,59.63302752293578
05314,05,314,1155,194,1,193,74,119,16.796536796536795,0.5154639175257731,99.48453608247422,38.144329896907216,61.34020618556701
05315,05,315,1130,321,2,319,179,140,28.407079646017696,0.6230529595015576,99.37694704049844,55.7632398753894,43.613707165109034
05316,05,316,1255,186,0,186,64,122,14.820717131474105,0.0,100.0,34.40860215053764,65.59139784946237
05317,05,317,1057,122,0,122,52,70,11.542100283822137,0.0,100.0,42.62295081967213,57.377049180327866
05318,05,318,1147,175,0,175,80,95,15.257192676547515,0.0,100.0,45.714285714285715,54.285714285714285
05319,05,319,642,55,3,52,20,32,8.566978193146417,5.454545454545454,94.54545454545455,36.36363636363637,58.18181818181818
05320,05,320,915,124,1,123,35,88,13.55191256830601,0.8064516129032258,99.19354838709677,28.225806451612907,70.96774193548387
05321,05,321,1106,167,0,167,82,85,15.099457504520796,0.0,100.0,49.101796407185624,50.898203592814376
05322,05,322,1068,172,0,172,75,97,16.10486891385768,0.0,100.0,43.604651162790695,56.395348837209305
05323,05,323,839,79,0,79,28,51,9.415971394517282,0.0,100.0,35.44303797468354,64.55696202531645
05324,05,324,1070,161,1,160,49,111,15.046728971962617,0.6211180124223602,99.37888198757764,30.434782608695656,68.94409937888199
05325,05,325,1213,238,2,236,123,113,19.620774938169827,0.8403361344537815,99.15966386554622,51.68067226890757,47.47899159663865
05326,05,326,1062,96,1,95,38,57,9.03954802259887,1.0416666666666665,98.95833333333334,39.58333333333333,59.375
05327,05,327,1031,200,1,199,93,106,19.398642095053344,0.5,99.5,46.5,53.0
05328,05,328,1190,180,0,180,84,96,15.126050420168067,0.0,100.0,46.666666666666664,53.333333333333336
05329,05,329,936,135,0,135,69,66,14.423076923076922,0.0,100.0,51.11111111111111,48.888888888888886
05330,05,330,707,76,0,76,32,44,10.74964639321075,0.0,100.0,42.10526315789473,57.89473684210527
05331,05,331,577,58,0,58,18,40,10.051993067590988,0.0,100.0,31.03448275862069,68.96551724137932
05332,05,332,0,0,0,0,0,0,0.0,0.0,0.0,0.0,0.0
05401,05,401,1356,193,0,193,60,133,14.233038348082596,0.0,100.0,31.088082901554404,68.9119170984456
05402,05,402,703,142,0,142,61,81,20.19914651493599,0.0,100.0,42.95774647887324,57.04225352112676
05403,05,403,929,214,1,213,62,151,23.03552206673843,0.46728971962616817,99.53271028037383,28.971962616822427,70.56074766355141
05404,05,404,1015,204,0,204,67,137,20.098522167487683,0.0,100.0,32.84313725490196,67.15686274509804
05405,05,405,1054,242,2,240,62,178,22.960151802656547,0.8264462809917356,99.17355371900827,25.6198347107438,73.55371900826447
05406,05,406,983,137,0,137,26,111,13.936927772126145,0.0,100.0,18.97810218978102,81.02189781021897
05407,05,407,974,230,0,230,70,160,23.613963039014372,0.0,100.0,30.434782608695656,69.56521739130434
05408,05,408,824,76,0,76,28,48,9.223300970873787,0.0,100.0,36.84210526315789,63.1578947368421
05409,05,409,1080,235,0,235,45,190,21.75925925925926,0.0,100.0,19.148936170212767,80.85106382978722
05410,05,410,1293,144,0,144,35,109,11.1368909512761,0.0,100.0,24.305555555555554,75.69444444444444
05411,05,411,996,139,0,139,43,96,13.95582329317269,0.0,100.0,30.935251798561154,69.06474820143885
05412,05,412,1275,177,0,177,50,127,13.882352941176471,0.0,100.0,28.24858757062147,71.75141242937853
05413,05,413,1335,179,0,179,61,118,13.408239700374533,0.0,100.0,34.07821229050279,65.92178770949721
05414,05,414,764,112,0,112,24,88,14.659685863874344,0.0,100.0,21.428571428571427,78.57142857142857
05415,05,415,1249,105,1,104,23,81,8.406725380304243,0.9523809523809524,99.04761904761905,21.904761904761905,77.14285714285715
05416,05,416,1221,173,0,173,48,125,14.16871416871417,0.0,100.0,27.74566473988439,72.25433526011561
05417,05,417,937,235,0,235,75,160,25.080042689434368,0.0,100.0,31.914893617021278,68.08510638297872
05418,05,418,717,83,0,83,15,68,11.576011157601116,0.0,100.0,18.072289156626507,81.92771084337349
05419,05,419,1076,213,2,211,67,144,19.79553903345725,0.9389671361502347,99.06103286384976,31.455399061032864,67.6056338028169
05420,05,420,1071,195,0,195,61,134,18.207282913165265,0.0,100.0,31.28205128205128,68.71794871794872
05421,05,421,1194,153,0,153,51,102,12.814070351758794,0.0,100.0,33.33333333333333,66.66666666666666
05422,05,422,953,80,0,80,27,53,8.394543546694647,0.0,100.0,33.75,66.25
05423,05,423,815,99,0,99,16,83,12.147239263803682,0.0,100.0,16.161616161616163,83.83838383838383
05424,05,424,1189,177,1,176,52,124,14.88645920941968,0.5649717514124294,99.43502824858757,29.37853107344633,70.05649717514125
05425,05,425,997,159,0,159,52,107,15.947843530591776,0.0,100.0,32.70440251572327,67.29559748427673
05426,05,426,1168,216,0,216,67,149,18.493150684931507,0.0,100.0,31.01851851851852,68.98148148148148
05427,05,427,745,93,0,93,31,62,12.483221476510067,0.0,100.0,33.33333333333333,66.66666666666666
05428,05,428,1083,219,0,219,68,151,20.221606648199447,0.0,100.0,31.05022831050228,68.94977168949772
05429,05,429,942,194,0,194,76,118,20.59447983014862,0.0,100.0,39.175257731958766,60.824742268041234
05430,05,430,1007,174,0,174,61,113,17.27904667328699,0.0,100.0,35.05747126436782,64.9425287356322
05501,05,501,983,168,2,166,67,99,17.09053916581892,1.1904761904761905,98.80952380952381,39.88095238095239,58.92857142857143
05502,05,502,1175,269,0,269,118,151,22.893617021276597,0.0,100.0,43.866171003717476,56.13382899628253
05503,05,503,780,214,0,214,74,140,27.435897435897438,0.0,100.0,34.57943925233645,65.42056074766354
05504,05,504,911,236,0,236,76,160,25.905598243688253,0.0,100.0,32.20338983050847,67.79661016949152
05505,05,505,1097,194,1,193,81,112,17.684594348222422,0.5154639175257731,99.48453608247422,41.75257731958763,57.73195876288659
05506,05,506,1068,281,0,281,80,201,26.31086142322097,0.0,100.0,28.46975088967972,71.53024911032028
05507,05,507,985,282,3,279,92,187,28.62944162436548,1.0638297872340425,98.93617021276596,32.62411347517731,66.31205673758865
05508,05,508,968,264,3,261,84,177,27.27272727272727,1.1363636363636365,98.86363636363636,31.818181818181817,67.04545454545455
05509,05,509,695,121,0,121,44,77,17.41007194244604,0.0,100.0,36.36363636363637,63.63636363636363
05510,05,510,965,232,0,232,76,156,24.041450777202073,0.0,100.0,32.758620689655174,67.24137931034483
05511,05,511,911,248,1,247,64,183,27.22283205268935,0.4032258064516129,99.59677419354838,25.806451612903224,73.79032258064517
05512,05,512,855,207,1,206,67,139,24.210526315789473,0.4830917874396135,99.51690821256038,32.367149758454104,67.14975845410628
05513,05,513,970,271,1,270,91,179,27.938144329896907,0.36900369003690037,99.63099630996311,33.579335793357934,66.05166051660517
05514,05,514,979,76,0,76,21,55,7.763023493360572,0.0,100.0,27.631578947368425,72.36842105263158
05515,05,515,1067,191,1,190,56,134,17.90065604498594,0.5235602094240838,99.47643979057592,29.31937172774869,70.15706806282722
05516,05,516,1193,294,1,293,98,195,24.643755238893544,0.3401360544217687,99.65986394557824,33.33333333333333,66.3265306122449
05517,05,517,994,150,0,150,48,102,15.090543259557343,0.0,100.0,32.0,68.0
05518,05,518,915,239,3,236,81,155,26.120218579234972,1.2552301255230125,98.74476987447699,33.89121338912134,64.85355648535564
05519,05,519,962,151,0,151,39,112,15.696465696465697,0.0,100.0,25.82781456953642,74.17218543046357
05520,05,520,1121,154,1,153,30,123,13.737734165923282,0.6493506493506493,99.35064935064936,19.480519480519483,79.87012987012987
05521,05,521,1108,89,1,88,39,49,8.032490974729242,1.1235955056179776,98.87640449438202,43.82022471910113,55.0561797752809
05522,05,522,951,263,0,263,93,170,27.655099894847528,0.0,100.0,35.361216730038024,64.63878326996198
05523,05,523,956,204,1,203,68,135,21.338912133891213,0.49019607843137253,99.50980392156863,33.33333333333333,66.17647058823529
05524,05,524,963,208,1,207,89,118,21.599169262720665,0.4807692307692308,99.51923076923077,42.78846153846153,56.730769230769226
05525,05,525,800,198,1,197,78,119,24.75,0.5050505050505051,99.4949494949495,39.39393939393939,60.1010101010101
05526,05,526,1120,245,1,244,71,173,21.875,0.40816326530612246,99.59183673469387,28.97959183673469,70.61224489795919
05527,05,527,1390,80,1,79,32,47,5.755395683453238,1.25,98.75,40.0,58.75
05528,05,528,884,262,2,260,89,171,29.638009049773757,0.7633587786259541,99.23664122137404,33.969465648854964,65.2671755725191
05529,05,529,901,239,1,238,89,149,26.526082130965595,0.41841004184100417,99.581589958159,37.238493723849366,62.34309623430963
05530,05,530,957,174,1,173,65,108,18.181818181818183,0.5747126436781609,99.42528735632183,37.35632183908046,62.06896551724138
05531,05,531,784,184,1,183,66,117,23.46938775510204,0.5434782608695652,99.45652173913044,35.869565217391305,63.58695652173913
05532,05,532,1021,326,1,325,104,221,31.929480901077373,0.3067484662576687,99.69325153374233,31.901840490797547,67.79141104294479
051A,05,1A,0,544,1,543,232,311,inf,0.1838235294117647,99.81617647058823,42.64705882352941,57.16911764705882
051B,05,1B,0,0,0,0,0,0,0.0,0.0,0.0,0.0,0.0
051C,05,1C,0,361,0,361,146,215,inf,0.0,100.0,40.443213296398895,59.556786703601105
051D,05,1D,0,0,0,0,0,0,0.0,0.0,0.0,0.0,0.0
051E,05,1E,0,377,1,376,170,206,inf,0.2652519893899204,99.73474801061008,45.09283819628647,54.64190981432361
051F,05,1F,0,0,0,0,0,0,0.0,0.0,0.0,0.0,0.0
051G,05,1G,0,480,2,478,185,293,inf,0.4166666666666667,99.58333333333333,38.54166666666667,61.04166666666667
051H,05,1H,0,0,0,0,0,0,0.0,0.0,0.0,0.0,0.0
051J,05,1J,0,464,1,463,168,295,inf,0.21551724137931033,99.78448275862068,36.206896551724135,63.577586206896555
051K,05,1K,0,0,0,0,0,0,0.0,0.0,0.0,0.0,0.0
051L,05,1L,0,628,1,627,192,435,inf,0.15923566878980894,99.84076433121018,30.573248407643312,69.26751592356688
051M,05,1M,0,0,0,0,0,0,0.0,0.0,0.0,0.0,0.0
051N,05,1N,0,495,3,492,168,324,inf,0.6060606060606061,99.39393939393939,33.939393939393945,65.45454545454545
051P,05,1P,0,0,0,0,0,0,0.0,0.0,0.0,0.0,0.0
051Q,05,1Q,0,389,2,387,111,276,inf,0.5141388174807198,99.48586118251927,28.53470437017995,70.95115681233933
051R,05,1R,0,0,0,0,0,0,0.0,0.0,0.0,0.0,0.0
051S,05,1S,0,206,2,204,82,122,inf,0.9708737864077669,99.02912621359224,39.80582524271845,59.22330097087378
052A,05,2A,0,287,1,286,118,168,inf,0.34843205574912894,99.65156794425087,41.11498257839721,58.536585365853654
052B,05,2B,0,0,0,0,0,0,0.0,0.0,0.0,0.0,0.0
052C,05,2C,0,522,2,520,265,255,inf,0.38314176245210724,99.61685823754789,50.76628352490421,48.85057471264368
052D,05,2D,0,0,0,0,0,0,0.0,0.0,0.0,0.0,0.0
052E,05,2E,0,518,0,518,230,288,inf,0.0,100.0,44.4015444015444,55.5984555984556
052F,05,2F,0,0,0,0,0,0,0.0,0.0,0.0,0.0,0.0
052G,05,2G,0,349,1,348,129,219,inf,0.28653295128939826,99.7134670487106,36.96275071633238,62.75071633237822
052H,05,2H,0,0,0,0,0,0,0.0,0.0,0.0,0.0,0.0
052J,05,2J,0,0,0,0,0,0,0.0,0.0,0.0,0.0,0.0
052K,05,2K,0,334,2,332,109,223,inf,0.5988023952095809,99.40119760479041,32.634730538922156,66.76646706586826
052L,05,2L,0,0,0,0,0,0,0.0,0.0,0.0,0.0,0.0
052M,05,2M,0,356,0,356,176,180,inf,0.0,100.0,49.43820224719101,50.56179775280899
052N,05,2N,0,0,0,0,0,0,0.0,0.0,0.0,0.0,0.0
052P,05,2P,0,408,3,405,145,260,inf,0.7352941176470588,99.26470588235294,35.53921568627451,63.725490196078425
052Q,05,2Q,0,0,0,0,0,0,0.0,0.0,0.0,0.0,0.0
052R,05,2R,0,0,0,0,0,0,0.0,0.0,0.0,0.0,0.0
053A,05,3A,0,609,2,607,283,324,inf,0.3284072249589491,99.67159277504105,46.4696223316913,53.20197044334976
053B,05,3B,0,0,0,0,0,0,0.0,0.0,0.0,0.0,0.0
053C,05,3C,0,515,0,515,265,250,inf,0.0,100.0,51.45631067961165,48.54368932038835
053D,05,3D,0,0,0,0,0,0,0.0,0.0,0.0,0.0,0.0
053E,05,3E,0,609,0,609,267,342,inf,0.0,100.0,43.84236453201971,56.15763546798029
053F,05,3F,0,0,0,0,0,0,0.0,0.0,0.0,0.0,0.0
053G,05,3G,0,0,0,0,0,0,0.0,0.0,0.0,0.0,0.0
053H,05,3H,0,524,0,524,263,261,inf,0.0,100.0,50.19083969465649,49.80916030534351
053J,05,3J,0,0,0,0,0,0,0.0,0.0,0.0,0.0,0.0
053K,05,3K,0,420,0,420,174,246,inf,0.0,100.0,41.42857142857143,58.57142857142858
053L,05,3L,0,0,0,0,0,0,0.0,0.0,0.0,0.0,0.0
053M,05,3M,0,0,0,0,0,0,0.0,0.0,0.0,0.0,0.0
053N,05,3N,0,387,0,387,163,224,inf,0.0,100.0,42.11886304909561,57.88113695090439
053P,05,3P,0,0,0,0,0,0,0.0,0.0,0.0,0.0,0.0
053Q,05,3Q,0,0,0,0,0,0,0.0,0.0,0.0,0.0,0.0
053R,05,3R,0,501,2,499,156,343,inf,0.39920159680638717,99.60079840319361,31.137724550898206,68.46307385229541
053S,05,3S,0,0,0,0,0,0,0.0,0.0,0.0,0.0,0.0
053T,05,3T,0,0,0,0,0,0,0.0,0.0,0.0,0.0,0.0
053U,05,3U,0,223,0,223,108,115,inf,0.0,100.0,48.4304932735426,51.569506726457405
053V,05,3V,0,0,0,0,0,0,0.0,0.0,0.0,0.0,0.0
054A,05,4A,0,460,0,460,119,341,inf,0.0,100.0,25.869565217391305,74.1304347826087
054B,05,4B,0,0,0,0,0,0,0.0,0.0,0.0,0.0,0.0
054C,05,4C,0,687,2,685,207,478,inf,0.2911208151382824,99.70887918486171,30.131004366812224,69.5778748180495
054D,05,4D,0,0,0,0,0,0,0.0,0.0,0.0,0.0,0.0
054E,05,4E,0,421,0,421,121,300,inf,0.0,100.0,28.741092636579573,71.25890736342043
054F,05,4F,0,0,0,0,0,0,0.0,0.0,0.0,0.0,0.0
054G,05,4G,0,411,5,406,107,299,inf,1.2165450121654502,98.78345498783455,26.034063260340634,72.74939172749392
054H,05,4H,0,0,0,0,0,0,0.0,0.0,0.0,0.0,0.0
054J,05,4J,0,404,0,404,128,276,inf,0.0,100.0,31.683168316831683,68.31683168316832
054K,05,4K,0,0,0,0,0,0,0.0,0.0,0.0,0.0,0.0
054L,05,4L,0,377,1,376,129,247,inf,0.2652519893899204,99.73474801061008,34.217506631299734,65.51724137931035
054M,05,4M,0,0,0,0,0,0,0.0,0.0,0.0,0.0,0.0
054N,05,4N,0,492,1,491,151,340,inf,0.20325203252032523,99.79674796747967,30.691056910569102,69.10569105691057
054P,05,4P,0,0,0,0,0,0,0.0,0.0,0.0,0.0,0.0
054Q,05,4Q,0,0,0,0,0,0,0.0,0.0,0.0,0.0,0.0
054R,05,4R,0,580,0,580,184,396,inf,0.0,100.0,31.724137931034484,68.27586206896552
054S,05,4S,0,0,0,0,0,0,0.0,0.0,0.0,0.0,0.0
054T,05,4T,0,595,3,592,167,425,inf,0.5042016806722689,99.49579831932773,28.067226890756302,71.42857142857143
054U,05,4U,0,0,0,0,0,0,0.0,0.0,0.0,0.0,0.0
055A,05,5A,0,389,1,388,109,279,inf,0.2570694087403599,99.74293059125964,28.020565552699228,71.72236503856041
055B,05,5B,0,0,0,0,0,0,0.0,0.0,0.0,0.0,0.0
055C,05,5C,0,395,0,395,113,282,inf,0.0,100.0,28.607594936708864,71.39240506329114
055D,05,5D,0,0,0,0,0,0,0.0,0.0,0.0,0.0,0.0
055E,05,5E,0,482,2,480,215,265,inf,0.4149377593360996,99.5850622406639,44.60580912863071,54.9792531120332
055F,05,5F,0,0,0,0,0,0,0.0,0.0,0.0,0.0,0.0
055G,05,5G,0,411,3,408,160,248,inf,0.7299270072992701,99.27007299270073,38.929440389294406,60.34063260340633
055H,05,5H,0,0,0,0,0,0,0.0,0.0,0.0,0.0,0.0
055J,05,5J,0,521,5,516,161,355,inf,0.9596928982725527,99.04030710172745,30.902111324376197,68.13819577735126
055K,05,5K,0,0,0,0,0,0,0.0,0.0,0.0,0.0,0.0
055L,05,5L,0,561,3,558,201,357,inf,0.53475935828877,99.46524064171123,35.82887700534759,63.63636363636363
055M,05,5M,0,0,0,0,0,0,0.0,0.0,0.0,0.0,0.0
055N,05,5N,0,291,1,290,113,177,inf,0.3436426116838488,99.65635738831615,38.83161512027492,60.824742268041234
055P,05,5P,0,0,0,0,0,0,0.0,0.0,0.0,0.0,0.0
055Q,05,5Q,0,448,1,447,162,285,inf,0.2232142857142857,99.77678571428571,36.160714285714285,63.61607142857143
055R,05,5R,0,0,0,0,0,0,0.0,0.0,0.0,0.0,0.0
055S,05,5S,0,440,4,436,126,310,inf,0.9090909090909091,99.0909090909091,28.636363636363637,70.45454545454545
055T,05,5T,0,0,0,0,0,0,0.0,0.0,0.0,0.0,0.0
055U,05,5U,0,343,0,343,98,245,inf,0.0,100.0,28.57142857142857,71.42857142857143
055V,05,5V,0,0,0,0,0,0,0.0,0.0,0.0,0.0,0.0
055W,05,5W,0,344,4,340,106,234,inf,1.1627906976744187,98.83720930232558,30.813953488372093,68.02325581395348
055X,05,5X,0,0,0,0,0,0,0.0,0.0,0.0,0.0,0.0
055Y,05,5Y,0,332,0,332,93,239,inf,0.0,100.0,28.012048192771083,71.98795180722891
055Z,05,5Z,0,0,0,0,0,0,0.0,0.0,0.0,0.0,0.0
06101,06,101,1256,283,1,282,121,161,22.531847133757964,0.35335689045936397,99.64664310954063,42.75618374558304,56.8904593639576
06102,06,102,1293,272,2,270,149,121,21.036349574632638,0.7352941176470588,99.26470588235294,54.779411764705884,44.48529411764706
06103,06,103,1249,276,1,275,174,101,22.09767814251401,0.36231884057971014,99.63768115942028,63.04347826086957,36.594202898550726
06104,06,104,1285,336,1,335,227,108,26.14785992217899,0.2976190476190476,99.70238095238095,67.55952380952381,32.142857142857146
06105,06,105,1158,223,0,223,128,95,19.2573402417962,0.0,100.0,57.399103139013455,42.600896860986545
06106,06,106,1141,207,0,207,109,98,18.141980718667835,0.0,100.0,52.65700483091788,47.34299516908212
06107,06,107,1190,255,3,252,113,139,21.428571428571427,1.1764705882352942,98.82352941176471,44.31372549019608,54.509803921568626
06108,06,108,1279,356,4,352,191,161,27.834245504300238,1.1235955056179776,98.87640449438202,53.65168539325843,45.2247191011236
06109,06,109,1276,327,0,327,190,137,25.6269592476489,0.0,100.0,58.103975535168196,41.896024464831804
06110,06,110,1136,242,1,241,138,103,21.30281690140845,0.4132231404958678,99.58677685950413,57.02479338842975,42.561983471074385
06111,06,111,1133,302,1,301,179,122,26.654898499558694,0.33112582781456956,99.66887417218543,59.27152317880795,40.397350993377486
06112,06,112,1243,258,2,256,127,129,20.75623491552695,0.7751937984496124,99.2248062015504,49.224806201550386,50.0
06113,06,113,1177,166,1,165,73,92,14.103653355989804,0.6024096385542169,99.3975903614458,43.97590361445783,55.42168674698795
06114,06,114,1205,254,4,250,118,132,21.07883817427386,1.574803149606299,98.4251968503937,46.45669291338583,51.96850393700787
06115,06,115,1243,244,1,243,141,102,19.629927594529363,0.4098360655737705,99.59016393442623,57.786885245901644,41.80327868852459
06116,06,116,1226,322,5,317,195,122,26.26427406199021,1.5527950310559007,98.4472049689441,60.55900621118012,37.88819875776397
06117,06,117,1173,189,1,188,101,87,16.11253196930946,0.5291005291005291,99.47089947089947,53.43915343915344,46.03174603174603
06118,06,118,1238,307,3,304,161,143,24.79806138933764,0.9771986970684038,99.0228013029316,52.44299674267101,46.579804560260584
06119,06,119,1211,274,4,270,164,106,22.625928984310487,1.4598540145985401,98.54014598540147,59.854014598540154,38.68613138686132
06120,06,120,1100,278,0,278,177,101,25.272727272727273,0.0,100.0,63.66906474820144,36.330935251798564
06121,06,121,1191,286,3,283,146,137,24.01343408900084,1.048951048951049,98.95104895104895,51.048951048951054,47.9020979020979
06122,06,122,1287,319,0,319,177,142,24.786324786324787,0.0,100.0,55.4858934169279,44.5141065830721
06123,06,123,1171,271,2,269,143,126,23.14261315115286,0.7380073800738007,99.2619926199262,52.767527675276746,46.494464944649444
06124,06,124,1291,241,0,241,146,95,18.66769945778466,0.0,100.0,60.58091286307054,39.41908713692946
06125,06,125,1247,273,2,271,167,104,21.892542101042505,0.7326007326007326,99.26739926739927,61.172161172161175,38.095238095238095
06126,06,126,1139,259,0,259,156,103,22.739244951712028,0.0,100.0,60.231660231660236,39.768339768339764
06201,06,201,1205,300,1,299,168,131,24.896265560165975,0.33333333333333337,99.66666666666667,56.00000000000001,43.666666666666664
06202,06,202,1348,318,1,317,159,158,23.590504451038576,0.3144654088050315,99.68553459119497,50.0,49.685534591194966
06203,06,203,1189,226,2,224,111,113,19.00756938603869,0.8849557522123894,99.11504424778761,49.11504424778761,50.0
06204,06,204,1240,292,0,292,121,171,23.548387096774192,0.0,100.0,41.43835616438356,58.56164383561644
06205,06,205,1135,208,0,208,81,127,18.325991189427313,0.0,100.0,38.94230769230769,61.057692307692314
06206,06,206,1234,320,1,319,123,196,25.93192868719611,0.3125,99.6875,38.4375,61.25000000000001
06207,06,207,1133,186,0,186,91,95,16.41659311562224,0.0,100.0,48.924731182795696,51.075268817204304
06208,06,208,1246,238,1,237,100,137,19.101123595505616,0.42016806722689076,99.57983193277312,42.016806722689076,57.56302521008403
06209,06,209,1303,259,0,259,150,109,19.87720644666155,0.0,100.0,57.91505791505791,42.084942084942085
06210,06,210,1292,359,0,359,180,179,27.78637770897833,0.0,100.0,50.13927576601671,49.86072423398329
06211,06,211,1340,240,3,237,134,103,17.91044776119403,1.25,98.75,55.833333333333336,42.916666666666664
06212,06,212,1290,244,1,243,123,120,18.91472868217054,0.4098360655737705,99.59016393442623,50.409836065573764,49.18032786885246
06213,06,213,1281,247,1,246,143,103,19.28181108508977,0.4048582995951417,99.59514170040485,57.89473684210527,41.70040485829959
06214,06,214,1146,277,2,275,162,113,24.171029668411865,0.7220216606498195,99.27797833935018,58.48375451263538,40.794223826714806
06215,06,215,1286,288,2,286,152,134,22.3950233281493,0.6944444444444444,99.30555555555556,52.77777777777778,46.52777777777778
06216,06,216,1235,247,1,246,148,98,20.0,0.4048582995951417,99.59514170040485,59.91902834008097,39.67611336032389
06217,06,217,1272,291,4,287,151,136,22.87735849056604,1.3745704467353952,98.62542955326461,51.890034364261176,46.735395189003434
06218,06,218,1182,184,0,184,97,87,15.5668358714044,0.0,100.0,52.71739130434783,47.28260869565217
06219,06,219,1164,273,0,273,178,95,23.45360824742268,0.0,100.0,65.2014652014652,34.798534798534796
06220,06,220,1242,284,0,284,151,133,22.86634460547504,0.0,100.0,53.16901408450704,46.83098591549296
06221,06,221,1337,296,6,290,131,159,22.13911742707554,2.027027027027027,97.97297297297297,44.25675675675676,53.71621621621622
06222,06,222,1090,183,0,183,87,96,16.788990825688074,0.0,100.0,47.540983606557376,52.459016393442624
06223,06,223,1071,262,1,261,143,118,24.463118580765638,0.38167938931297707,99.61832061068702,54.58015267175572,45.038167938931295
06224,06,224,1222,255,1,254,140,114,20.867430441898527,0.39215686274509803,99.6078431372549,54.90196078431373,44.70588235294118
06225,06,225,1177,218,2,216,114,102,18.521665250637213,0.9174311926605505,99.08256880733946,52.293577981651374,46.788990825688074
06301,06,301,1314,281,4,277,148,129,21.385083713850836,1.4234875444839856,98.57651245551602,52.66903914590747,45.90747330960854
06302,06,302,1277,273,3,270,144,126,21.378230227094754,1.098901098901099,98.9010989010989,52.74725274725275,46.15384615384615
06303,06,303,1106,286,1,285,153,132,25.85895117540687,0.34965034965034963,99.65034965034964,53.4965034965035,46.15384615384615
06304,06,304,1286,344,5,339,152,187,26.749611197511662,1.4534883720930232,98.54651162790698,44.18604651162791,54.360465116279066
06305,06,305,1143,273,3,270,150,120,23.88451443569554,1.098901098901099,98.9010989010989,54.94505494505495,43.956043956043956
06306,06,306,1259,245,2,243,102,141,19.459888800635426,0.8163265306122449,99.18367346938776,41.63265306122449,57.55102040816327
06307,06,307,1207,265,5,260,137,123,21.955260977630488,1.8867924528301887,98.11320754716981,51.698113207547166,46.41509433962264
06308,06,308,1167,312,3,309,131,178,26.735218508997427,0.9615384615384616,99.03846153846155,41.98717948717949,57.05128205128205
06309,06,309,1269,281,1,280,135,145,22.14342001576044,0.3558718861209964,99.644128113879,48.04270462633452,51.60142348754449
06310,06,310,1237,351,5,346,187,159,28.37510105092967,1.4245014245014245,98.57549857549857,53.27635327635327,45.2991452991453
06311,06,311,1093,230,0,230,112,118,21.043000914913083,0.0,100.0,48.69565217391305,51.30434782608696
06312,06,312,1170,314,3,311,140,171,26.837606837606838,0.9554140127388535,99.04458598726114,44.5859872611465,54.45859872611465
06313,06,313,1179,265,2,263,112,151,22.476675148430875,0.7547169811320755,99.24528301886792,42.26415094339623,56.9811320754717
06314,06,314,1262,249,1,248,98,150,19.730586370839937,0.4016064257028112,99.59839357429718,39.3574297188755,60.24096385542169
06315,06,315,1228,250,0,250,117,133,20.35830618892508,0.0,100.0,46.800000000000004,53.2
06316,06,316,1259,232,4,228,85,143,18.427323272438443,1.7241379310344827,98.27586206896551,36.637931034482754,61.63793103448276
06317,06,317,1348,247,1,246,125,121,18.323442136498517,0.4048582995951417,99.59514170040485,50.607287449392715,48.987854251012145
06318,06,318,1293,215,1,214,93,121,16.627996906419177,0.46511627906976744,99.53488372093024,43.25581395348837,56.27906976744186
06319,06,319,1143,221,0,221,123,98,19.335083114610676,0.0,100.0,55.65610859728507,44.34389140271493
06320,06,320,1237,235,1,234,113,121,18.997574777687955,0.425531914893617,99.57446808510639,48.08510638297872,51.48936170212765
06321,06,321,1264,246,3,243,122,121,19.462025316455698,1.2195121951219512,98.78048780487805,49.59349593495935,49.1869918699187
06322,06,322,1295,261,0,261,106,155,20.154440154440152,0.0,100.0,40.61302681992337,59.38697318007663
06323,06,323,1193,284,1,283,131,152,23.805532271584244,0.35211267605633806,99.64788732394366,46.12676056338028,53.52112676056338
06324,06,324,1180,262,1,261,110,151,22.203389830508474,0.38167938931297707,99.61832061068702,41.98473282442748,57.63358778625955
06325,06,325,1312,251,1,250,120,130,19.13109756097561,0.398406374501992,99.60159362549801,47.808764940239044,51.79282868525896
06326,06,326,1222,315,1,314,177,137,25.777414075286416,0.31746031746031744,99.68253968253968,56.19047619047619,43.492063492063494
06327,06,327,1168,316,1,315,166,149,27.054794520547947,0.31645569620253167,99.68354430379746,52.53164556962025,47.151898734177216
06401,06,401,1240,354,2,352,182,170,28.548387096774192,0.5649717514124294,99.43502824858757,51.41242937853108,48.0225988700565
06402,06,402,1291,256,0,256,108,148,19.8295894655306,0.0,100.0,42.1875,57.8125
06403,06,403,1312,225,0,225,100,125,17.14939024390244,0.0,100.0,44.44444444444444,55.55555555555556
06404,06,404,1152,274,2,272,133,139,23.78472222222222,0.7299270072992701,99.27007299270073,48.54014598540146,50.72992700729927
06405,06,405,1263,344,2,342,138,204,27.23673792557403,0.5813953488372093,99.4186046511628,40.116279069767444,59.30232558139535
06406,06,406,1215,243,1,242,117,125,20.0,0.411522633744856,99.58847736625515,48.148148148148145,51.440329218106996
06407,06,407,1320,241,1,240,102,138,18.257575757575758,0.4149377593360996,99.5850622406639,42.32365145228216,57.26141078838174
06408,06,408,1305,254,2,252,125,127,19.463601532567047,0.7874015748031495,99.21259842519686,49.21259842519685,50.0
06409,06,409,1198,242,0,242,101,141,20.20033388981636,0.0,100.0,41.735537190082646,58.26446280991735
06410,06,410,1254,185,1,184,72,112,14.752791068580542,0.5405405405405406,99.45945945945947,38.91891891891892,60.54054054054055
06411,06,411,1595,320,1,319,105,214,20.06269592476489,0.3125,99.6875,32.8125,66.875
06412,06,412,1218,268,2,266,117,149,22.003284072249592,0.7462686567164178,99.25373134328358,43.656716417910445,55.59701492537313
06413,06,413,1224,197,0,197,74,123,16.094771241830067,0.0,100.0,37.56345177664975,62.43654822335025
06414,06,414,1177,168,0,168,52,116,14.273576890399319,0.0,100.0,30.952380952380953,69.04761904761905
06415,06,415,1050,157,0,157,69,88,14.952380952380953,0.0,100.0,43.94904458598726,56.05095541401274
06416,06,416,1282,257,1,256,116,140,20.04680187207488,0.38910505836575876,99.61089494163424,45.13618677042802,54.474708171206224
06417,06,417,1253,247,2,245,108,137,19.71268954509178,0.8097165991902834,99.19028340080972,43.7246963562753,55.465587044534416
06418,06,418,1209,347,2,345,176,169,28.701406120760957,0.5763688760806917,99.42363112391931,50.720461095100866,48.70317002881844
06419,06,419,1165,204,0,204,88,116,17.510729613733904,0.0,100.0,43.13725490196079,56.86274509803921
06420,06,420,1161,180,0,180,53,127,15.503875968992247,0.0,100.0,29.444444444444446,70.55555555555556
06421,06,421,1257,206,2,204,89,115,16.388225934765313,0.9708737864077669,99.02912621359224,43.203883495145625,55.8252427184466
06422,06,422,1228,293,3,290,161,129,23.859934853420196,1.023890784982935,98.97610921501706,54.94880546075085,44.027303754266214
06423,06,423,1250,302,0,302,90,212,24.16,0.0,100.0,29.80132450331126,70.19867549668875
06501,06,501,1181,214,1,213,80,133,18.120237087214225,0.46728971962616817,99.53271028037383,37.38317757009346,62.149532710280376
06502,06,502,1305,254,1,253,97,156,19.463601532567047,0.39370078740157477,99.60629921259843,38.188976377952756,61.417322834645674
06503,06,503,1229,228,2,226,96,130,18.55166802278275,0.8771929824561403,99.12280701754386,42.10526315789473,57.01754385964912
06504,06,504,1078,265,1,264,124,140,24.58256029684601,0.37735849056603776,99.62264150943396,46.79245283018868,52.83018867924528
06505,06,505,1235,316,1,315,139,176,25.587044534412957,0.31645569620253167,99.68354430379746,43.9873417721519,55.69620253164557
06506,06,506,1201,190,0,190,77,113,15.82014987510408,0.0,100.0,40.526315789473685,59.473684210526315
06507,06,507,1149,216,0,216,63,153,18.79895561357702,0.0,100.0,29.166666666666668,70.83333333333334
06508,06,508,1266,203,2,201,77,124,16.034755134281202,0.9852216748768473,99.01477832512316,37.93103448275862,61.083743842364534
06509,06,509,1295,309,2,307,92,215,23.86100386100386,0.6472491909385114,99.35275080906149,29.773462783171524,69.57928802588997
06510,06,510,1240,339,1,338,121,217,27.338709677419352,0.2949852507374631,99.70501474926253,35.693215339233035,64.0117994100295
06511,06,511,1130,273,3,270,128,142,24.15929203539823,1.098901098901099,98.9010989010989,46.88644688644688,52.01465201465202
06512,06,512,1166,161,2,159,50,109,13.807890222984561,1.2422360248447204,98.75776397515527,31.05590062111801,67.70186335403726
06513,06,513,1471,250,0,250,107,143,16.995241332426918,0.0,100.0,42.8,57.199999999999996
06514,06,514,1231,338,3,335,139,196,27.45735174654752,0.8875739644970414,99.11242603550295,41.124260355029584,57.98816568047337
06515,06,515,1232,287,1,286,107,179,23.295454545454543,0.34843205574912894,99.65156794425087,37.282229965156795,62.36933797909408
06516,06,516,1080,161,1,160,50,110,14.907407407407408,0.6211180124223602,99.37888198757764,31.05590062111801,68.32298136645963
06517,06,517,1342,232,0,232,78,154,17.2876304023845,0.0,100.0,33.62068965517241,66.37931034482759
06518,06,518,1033,163,1,162,51,111,15.779283639883834,0.6134969325153374,99.38650306748467,31.28834355828221,68.09815950920245
06519,06,519,1003,163,1,162,77,85,16.25124626121635,0.6134969325153374,99.38650306748467,47.239263803680984,52.14723926380368
06520,06,520,1086,259,1,258,111,147,23.848987108655617,0.3861003861003861,99.61389961389962,42.857142857142854,56.75675675675676
06521,06,521,1110,291,2,289,107,182,26.216216216216214,0.6872852233676976,99.3127147766323,36.769759450171826,62.54295532646048
06522,06,522,1279,219,0,219,85,134,17.12275215011728,0.0,100.0,38.81278538812785,61.18721461187214
06523,06,523,1282,195,0,195,90,105,15.210608424336975,0.0,100.0,46.15384615384615,53.84615384615385
06524,06,524,975,153,0,153,41,112,15.692307692307692,0.0,100.0,26.797385620915033,73.20261437908496
06525,06,525,950,121,1,120,26,94,12.736842105263158,0.8264462809917356,99.17355371900827,21.487603305785125,77.68595041322314
06601,06,601,1207,207,1,206,126,80,17.149958574979287,0.4830917874396135,99.51690821256038,60.86956521739131,38.64734299516908
06602,06,602,1199,339,1,338,181,157,28.27356130108424,0.2949852507374631,99.70501474926253,53.392330383480825,46.312684365781706
06603,06,603,1224,283,2,281,131,150,23.12091503267974,0.7067137809187279,99.29328621908127,46.28975265017668,53.003533568904594
06604,06,604,1167,313,3,310,166,144,26.820908311910884,0.9584664536741214,99.04153354632588,53.03514376996805,46.00638977635783
06605,06,605,1332,332,1,331,182,149,24.924924924924923,0.30120481927710846,99.69879518072288,54.81927710843374,44.87951807228915
06606,06,606,1200,241,0,241,88,153,20.083333333333332,0.0,100.0,36.51452282157676,63.48547717842323
06607,06,607,1215,271,3,268,93,175,22.304526748971192,1.107011070110701,98.8929889298893,34.31734317343174,64.57564575645756
06608,06,608,1401,258,0,258,103,155,18.41541755888651,0.0,100.0,39.922480620155035,60.07751937984496
06609,06,609,1165,279,0,279,149,130,23.948497854077253,0.0,100.0,53.40501792114696,46.59498207885305
06610,06,610,1130,270,0,270,113,157,23.893805309734514,0.0,100.0,41.85185185185185,58.14814814814815
06611,06,611,1225,241,2,239,128,111,19.6734693877551,0.8298755186721992,99.1701244813278,53.11203319502075,46.058091286307054
06612,06,612,1121,307,5,302,154,148,27.386262265834077,1.6286644951140066,98.37133550488599,50.1628664495114,48.20846905537459
06613,06,613,1137,265,3,262,160,102,23.30694810905893,1.1320754716981132,98.86792452830188,60.37735849056604,38.49056603773585
06614,06,614,1202,327,2,325,138,187,27.204658901830282,0.6116207951070336,99.38837920489296,42.201834862385326,57.18654434250765
06615,06,615,1295,218,2,216,109,107,16.833976833976834,0.9174311926605505,99.08256880733946,50.0,49.08256880733945
06616,06,616,1290,367,1,366,163,203,28.449612403100776,0.2724795640326975,99.72752043596729,44.4141689373297,55.313351498637594
06617,06,617,1268,317,2,315,150,165,25.0,0.6309148264984227,99.36908517350159,47.3186119873817,52.05047318611987
06618,06,618,1330,333,2,331,174,157,25.03759398496241,0.6006006006006006,99.3993993993994,52.25225225225225,47.147147147147145
06619,06,619,1286,283,2,281,127,154,22.006220839813377,0.7067137809187279,99.29328621908127,44.87632508833922,54.416961130742045
06620,06,620,1281,249,3,246,136,110,19.437939110070257,1.2048192771084338,98.79518072289156,54.61847389558233,44.17670682730924
06621,06,621,1307,205,0,205,109,96,15.68477429227238,0.0,100.0,53.170731707317074,46.82926829268293
06622,06,622,1300,336,0,336,202,134,25.846153846153847,0.0,100.0,60.11904761904761,39.88095238095239
06623,06,623,1360,309,4,305,186,119,22.720588235294116,1.2944983818770228,98.70550161812298,60.19417475728155,38.51132686084142
06624,06,624,1261,295,3,292,176,116,23.39413164155432,1.0169491525423728,98.98305084745763,59.66101694915255,39.32203389830509
06625,06,625,1289,272,2,270,101,169,21.101629169899148,0.7352941176470588,99.26470588235294,37.13235294117647,62.13235294117647
06701,06,701,1157,234,1,233,102,131,20.224719101123593,0.4273504273504274,99.57264957264957,43.58974358974359,55.98290598290598
06702,06,702,1211,228,0,228,89,139,18.827415359207265,0.0,100.0,39.03508771929825,60.96491228070175
06703,06,703,1094,236,0,236,95,141,21.572212065813527,0.0,100.0,40.25423728813559,59.7457627118644
06704,06,704,1252,236,3,233,95,138,18.849840255591054,1.2711864406779663,98.72881355932203,40.25423728813559,58.47457627118644
06705,06,705,1108,209,0,209,112,97,18.862815884476532,0.0,100.0,53.588516746411486,46.411483253588514
06706,06,706,1379,365,4,361,167,194,26.46845540246556,1.095890410958904,98.9041095890411,45.75342465753425,53.15068493150685
06707,06,707,1373,266,3,263,120,143,19.37363437727604,1.1278195488721803,98.87218045112782,45.11278195488722,53.75939849624061
06708,06,708,1124,284,3,281,148,133,25.26690391459075,1.056338028169014,98.94366197183099,52.112676056338024,46.83098591549296
06709,06,709,1031,223,2,221,97,124,21.62948593598448,0.8968609865470852,99.10313901345292,43.49775784753363,55.60538116591929
06710,06,710,1200,296,0,296,119,177,24.666666666666668,0.0,100.0,40.2027027027027,59.797297297297305
06711,06,711,1151,241,2,239,94,145,20.938314509122502,0.8298755186721992,99.1701244813278,39.004149377593365,60.16597510373444
06712,06,712,1086,304,2,302,181,121,27.992633517495396,0.6578947368421052,99.3421052631579,59.539473684210535,39.80263157894737
06713,06,713,1203,262,1,261,129,132,21.778886118038237,0.38167938931297707,99.61832061068702,49.23664122137404,50.38167938931297
06714,06,714,1144,263,0,263,145,118,22.98951048951049,0.0,100.0,55.13307984790875,44.866920152091254
06715,06,715,1022,227,0,227,93,134,22.211350293542072,0.0,100.0,40.969162995594715,59.03083700440529
06716,06,716,1175,309,3,306,138,168,26.29787234042553,0.9708737864077669,99.02912621359224,44.66019417475729,54.36893203883495
06717,06,717,1141,298,3,295,160,135,26.117440841367223,1.006711409395973,98.99328859060402,53.691275167785236,45.302013422818796
06718,06,718,1251,291,1,290,114,176,23.26139088729017,0.3436426116838488,99.65635738831615,39.175257731958766,60.48109965635739
06719,06,719,1202,329,2,327,187,140,27.371048252911812,0.60790273556231,99.3920972644377,56.838905775075986,42.5531914893617
06720,06,720,1202,294,3,291,121,170,24.459234608985025,1.0204081632653061,98.9795918367347,41.156462585034014,57.82312925170068
06721,06,721,1178,275,1,274,116,158,23.3446519524618,0.36363636363636365,99.63636363636364,42.18181818181818,57.45454545454546
06722,06,722,1310,296,3,293,151,142,22.595419847328245,1.0135135135135136,98.98648648648648,51.01351351351351,47.97297297297297
06723,06,723,1186,276,3,273,128,145,23.27150084317032,1.0869565217391304,98.91304347826086,46.3768115942029,52.53623188405797
06724,06,724,1133,286,0,286,128,158,25.24271844660194,0.0,100.0,44.75524475524475,55.24475524475524
06725,06,725,1056,216,0,216,70,146,20.454545454545457,0.0,100.0,32.407407407407405,67.5925925925926
061A,06,1A,0,514,0,514,283,231,inf,0.0,100.0,55.05836575875487,44.94163424124514
061AA,06,1AA,0,0,0,0,0,0,0.0,0.0,0.0,0.0,0.0
061AB,06,1AB,0,0,0,0,0,0,0.0,0.0,0.0,0.0,0.0
061B,06,1B,0,724,1,723,395,328,inf,0.13812154696132595,99.86187845303867,54.55801104972375,45.30386740331492
061C,06,1C,0,0,0,0,0,0,0.0,0.0,0.0,0.0,0.0
061D,06,1D,0,648,0,648,335,313,inf,0.0,100.0,51.697530864197525,48.30246913580247
061E,06,1E,0,0,0,0,0,0,0.0,0.0,0.0,0.0,0.0
061F,06,1F,0,0,0,0,0,0,0.0,0.0,0.0,0.0,0.0
061G,06,1G,0,657,3,654,340,314,inf,0.45662100456621,99.54337899543378,51.7503805175038,47.792998477929984
061H,06,1H,0,0,0,0,0,0,0.0,0.0,0.0,0.0,0.0
061J,06,1J,0,0,0,0,0,0,0.0,0.0,0.0,0.0,0.0
061K,06,1K,0,546,1,545,299,246,inf,0.18315018315018314,99.81684981684981,54.761904761904766,45.05494505494506
061L,06,1L,0,0,0,0,0,0,0.0,0.0,0.0,0.0,0.0
061M,06,1M,0,0,0,0,0,0,0.0,0.0,0.0,0.0,0.0
061N,06,1N,0,633,0,633,334,299,inf,0.0,100.0,52.76461295418642,47.23538704581359
061P,06,1P,0,0,0,0,0,0,0.0,0.0,0.0,0.0,0.0
061Q,06,1Q,0,0,0,0,0,0,0.0,0.0,0.0,0.0,0.0
061R,06,1R,0,805,1,804,400,404,inf,0.12422360248447205,99.87577639751552,49.68944099378882,50.18633540372671
061S,06,1S,0,0,0,0,0,0,0.0,0.0,0.0,0.0,0.0
061T,06,1T,0,0,0,0,0,0,0.0,0.0,0.0,0.0,0.0
061U,06,1U,0,648,2,646,356,290,inf,0.30864197530864196,99.69135802469135,54.93827160493827,44.75308641975309
061V,06,1V,0,0,0,0,0,0,0.0,0.0,0.0,0.0,0.0
061W,06,1W,0,0,0,0,0,0,0.0,0.0,0.0,0.0,0.0
061X,06,1X,0,734,2,732,412,320,inf,0.2724795640326975,99.72752043596729,56.13079019073569,43.596730245231605
061Y,06,1Y,0,0,0,0,0,0,0.0,0.0,0.0,0.0,0.0
061Z,06,1Z,0,0,0,0,0,0,0.0,0.0,0.0,0.0,0.0
062A,06,2A,0,652,2,650,328,322,inf,0.3067484662576687,99.69325153374233,50.306748466257666,49.38650306748466
062AA,06,2AA,0,0,0,0,0,0,0.0,0.0,0.0,0.0,0.0
062B,06,2B,0,0,0,0,0,0,0.0,0.0,0.0,0.0,0.0
062C,06,2C,0,564,3,561,249,312,inf,0.5319148936170213,99.46808510638297,44.148936170212764,55.319148936170215
062D,06,2D,0,0,0,0,0,0,0.0,0.0,0.0,0.0,0.0
062E,06,2E,0,0,0,0,0,0,0.0,0.0,0.0,0.0,0.0
062F,06,2F,0,603,1,602,276,326,inf,0.16583747927031509,99.83416252072969,45.77114427860697,54.063018242122716
062G,06,2G,0,0,0,0,0,0,0.0,0.0,0.0,0.0,0.0
062H,06,2H,0,0,0,0,0,0,0.0,0.0,0.0,0.0,0.0
062J,06,2J,0,687,2,685,334,351,inf,0.2911208151382824,99.70887918486171,48.617176128093156,51.09170305676856
062K,06,2K,0,0,0,0,0,0,0.0,0.0,0.0,0.0,0.0
062L,06,2L,0,0,0,0,0,0,0.0,0.0,0.0,0.0,0.0
062M,06,2M,0,723,1,722,415,307,inf,0.13831258644536654,99.86168741355463,57.399723374827104,42.46196403872752
062N,06,2N,0,0,0,0,0,0,0.0,0.0,0.0,0.0,0.0
062P,06,2P,0,0,0,0,0,0,0.0,0.0,0.0,0.0,0.0
062Q,06,2Q,0,703,3,700,360,340,inf,0.42674253200568996,99.57325746799431,51.20910384068279,48.364153627311524
062R,06,2R,0,0,0,0,0,0,0.0,0.0,0.0,0.0,0.0
062S,06,2S,0,0,0,0,0,0,0.0,0.0,0.0,0.0,0.0
062T,06,2T,0,605,2,603,313,290,inf,0.3305785123966942,99.6694214876033,51.735537190082646,47.93388429752066
062U,06,2U,0,0,0,0,0,0,0.0,0.0,0.0,0.0,0.0
062V,06,2V,0,0,0,0,0,0,0.0,0.0,0.0,0.0,0.0
062W,06,2W,0,341,1,340,176,164,inf,0.2932551319648094,99.70674486803519,51.61290322580645,48.09384164222874
062X,06,2X,0,0,0,0,0,0,0.0,0.0,0.0,0.0,0.0
062Y,06,2Y,0,359,0,359,210,149,inf,0.0,100.0,58.495821727019504,41.5041782729805
062Z,06,2Z,0,0,0,0,0,0,0.0,0.0,0.0,0.0,0.0
063A,06,3A,0,836,0,836,402,434,inf,0.0,100.0,48.08612440191388,51.91387559808612
063AA,06,3AA,0,0,0,0,0,0,0.0,0.0,0.0,0.0,0.0
063AB,06,3AB,0,0,0,0,0,0,0.0,0.0,0.0,0.0,0.0
063AC,06,3AC,0,0,0,0,0,0,0.0,0.0,0.0,0.0,0.0
063B,06,3B,0,677,2,675,307,368,inf,0.29542097488921715,99.70457902511079,45.347119645494836,54.35745937961596
063C,06,3C,0,0,0,0,0,0,0.0,0.0,0.0,0.0,0.0
063D,06,3D,0,767,5,762,344,418,inf,0.651890482398957,99.34810951760105,44.85006518904824,54.49804432855281
063E,06,3E,0,0,0,0,0,0,0.0,0.0,0.0,0.0,0.0
063F,06,3F,0,0,0,0,0,0,0.0,0.0,0.0,0.0,0.0
063G,06,3G,0,943,6,937,372,565,inf,0.6362672322375398,99.36373276776246,39.44856839872747,59.91516436903499
063H,06,3H,0,0,0,0,0,0,0.0,0.0,0.0,0.0,0.0
063J,06,3J,0,0,0,0,0,0,0.0,0.0,0.0,0.0,0.0
063K,06,3K,0,806,2,804,340,464,inf,0.24813895781637718,99.75186104218362,42.18362282878412,57.5682382133995
063L,06,3L,0,0,0,0,0,0,0.0,0.0,0.0,0.0,0.0
063M,06,3M,0,0,0,0,0,0,0.0,0.0,0.0,0.0,0.0
063N,06,3N,0,777,3,774,256,518,inf,0.3861003861003861,99.61389961389962,32.94723294723295,66.66666666666666
063P,06,3P,0,0,0,0,0,0,0.0,0.0,0.0,0.0,0.0
063Q,06,3Q,0,0,0,0,0,0,0.0,0.0,0.0,0.0,0.0
063R,06,3R,0,674,3,671,292,379,inf,0.44510385756676557,99.55489614243324,43.32344213649852,56.23145400593472
063S,06,3S,0,0,0,0,0,0,0.0,0.0,0.0,0.0,0.0
063T,06,3T,0,0,0,0,0,0,0.0,0.0,0.0,0.0,0.0
063U,06,3U,0,783,6,777,319,458,inf,0.7662835249042145,99.23371647509579,40.74074074074074,58.49297573435505
063V,06,3V,0,0,0,0,0,0,0.0,0.0,0.0,0.0,0.0
063W,06,3W,0,0,0,0,0,0,0.0,0.0,0.0,0.0,0.0
063X,06,3X,0,822,2,820,294,526,inf,0.24330900243309003,99.7566909975669,35.76642335766424,63.990267639902676
063Y,06,3Y,0,0,0,0,0,0,0.0,0.0,0.0,0.0,0.0
063Z,06,3Z,0,0,0,0,0,0,0.0,0.0,0.0,0.0,0.0
064A,06,4A,0,696,2,694,310,384,inf,0.28735632183908044,99.71264367816092,44.54022988505747,55.172413793103445
064B,06,4B,0,0,0,0,0,0,0.0,0.0,0.0,0.0,0.0
064C,06,4C,0,0,0,0,0,0,0.0,0.0,0.0,0.0,0.0
064D,06,4D,0,799,1,798,301,497,inf,0.1251564455569462,99.87484355444305,37.6720901126408,62.20275344180225
064E,06,4E,0,0,0,0,0,0,0.0,0.0,0.0,0.0,0.0
064F,06,4F,0,0,0,0,0,0,0.0,0.0,0.0,0.0,0.0
064G,06,4G,0,780,0,780,284,496,inf,0.0,100.0,36.41025641025641,63.589743589743584
064H,06,4H,0,0,0,0,0,0,0.0,0.0,0.0,0.0,0.0
064J,06,4J,0,0,0,0,0,0,0.0,0.0,0.0,0.0,0.0
064K,06,4K,0,678,1,677,259,418,inf,0.14749262536873156,99.85250737463127,38.200589970501476,61.6519174041298
064L,06,4L,0,0,0,0,0,0,0.0,0.0,0.0,0.0,0.0
064M,06,4M,0,0,0,0,0,0,0.0,0.0,0.0,0.0,0.0
064N,06,4N,0,750,2,748,274,474,inf,0.26666666666666666,99.73333333333333,36.53333333333333,63.2
064P,06,4P,0,472,0,472,202,270,inf,0.0,100.0,42.79661016949153,57.20338983050848
064Q,06,4Q,0,0,0,0,0,0,0.0,0.0,0.0,0.0,0.0
064R,06,4R,0,0,0,0,0,0,0.0,0.0,0.0,0.0,0.0
064S,06,4S,0,0,0,0,0,0,0.0,0.0,0.0,0.0,0.0
064T,06,4T,0,0,0,0,0,0,0.0,0.0,0.0,0.0,0.0
064U,06,4U,0,644,0,644,256,388,inf,0.0,100.0,39.75155279503105,60.24844720496895
064V,06,4V,0,0,0,0,0,0,0.0,0.0,0.0,0.0,0.0
064W,06,4W,0,0,0,0,0,0,0.0,0.0,0.0,0.0,0.0
064X,06,4X,0,584,2,582,234,348,inf,0.3424657534246575,99.65753424657534,40.06849315068493,59.589041095890416
064Y,06,4Y,0,0,0,0,0,0,0.0,0.0,0.0,0.0,0.0
065A,06,5A,0,466,2,464,179,285,inf,0.4291845493562232,99.57081545064378,38.412017167381975,61.1587982832618
065AA,06,5AA,0,0,0,0,0,0,0.0,0.0,0.0,0.0,0.0
065B,06,5B,0,0,0,0,0,0,0.0,0.0,0.0,0.0,0.0
065C,06,5C,0,700,2,698,274,424,inf,0.2857142857142857,99.71428571428571,39.14285714285714,60.57142857142858
065D,06,5D,0,0,0,0,0,0,0.0,0.0,0.0,0.0,0.0
065E,06,5E,0,0,0,0,0,0,0.0,0.0,0.0,0.0,0.0
065F,06,5F,0,544,2,542,228,314,inf,0.3676470588235294,99.63235294117648,41.911764705882355,57.720588235294116
065G,06,5G,0,0,0,0,0,0,0.0,0.0,0.0,0.0,0.0
065H,06,5H,0,0,0,0,0,0,0.0,0.0,0.0,0.0,0.0
065J,06,5J,0,654,0,654,206,448,inf,0.0,100.0,31.49847094801223,68.50152905198776
065K,06,5K,0,0,0,0,0,0,0.0,0.0,0.0,0.0,0.0
065L,06,5L,0,0,0,0,0,0,0.0,0.0,0.0,0.0,0.0
065M,06,5M,0,618,0,618,209,409,inf,0.0,100.0,33.81877022653722,66.18122977346277
065N,06,5N,0,0,0,0,0,0,0.0,0.0,0.0,0.0,0.0
065P,06,5P,0,0,0,0,0,0,0.0,0.0,0.0,0.0,0.0
065Q,06,5Q,0,327,0,327,112,215,inf,0.0,100.0,34.25076452599388,65.74923547400611
065R,06,5R,0,0,0,0,0,0,0.0,0.0,0.0,0.0,0.0
065S,06,5S,0,310,0,310,116,194,inf,0.0,100.0,37.41935483870968,62.58064516129033
065T,06,5T,0,0,0,0,0,0,0.0,0.0,0.0,0.0,0.0
065U,06,5U,0,651,4,647,261,386,inf,0.6144393241167435,99.38556067588326,40.09216589861751,59.29339477726574
065V,06,5V,0,0,0,0,0,0,0.0,0.0,0.0,0.0,0.0
065W,06,5W,0,0,0,0,0,0,0.0,0.0,0.0,0.0,0.0
065X,06,5X,0,411,1,410,154,256,inf,0.24330900243309003,99.7566909975669,37.469586374695865,62.28710462287105
065Y,06,5Y,0,0,0,0,0,0,0.0,0.0,0.0,0.0,0.0
065Z,06,5Z,0,0,0,0,0,0,0.0,0.0,0.0,0.0,0.0
066A,06,6A,0,829,2,827,363,464,inf,0.24125452352231602,99.75874547647769,43.78769601930036,55.97104945717732
066AA,06,6AA,0,0,0,0,0,0,0.0,0.0,0.0,0.0,0.0
066B,06,6B,0,0,0,0,0,0,0.0,0.0,0.0,0.0,0.0
066C,06,6C,0,743,2,741,335,406,inf,0.2691790040376851,99.7308209959623,45.08748317631225,54.643337819650064
066D,06,6D,0,0,0,0,0,0,0.0,0.0,0.0,0.0,0.0
066E,06,6E,0,0,0,0,0,0,0.0,0.0,0.0,0.0,0.0
066F,06,6F,0,777,3,774,231,543,inf,0.3861003861003861,99.61389961389962,29.72972972972973,69.88416988416989
066G,06,6G,0,0,0,0,0,0,0.0,0.0,0.0,0.0,0.0
066H,06,6H,0,0,0,0,0,0,0.0,0.0,0.0,0.0,0.0
066J,06,6J,0,860,2,858,374,484,inf,0.23255813953488372,99.76744186046511,43.48837209302325,56.27906976744186
066K,06,6K,0,0,0,0,0,0,0.0,0.0,0.0,0.0,0.0
066L,06,6L,0,0,0,0,0,0,0.0,0.0,0.0,0.0,0.0
066M,06,6M,0,820,0,820,377,443,inf,0.0,100.0,45.97560975609756,54.024390243902445
066N,06,6N,0,0,0,0,0,0,0.0,0.0,0.0,0.0,0.0
066P,06,6P,0,0,0,0,0,0,0.0,0.0,0.0,0.0,0.0
066Q,06,6Q,0,675,0,675,303,372,inf,0.0,100.0,44.888888888888886,55.111111111111114
066R,06,6R,0,0,0,0,0,0,0.0,0.0,0.0,0.0,0.0
066S,06,6S,0,0,0,0,0,0,0.0,0.0,0.0,0.0,0.0
066T,06,6T,0,520,0,520,232,288,inf,0.0,100.0,44.61538461538462,55.38461538461539
066U,06,6U,0,0,0,0,0,0,0.0,0.0,0.0,0.0,0.0
066V,06,6V,0,801,1,800,380,420,inf,0.12484394506866417,99.87515605493134,47.44069912609238,52.43445692883895
066W,06,6W,0,0,0,0,0,0,0.0,0.0,0.0,0.0,0.0
066X,06,6X,0,0,0,0,0,0,0.0,0.0,0.0,0.0,0.0
066Y,06,6Y,0,547,2,545,324,221,inf,0.3656307129798903,99.6343692870201,59.23217550274224,40.40219378427788
066Z,06,6Z,0,0,0,0,0,0,0.0,0.0,0.0,0.0,0.0
067A,06,7A,0,692,0,692,261,431,inf,0.0,100.0,37.716763005780344,62.28323699421965
067AA,06,7AA,0,0,0,0,0,0,0.0,0.0,0.0,0.0,0.0
067B,06,7B,0,0,0,0,0,0,0.0,0.0,0.0,0.0,0.0
067C,06,7C,0,737,1,736,297,439,inf,0.13568521031207598,99.86431478968792,40.298507462686565,59.56580732700135
067D,06,7D,0,0,0,0,0,0,0.0,0.0,0.0,0.0,0.0
067E,06,7E,0,0,0,0,0,0,0.0,0.0,0.0,0.0,0.0
067F,06,7F,0,606,5,601,240,361,inf,0.825082508250825,99.17491749174917,39.603960396039604,59.57095709570957
067G,06,7G,0,0,0,0,0,0,0.0,0.0,0.0,0.0,0.0
067H,06,7H,0,715,3,712,286,426,inf,0.4195804195804196,99.58041958041957,40.0,59.58041958041959
067J,06,7J,0,0,0,0,0,0,0.0,0.0,0.0,0.0,0.0
067K,06,7K,0,0,0,0,0,0,0.0,0.0,0.0,0.0,0.0
067L,06,7L,0,772,5,767,374,393,inf,0.6476683937823834,99.35233160621762,48.44559585492228,50.906735751295344
067M,06,7M,0,0,0,0,0,0,0.0,0.0,0.0,0.0,0.0
067N,06,7N,0,0,0,0,0,0,0.0,0.0,0.0,0.0,0.0
067P,06,7P,0,672,2,670,302,368,inf,0.2976190476190476,99.70238095238095,44.94047619047619,54.761904761904766
067Q,06,7Q,0,0,0,0,0,0,0.0,0.0,0.0,0.0,0.0
067R,06,7R,0,0,0,0,0,0,0.0,0.0,0.0,0.0,0.0
067S,06,7S,0,810,0,810,362,448,inf,0.0,100.0,44.69135802469136,55.30864197530864
067T,06,7T,0,0,0,0,0,0,0.0,0.0,0.0,0.0,0.0
067U,06,7U,0,0,0,0,0,0,0.0,0.0,0.0,0.0,0.0
067V,06,7V,0,441,0,441,157,284,inf,0.0,100.0,35.600907029478456,64.39909297052154
067W,06,7W,0,0,0,0,0,0,0.0,0.0,0.0,0.0,0.0
067X,06,7X,0,871,2,869,359,510,inf,0.2296211251435132,99.77037887485649,41.21699196326062,58.553386911595865
067Y,06,7Y,0,0,0,0,0,0,0.0,0.0,0.0,0.0,0.0
067Z,06,7Z,0,0,0,0,0,0,0.0,0.0,0.0,0.0,0.0
07101,07,101,1124,147,1,146,82,64,13.078291814946619,0.6802721088435374,99.31972789115646,55.78231292517006,43.53741496598639
07102,07,102,1192,209,0,209,113,96,17.533557046979865,0.0,100.0,54.066985645933016,45.933014354066984
07103,07,103,1096,233,2,231,125,106,21.259124087591243,0.8583690987124464,99.14163090128756,53.648068669527895,45.493562231759654
07104,07,104,1315,288,3,285,185,100,21.90114068441065,1.0416666666666665,98.95833333333334,64.23611111111111,34.72222222222222
07105,07,105,1193,273,1,272,217,55,22.883487007544005,0.3663003663003663,99.63369963369964,79.48717948717949,20.146520146520146
07106,07,106,1136,203,1,202,153,49,17.869718309859156,0.49261083743842365,99.50738916256158,75.36945812807882,24.137931034482758
07107,07,107,1279,206,2,204,149,55,16.10633307271306,0.9708737864077669,99.02912621359224,72.33009708737865,26.699029126213592
07108,07,108,1229,217,1,216,153,63,17.656631407648497,0.4608294930875576,99.53917050691244,70.50691244239631,29.03225806451613
07109,07,109,974,221,2,219,172,47,22.68993839835729,0.904977375565611,99.09502262443439,77.82805429864254,21.266968325791854
07110,07,110,1232,282,2,280,202,78,22.88961038961039,0.7092198581560284,99.29078014184397,71.63120567375887,27.659574468085108
07111,07,111,1189,275,0,275,192,83,23.128679562657695,0.0,100.0,69.81818181818183,30.181818181818183
07112,07,112,1138,307,4,303,234,69,26.977152899824254,1.3029315960912053,98.69706840390879,76.2214983713355,22.475570032573287
07113,07,113,1183,355,4,351,262,89,30.008453085376164,1.1267605633802817,98.87323943661971,73.80281690140845,25.070422535211268
07114,07,114,1325,326,2,324,217,107,24.60377358490566,0.6134969325153374,99.38650306748467,66.56441717791411,32.82208588957055
07115,07,115,1119,214,1,213,133,80,19.124218051831992,0.46728971962616817,99.53271028037383,62.149532710280376,37.38317757009346
07116,07,116,1108,229,2,227,130,97,20.667870036101082,0.8733624454148471,99.12663755458514,56.76855895196506,42.35807860262008
07117,07,117,1119,243,1,242,144,98,21.715817694369974,0.411522633744856,99.58847736625515,59.25925925925925,40.32921810699588
07118,07,118,639,137,0,137,103,34,21.439749608763695,0.0,100.0,75.18248175182481,24.817518248175183
07119,07,119,1129,134,0,134,61,73,11.868910540301151,0.0,100.0,45.52238805970149,54.47761194029851
07120,07,120,1150,240,2,238,154,84,20.869565217391305,0.8333333333333334,99.16666666666667,64.16666666666667,35.0
07121,07,121,1225,204,0,204,128,76,16.653061224489797,0.0,100.0,62.745098039215684,37.254901960784316
07122,07,122,1299,268,1,267,169,98,20.63125481139338,0.3731343283582089,99.6268656716418,63.059701492537314,36.56716417910448
07123,07,123,1099,242,0,242,190,52,22.02001819836215,0.0,100.0,78.51239669421489,21.487603305785125
07124,07,124,1157,283,0,283,208,75,24.45980985306828,0.0,100.0,73.4982332155477,26.501766784452297
07125,07,125,1132,225,2,223,166,57,19.87632508833922,0.8888888888888888,99.11111111111111,73.77777777777777,25.333333333333336
07126,07,126,1168,143,2,141,100,41,12.243150684931507,1.3986013986013985,98.6013986013986,69.93006993006993,28.671328671328673
07127,07,127,1155,226,0,226,186,40,19.567099567099568,0.0,100.0,82.30088495575221,17.699115044247787
07128,07,128,1207,244,0,244,183,61,20.215410107705054,0.0,100.0,75.0,25.0
07129,07,129,1239,275,0,275,225,50,22.1953188054883,0.0,100.0,81.81818181818183,18.181818181818183
07201,07,201,1238,286,2,284,172,112,23.101777059773827,0.6993006993006993,99.3006993006993,60.13986013986013,39.16083916083916
07202,07,202,1107,145,4,141,91,50,13.098464317976513,2.7586206896551726,97.24137931034483,62.758620689655174,34.48275862068966
07203,07,203,1094,256,2,254,186,68,23.40036563071298,0.78125,99.21875,72.65625,26.5625
07204,07,204,1192,351,1,350,256,94,29.446308724832214,0.2849002849002849,99.71509971509973,72.93447293447294,26.780626780626783
07205,07,205,1333,374,3,371,303,68,28.057014253563388,0.8021390374331552,99.19786096256684,81.01604278074866,18.181818181818183
07206,07,206,1068,271,1,270,212,58,25.374531835205993,0.36900369003690037,99.63099630996311,78.22878228782287,21.40221402214022
07207,07,207,1244,246,1,245,153,92,19.774919614147908,0.40650406504065045,99.59349593495935,62.19512195121951,37.39837398373984
07208,07,208,1136,223,0,223,161,62,19.630281690140844,0.0,100.0,72.19730941704036,27.802690582959645
07209,07,209,994,186,0,186,121,65,18.712273641851105,0.0,100.0,65.05376344086021,34.946236559139784
07210,07,210,1115,228,2,226,148,78,20.44843049327354,0.8771929824561403,99.12280701754386,64.91228070175438,34.21052631578947
07211,07,211,1121,264,1,263,193,70,23.550401427297057,0.3787878787878788,99.62121212121212,73.10606060606061,26.515151515151516
07212,07,212,1180,301,2,299,233,66,25.508474576271183,0.6644518272425249,99.33554817275747,77.40863787375415,21.92691029900332
07213,07,213,1080,154,2,152,86,66,14.25925925925926,1.2987012987012987,98.7012987012987,55.84415584415584,42.857142857142854
07214,07,214,1281,320,1,319,266,53,24.98048399687744,0.3125,99.6875,83.125,16.5625
07215,07,215,1124,220,2,218,164,54,19.572953736654807,0.9090909090909091,99.0909090909091,74.54545454545455,24.545454545454547
07216,07,216,1211,243,4,239,197,42,20.066061106523534,1.646090534979424,98.35390946502058,81.06995884773663,17.28395061728395
07217,07,217,1245,277,0,277,213,64,22.248995983935743,0.0,100.0,76.89530685920577,23.104693140794225
07218,07,218,1133,236,2,234,185,49,20.82965578111209,0.847457627118644,99.15254237288136,78.38983050847457,20.76271186440678
07219,07,219,1004,233,2,231,200,31,23.207171314741036,0.8583690987124464,99.14163090128756,85.83690987124464,13.304721030042918
07220,07,220,1175,292,3,289,237,52,24.851063829787236,1.0273972602739725,98.97260273972603,81.16438356164383,17.80821917808219
07221,07,221,1006,155,1,154,98,56,15.40755467196819,0.6451612903225806,99.35483870967742,63.2258064516129,36.12903225806451
07222,07,222,1190,232,1,231,103,128,19.495798319327733,0.43103448275862066,99.56896551724138,44.396551724137936,55.172413793103445
07223,07,223,1063,147,0,147,88,59,13.828786453433677,0.0,100.0,59.863945578231295,40.136054421768705
07224,07,224,1590,273,0,273,219,54,17.169811320754715,0.0,100.0,80.21978021978022,19.78021978021978
07225,07,225,1267,389,2,387,331,56,30.702446724546174,0.5141388174807198,99.48586118251927,85.08997429305913,14.395886889460154
07226,07,226,1071,263,3,260,198,62,24.556489262371613,1.1406844106463878,98.85931558935361,75.2851711026616,23.574144486692013
07227,07,227,1126,194,1,193,137,56,17.2291296625222,0.5154639175257731,99.48453608247422,70.61855670103093,28.865979381443296
07228,07,228,1141,337,5,332,253,79,29.53549517966696,1.483679525222552,98.51632047477746,75.07418397626114,23.44213649851632
07301,07,301,1074,317,1,316,216,100,29.51582867783985,0.31545741324921134,99.6845425867508,68.13880126182966,31.545741324921135
07302,07,302,1175,306,3,303,201,102,26.04255319148936,0.9803921568627451,99.01960784313727,65.68627450980392,33.33333333333333
07303,07,303,1189,334,4,330,233,97,28.090832632464256,1.1976047904191618,98.80239520958084,69.76047904191617,29.041916167664674
07304,07,304,1188,335,2,333,225,108,28.1986531986532,0.5970149253731344,99.40298507462687,67.16417910447761,32.23880597014925
07305,07,305,1097,286,1,285,201,84,26.071103008204194,0.34965034965034963,99.65034965034964,70.27972027972028,29.37062937062937
07306,07,306,1088,321,5,316,214,102,29.503676470588236,1.557632398753894,98.4423676012461,66.66666666666666,31.775700934579437
07307,07,307,1119,260,0,260,175,85,23.235031277926723,0.0,100.0,67.3076923076923,32.69230769230769
07308,07,308,1029,291,4,287,201,86,28.279883381924197,1.3745704467353952,98.62542955326461,69.0721649484536,29.553264604810998
07309,07,309,1098,277,1,276,210,66,25.22768670309654,0.36101083032490977,99.63898916967509,75.81227436823104,23.826714801444044
07310,07,310,1113,306,0,306,116,190,27.49326145552561,0.0,100.0,37.908496732026144,62.091503267973856
07311,07,311,1472,372,0,372,254,118,25.271739130434785,0.0,100.0,68.27956989247312,31.72043010752688
07312,07,312,1126,321,5,316,209,107,28.507992895204264,1.557632398753894,98.4423676012461,65.10903426791276,33.33333333333333
07313,07,313,989,210,2,208,134,74,21.23356926188069,0.9523809523809524,99.04761904761905,63.8095238095238,35.23809523809524
07314,07,314,1189,339,3,336,234,102,28.511354079058034,0.8849557522123894,99.11504424778761,69.02654867256636,30.08849557522124
07315,07,315,1116,272,1,271,172,99,24.372759856630825,0.3676470588235294,99.63235294117648,63.23529411764706,36.39705882352941
07316,07,316,1138,238,2,236,163,73,20.913884007029875,0.8403361344537815,99.15966386554622,68.4873949579832,30.672268907563026
07317,07,317,1180,247,0,247,172,75,20.93220338983051,0.0,100.0,69.63562753036437,30.364372469635626
07318,07,318,1157,352,9,343,217,126,30.423509075194467,2.556818181818182,97.44318181818183,61.64772727272727,35.79545454545455
07319,07,319,1179,285,1,284,189,95,24.173027989821882,0.3508771929824561,99.64912280701755,66.3157894736842,33.33333333333333
07320,07,320,1074,271,4,267,188,79,25.232774674115454,1.4760147601476015,98.5239852398524,69.37269372693727,29.15129151291513
07321,07,321,1187,289,1,288,186,102,24.34709351305813,0.34602076124567477,99.65397923875432,64.3598615916955,35.294117647058826
07322,07,322,1090,223,2,221,139,82,20.458715596330276,0.8968609865470852,99.10313901345292,62.33183856502242,36.771300448430495
07323,07,323,1227,342,2,340,241,99,27.87286063569682,0.5847953216374269,99.41520467836257,70.46783625730994,28.947368421052634
07324,07,324,1124,198,0,198,106,92,17.615658362989322,0.0,100.0,53.535353535353536,46.464646464646464
07325,07,325,1046,236,1,235,161,74,22.562141491395792,0.423728813559322,99.57627118644068,68.22033898305084,31.35593220338983
07326,07,326,1216,172,1,171,94,77,14.144736842105262,0.5813953488372093,99.4186046511628,54.65116279069767,44.76744186046512
07327,07,327,1526,353,1,352,194,158,23.13237221494102,0.28328611898017,99.71671388101983,54.95750708215298,44.759206798866856
07328,07,328,1220,177,0,177,66,111,14.508196721311476,0.0,100.0,37.28813559322034,62.71186440677966
07329,07,329,1256,207,1,206,88,118,16.480891719745223,0.4830917874396135,99.51690821256038,42.51207729468599,57.00483091787439
07401,07,401,1211,349,2,347,234,113,28.819157720891823,0.5730659025787965,99.42693409742121,67.0487106017192,32.37822349570201
07402,07,402,1071,217,0,217,127,90,20.26143790849673,0.0,100.0,58.525345622119815,41.474654377880185
07403,07,403,1188,176,2,174,81,93,14.814814814814813,1.1363636363636365,98.86363636363636,46.02272727272727,52.84090909090909
07404,07,404,1215,206,4,202,115,87,16.954732510288064,1.9417475728155338,98.05825242718447,55.8252427184466,42.23300970873786
07405,07,405,1152,344,1,343,257,86,29.86111111111111,0.29069767441860467,99.70930232558139,74.70930232558139,25.0
07406,07,406,1175,301,2,299,198,101,25.617021276595747,0.6644518272425249,99.33554817275747,65.78073089700996,33.5548172757475
07407,07,407,1141,254,0,254,160,94,22.261174408413673,0.0,100.0,62.99212598425197,37.00787401574803
07408,07,408,1133,188,3,185,78,107,16.593115622241836,1.5957446808510638,98.40425531914893,41.48936170212766,56.91489361702128
07409,07,409,1270,198,1,197,100,97,15.590551181102363,0.5050505050505051,99.4949494949495,50.505050505050505,48.98989898989899
07410,07,410,1025,151,2,149,83,66,14.73170731707317,1.3245033112582782,98.67549668874173,54.966887417218544,43.70860927152318
07411,07,411,1106,135,1,134,66,68,12.206148282097649,0.7407407407407408,99.25925925925925,48.888888888888886,50.37037037037037
07412,07,412,1044,202,1,201,96,105,19.34865900383142,0.49504950495049505,99.5049504950495,47.524752475247524,51.98019801980198
07413,07,413,1220,185,1,184,97,87,15.163934426229508,0.5405405405405406,99.45945945945947,52.43243243243243,47.02702702702703
07414,07,414,1061,165,0,165,76,89,15.551366635249764,0.0,100.0,46.06060606060606,53.939393939393945
07415,07,415,1111,149,0,149,60,89,13.41134113411341,0.0,100.0,40.26845637583892,59.73154362416108
07416,07,416,1216,247,0,247,160,87,20.3125,0.0,100.0,64.77732793522267,35.22267206477733
07417,07,417,1103,227,2,225,131,94,20.580235720761557,0.881057268722467,99.11894273127754,57.70925110132159,41.409691629955944
07418,07,418,1113,260,5,255,171,84,23.360287511230908,1.9230769230769231,98.07692307692307,65.76923076923077,32.30769230769231
07419,07,419,1104,291,2,289,196,93,26.358695652173914,0.6872852233676976,99.3127147766323,67.35395189003437,31.958762886597935
07420,07,420,1108,254,1,253,177,76,22.92418772563177,0.39370078740157477,99.60629921259843,69.68503937007874,29.92125984251969
07421,07,421,1084,259,1,258,163,95,23.8929889298893,0.3861003861003861,99.61389961389962,62.93436293436293,36.67953667953668
07422,07,422,1206,266,4,262,158,104,22.056384742951906,1.5037593984962405,98.49624060150376,59.3984962406015,39.097744360902254
07423,07,423,1269,274,0,274,180,94,21.591804570527977,0.0,100.0,65.69343065693431,34.306569343065696
07424,07,424,1282,180,1,179,109,70,14.040561622464898,0.5555555555555556,99.44444444444444,60.55555555555555,38.88888888888889
07425,07,425,1148,189,1,188,90,98,16.463414634146343,0.5291005291005291,99.47089947089947,47.61904761904761,51.85185185185185
07426,07,426,1171,229,1,228,121,107,19.55593509820666,0.43668122270742354,99.56331877729258,52.838427947598255,46.724890829694324
07427,07,427,1173,221,1,220,112,108,18.84057971014493,0.4524886877828055,99.5475113122172,50.678733031674206,48.86877828054298
07428,07,428,1158,236,0,236,148,88,20.379965457685664,0.0,100.0,62.71186440677966,37.28813559322034
07501,07,501,1136,187,0,187,82,105,16.461267605633804,0.0,100.0,43.85026737967914,56.14973262032086
07502,07,502,1240,200,3,197,78,119,16.129032258064516,1.5,98.5,39.0,59.5
07503,07,503,1156,168,0,168,65,103,14.53287197231834,0.0,100.0,38.69047619047619,61.30952380952381
07504,07,504,1180,216,0,216,95,121,18.305084745762713,0.0,100.0,43.98148148148148,56.018518518518526
07505,07,505,1299,165,2,163,49,114,12.702078521939955,1.2121212121212122,98.7878787878788,29.6969696969697,69.0909090909091
07506,07,506,1114,118,0,118,57,61,10.59245960502693,0.0,100.0,48.30508474576271,51.69491525423729
07507,07,507,1202,213,0,213,116,97,17.72046589018303,0.0,100.0,54.460093896713616,45.539906103286384
07508,07,508,1228,233,0,233,98,135,18.973941368078176,0.0,100.0,42.06008583690987,57.93991416309014
07509,07,509,1184,175,0,175,83,92,14.780405405405405,0.0,100.0,47.42857142857143,52.57142857142857
07510,07,510,1138,158,0,158,71,87,13.884007029876976,0.0,100.0,44.936708860759495,55.06329113924051
07511,07,511,1225,221,0,221,96,125,18.040816326530614,0.0,100.0,43.43891402714932,56.56108597285068
07512,07,512,1032,186,0,186,48,138,18.023255813953487,0.0,100.0,25.806451612903224,74.19354838709677
07513,07,513,1079,157,0,157,51,106,14.550509731232623,0.0,100.0,32.48407643312102,67.51592356687898
07514,07,514,1184,136,0,136,69,67,11.486486486486488,0.0,100.0,50.73529411764706,49.26470588235294
07515,07,515,1244,194,0,194,77,117,15.594855305466238,0.0,100.0,39.69072164948454,60.30927835051546
07516,07,516,1149,215,2,213,89,124,18.711923411662315,0.9302325581395349,99.06976744186046,41.3953488372093,57.674418604651166
07517,07,517,1283,215,0,215,87,128,16.757599376461418,0.0,100.0,40.46511627906977,59.53488372093023
07518,07,518,1081,200,0,200,62,138,18.501387604070306,0.0,100.0,31.0,69.0
07519,07,519,1078,200,1,199,109,90,18.552875695732837,0.5,99.5,54.50000000000001,45.0
07520,07,520,987,146,0,146,94,52,14.792299898682879,0.0,100.0,64.38356164383562,35.61643835616438
07521,07,521,1225,260,3,257,71,186,21.224489795918366,1.153846153846154,98.84615384615385,27.307692307692307,71.53846153846153
07522,07,522,1226,241,0,241,82,159,19.65742251223491,0.0,100.0,34.024896265560166,65.97510373443983
07523,07,523,1418,254,1,253,77,176,17.912552891396334,0.39370078740157477,99.60629921259843,30.314960629921263,69.29133858267717
07524,07,524,1056,210,3,207,80,127,19.886363636363637,1.4285714285714286,98.57142857142858,38.095238095238095,60.476190476190474
07525,07,525,1128,180,1,179,54,125,15.957446808510639,0.5555555555555556,99.44444444444444,30.0,69.44444444444444
07526,07,526,1071,202,0,202,69,133,18.860877684407097,0.0,100.0,34.15841584158416,65.84158415841584
07527,07,527,1187,339,6,333,133,200,28.55939342881213,1.7699115044247788,98.23008849557522,39.233038348082594,58.99705014749262
07528,07,528,974,194,2,192,68,124,19.917864476386036,1.0309278350515463,98.96907216494846,35.051546391752574,63.91752577319587
07601,07,601,1142,156,0,156,48,108,13.660245183887914,0.0,100.0,30.76923076923077,69.23076923076923
07602,07,602,1075,238,1,237,85,152,22.13953488372093,0.42016806722689076,99.57983193277312,35.714285714285715,63.86554621848739
07603,07,603,1265,243,2,241,64,177,19.209486166007906,0.823045267489712,99.1769547325103,26.337448559670783,72.8395061728395
07604,07,604,979,195,1,194,59,135,19.918283963227783,0.5128205128205128,99.48717948717949,30.256410256410255,69.23076923076923
07605,07,605,1239,226,0,226,62,164,18.24051654560129,0.0,100.0,27.43362831858407,72.56637168141593
07606,07,606,1224,177,3,174,47,127,14.460784313725492,1.694915254237288,98.30508474576271,26.55367231638418,71.75141242937853
07607,07,607,1095,160,0,160,44,116,14.61187214611872,0.0,100.0,27.500000000000004,72.5
07608,07,608,1163,123,0,123,26,97,10.57609630266552,0.0,100.0,21.138211382113823,78.86178861788618
07609,07,609,1217,189,1,188,49,139,15.52999178307313,0.5291005291005291,99.47089947089947,25.925925925925924,73.54497354497354
07610,07,610,1147,189,0,189,49,140,16.477768090671315,0.0,100.0,25.925925925925924,74.07407407407408
07611,07,611,1079,110,0,110,27,83,10.194624652455978,0.0,100.0,24.545454545454547,75.45454545454545
07612,07,612,1228,232,1,231,78,153,18.892508143322477,0.43103448275862066,99.56896551724138,33.62068965517241,65.94827586206897
07613,07,613,1129,276,6,270,94,176,24.446412754650133,2.1739130434782608,97.82608695652173,34.05797101449276,63.76811594202898
07614,07,614,1171,124,0,124,38,86,10.589239965841161,0.0,100.0,30.64516129032258,69.35483870967742
07615,07,615,1206,354,2,352,120,232,29.35323383084577,0.5649717514124294,99.43502824858757,33.89830508474576,65.5367231638418
07616,07,616,1183,213,0,213,66,147,18.005071851225697,0.0,100.0,30.985915492957744,69.01408450704226
07617,07,617,1213,271,2,269,77,192,22.341302555647154,0.7380073800738007,99.2619926199262,28.413284132841326,70.84870848708486
07618,07,618,1115,155,1,154,46,108,13.901345291479823,0.6451612903225806,99.35483870967742,29.677419354838708,69.6774193548387
07619,07,619,1181,170,0,170,46,124,14.394580863674852,0.0,100.0,27.058823529411764,72.94117647058823
07620,07,620,1156,260,1,259,94,165,22.491349480968857,0.38461538461538464,99.61538461538461,36.15384615384615,63.46153846153846
07621,07,621,1112,235,2,233,61,172,21.133093525179856,0.851063829787234,99.14893617021276,25.957446808510635,73.19148936170212
07622,07,622,996,140,1,139,30,109,14.056224899598394,0.7142857142857143,99.28571428571429,21.428571428571427,77.85714285714286
07623,07,623,1204,212,0,212,45,167,17.60797342192691,0.0,100.0,21.22641509433962,78.77358490566037
07624,07,624,1079,183,0,183,62,121,16.96014828544949,0.0,100.0,33.87978142076503,66.12021857923497
07625,07,625,1053,284,3,281,58,223,26.970560303893638,1.056338028169014,98.94366197183099,20.422535211267608,78.52112676056338
07626,07,626,1157,238,1,237,74,163,20.570440795159897,0.42016806722689076,99.57983193277312,31.092436974789916,68.4873949579832
07627,07,627,577,140,0,140,53,87,24.263431542461007,0.0,100.0,37.857142857142854,62.142857142857146
07628,07,628,1082,255,2,253,66,187,23.56746765249538,0.7843137254901961,99.2156862745098,25.882352941176475,73.33333333333333
07701,07,701,1167,244,2,242,65,177,20.908311910882603,0.819672131147541,99.18032786885246,26.639344262295083,72.54098360655738
07702,07,702,1085,271,2,269,68,201,24.976958525345623,0.7380073800738007,99.2619926199262,25.092250922509223,74.16974169741697
07703,07,703,1118,207,2,205,72,133,18.51520572450805,0.966183574879227,99.03381642512076,34.78260869565217,64.25120772946859
07704,07,704,1131,306,3,303,91,212,27.055702917771885,0.9803921568627451,99.01960784313727,29.73856209150327,69.28104575163398
07705,07,705,1326,293,2,291,122,169,22.09653092006033,0.6825938566552902,99.31740614334471,41.63822525597269,57.67918088737202
07706,07,706,1285,165,2,163,47,116,12.840466926070038,1.2121212121212122,98.7878787878788,28.484848484848484,70.3030303030303
07707,07,707,1219,184,0,184,44,140,15.09433962264151,0.0,100.0,23.91304347826087,76.08695652173914
07708,07,708,1146,169,0,169,61,108,14.74694589877836,0.0,100.0,36.09467455621302,63.905325443786985
07709,07,709,1222,258,2,256,79,177,21.112929623567922,0.7751937984496124,99.2248062015504,30.620155038759687,68.6046511627907
07710,07,710,1143,343,2,341,76,265,30.0087489063867,0.5830903790087464,99.41690962099126,22.157434402332363,77.25947521865889
07711,07,711,1144,199,2,197,75,122,17.395104895104897,1.0050251256281406,98.99497487437185,37.68844221105528,61.30653266331658
07712,07,712,1126,303,3,300,101,199,26.909413854351687,0.9900990099009901,99.00990099009901,33.33333333333333,65.67656765676567
07713,07,713,1280,292,2,290,95,195,22.8125,0.684931506849315,99.31506849315068,32.534246575342465,66.78082191780823
07714,07,714,1152,226,1,225,45,180,19.618055555555554,0.4424778761061947,99.5575221238938,19.911504424778762,79.64601769911505
07715,07,715,1161,333,4,329,75,254,28.68217054263566,1.2012012012012012,98.7987987987988,22.52252252252252,76.27627627627628
07716,07,716,1187,294,1,293,80,213,24.76832350463353,0.3401360544217687,99.65986394557824,27.2108843537415,72.44897959183673
07717,07,717,1143,207,1,206,48,158,18.11023622047244,0.4830917874396135,99.51690821256038,23.18840579710145,76.32850241545893
07718,07,718,1095,207,1,206,51,155,18.904109589041095,0.4830917874396135,99.51690821256038,24.637681159420293,74.8792270531401
07719,07,719,1200,230,1,229,62,167,19.166666666666668,0.43478260869565216,99.56521739130434,26.956521739130434,72.60869565217392
07720,07,720,1137,226,1,225,58,167,19.876868953386104,0.4424778761061947,99.5575221238938,25.663716814159294,73.89380530973452
07721,07,721,1114,271,2,269,65,204,24.326750448833035,0.7380073800738007,99.2619926199262,23.985239852398525,75.27675276752768
07722,07,722,1149,204,0,204,57,147,17.75456919060052,0.0,100.0,27.941176470588236,72.05882352941177
07723,07,723,1184,195,2,193,58,135,16.469594594594593,1.0256410256410255,98.97435897435898,29.743589743589745,69.23076923076923
07724,07,724,1134,167,0,167,38,129,14.726631393298058,0.0,100.0,22.75449101796407,77.24550898203593
07725,07,725,1064,132,0,132,31,101,12.406015037593985,0.0,100.0,23.484848484848484,76.51515151515152
07726,07,726,1148,236,0,236,85,151,20.557491289198605,0.0,100.0,36.016949152542374,63.983050847457626
07727,07,727,961,199,0,199,54,145,20.707596253902185,0.0,100.0,27.1356783919598,72.8643216080402
07728,07,728,924,193,1,192,54,138,20.88744588744589,0.5181347150259068,99.48186528497409,27.979274611398964,71.50259067357513
071A,07,1A,0,744,2,742,422,320,inf,0.2688172043010753,99.73118279569893,56.72043010752689,43.01075268817204
071B,07,1B,0,0,0,0,0,0,0.0,0.0,0.0,0.0,0.0
071C,07,1C,0,698,4,694,437,257,inf,0.5730659025787965,99.42693409742121,62.607449856733524,36.81948424068768
071D,07,1D,0,0,0,0,0,0,0.0,0.0,0.0,0.0,0.0
071E,07,1E,0,616,0,616,383,233,inf,0.0,100.0,62.175324675324674,37.82467532467532
071F,07,1F,0,0,0,0,0,0,0.0,0.0,0.0,0.0,0.0
071G,07,1G,0,592,3,589,405,184,inf,0.5067567567567568,99.49324324324324,68.41216216216216,31.08108108108108
071H,07,1H,0,0,0,0,0,0,0.0,0.0,0.0,0.0,0.0
071I,07,1I,0,997,2,995,666,329,inf,0.20060180541624875,99.79939819458376,66.80040120361083,32.99899699097292
071K,07,1K,0,0,0,0,0,0,0.0,0.0,0.0,0.0,0.0
071L,07,1L,0,0,0,0,0,0,0.0,0.0,0.0,0.0,0.0
071M,07,1M,0,0,0,0,0,0,0.0,0.0,0.0,0.0,0.0
071N,07,1N,0,1038,4,1034,596,438,inf,0.3853564547206166,99.61464354527938,57.41811175337187,42.19653179190752
071P,07,1P,0,0,0,0,0,0,0.0,0.0,0.0,0.0,0.0
071R,07,1R,0,0,0,0,0,0,0.0,0.0,0.0,0.0,0.0
071S,07,1S,0,0,0,0,0,0,0.0,0.0,0.0,0.0,0.0
071T,07,1T,0,433,4,429,304,125,inf,0.9237875288683602,99.07621247113164,70.20785219399538,28.868360277136258
071U,07,1U,0,0,0,0,0,0,0.0,0.0,0.0,0.0,0.0
071V,07,1V,0,0,0,0,0,0,0.0,0.0,0.0,0.0,0.0
071W,07,1W,0,811,2,809,611,198,inf,0.2466091245376079,99.75339087546239,75.33908754623921,24.41430332922318
072A,07,2A,0,1002,3,999,587,412,inf,0.29940119760479045,99.7005988023952,58.58283433133733,41.11776447105788
072B,07,2B,0,0,0,0,0,0,0.0,0.0,0.0,0.0,0.0
072C,07,2C,0,695,2,693,461,232,inf,0.28776978417266186,99.71223021582733,66.33093525179856,33.38129496402878
072D,07,2D,0,0,0,0,0,0,0.0,0.0,0.0,0.0,0.0
072E,07,2E,0,0,0,0,0,0,0.0,0.0,0.0,0.0,0.0
072F,07,2F,0,0,0,0,0,0,0.0,0.0,0.0,0.0,0.0
072G,07,2G,0,0,0,0,0,0,0.0,0.0,0.0,0.0,0.0
072H,07,2H,0,593,0,593,441,152,inf,0.0,100.0,74.36762225969646,25.632377740303543
072I,07,2I,0,808,1,807,578,229,inf,0.12376237623762376,99.87623762376238,71.53465346534654,28.341584158415838
072K,07,2K,0,0,0,0,0,0,0.0,0.0,0.0,0.0,0.0
072L,07,2L,0,990,7,983,743,240,inf,0.7070707070707071,99.29292929292929,75.05050505050505,24.242424242424242
072M,07,2M,0,442,1,441,336,105,inf,0.22624434389140274,99.77375565610859,76.01809954751131,23.755656108597282
072N,07,2N,0,1004,2,1002,777,225,inf,0.199203187250996,99.800796812749,77.39043824701196,22.410358565737052
072P,07,2P,0,0,0,0,0,0,0.0,0.0,0.0,0.0,0.0
072R,07,2R,0,749,0,749,429,320,inf,0.0,100.0,57.27636849132176,42.72363150867824
072S,07,2S,0,0,0,0,0,0,0.0,0.0,0.0,0.0,0.0
072T,07,2T,0,0,0,0,0,0,0.0,0.0,0.0,0.0,0.0
072U,07,2U,0,0,0,0,0,0,0.0,0.0,0.0,0.0,0.0
072V,07,2V,0,0,0,0,0,0,0.0,0.0,0.0,0.0,0.0
073A,07,3A,0,903,3,900,556,344,inf,0.33222591362126247,99.66777408637874,61.57253599114064,38.095238095238095
073B,07,3B,0,0,0,0,0,0,0.0,0.0,0.0,0.0,0.0
073C,07,3C,0,683,3,680,425,255,inf,0.43923865300146414,99.56076134699853,62.225475841874086,37.335285505124446
073D,07,3D,0,0,0,0,0,0,0.0,0.0,0.0,0.0,0.0
073E,07,3E,0,0,0,0,0,0,0.0,0.0,0.0,0.0,0.0
073F,07,3F,0,0,0,0,0,0,0.0,0.0,0.0,0.0,0.0
073G,07,3G,0,0,0,0,0,0,0.0,0.0,0.0,0.0,0.0
073H,07,3H,0,661,3,658,390,268,inf,0.45385779122541603,99.54614220877458,59.001512859304086,40.544629349470505
073I,07,3I,0,0,0,0,0,0,0.0,0.0,0.0,0.0,0.0
073K,07,3K,0,0,0,0,0,0,0.0,0.0,0.0,0.0,0.0
073L,07,3L,0,520,4,516,325,191,inf,0.7692307692307693,99.23076923076923,62.5,36.73076923076923
073M,07,3M,0,1072,2,1070,680,390,inf,0.18656716417910446,99.81343283582089,63.43283582089553,36.38059701492538
073N,07,3N,0,0,0,0,0,0,0.0,0.0,0.0,0.0,0.0
073P,07,3P,0,0,0,0,0,0,0.0,0.0,0.0,0.0,0.0
073R,07,3R,0,935,1,934,590,344,inf,0.10695187165775401,99.89304812834224,63.101604278074866,36.79144385026738
073S,07,3S,0,0,0,0,0,0,0.0,0.0,0.0,0.0,0.0
073T,07,3T,0,0,0,0,0,0,0.0,0.0,0.0,0.0,0.0
073U,07,3U,0,729,2,727,479,248,inf,0.2743484224965706,99.72565157750343,65.70644718792867,34.01920438957476
073V,07,3V,0,302,2,300,203,97,inf,0.6622516556291391,99.33774834437085,67.21854304635761,32.11920529801324
073W,07,3W,0,979,1,978,485,493,inf,0.10214504596527069,99.89785495403473,49.54034729315629,50.35750766087844
073X,07,3X,0,0,0,0,0,0,0.0,0.0,0.0,0.0,0.0
073Y,07,3Y,0,0,0,0,0,0,0.0,0.0,0.0,0.0,0.0
074A,07,4A,0,863,3,860,524,336,inf,0.34762456546929316,99.65237543453071,60.71842410196987,38.93395133256084
074B,07,4B,0,943,4,939,557,382,inf,0.4241781548250266,99.57582184517497,59.06680805938495,40.50901378579003
074C,07,4C,0,0,0,0,0,0,0.0,0.0,0.0,0.0,0.0
074D,07,4D,0,0,0,0,0,0,0.0,0.0,0.0,0.0,0.0
074E,07,4E,0,0,0,0,0,0,0.0,0.0,0.0,0.0,0.0
074F,07,4F,0,642,2,640,332,308,inf,0.3115264797507788,99.68847352024922,51.71339563862928,47.97507788161994
074G,07,4G,0,789,1,788,378,410,inf,0.12674271229404308,99.87325728770595,47.90874524714829,51.964512040557665
074H,07,4H,0,0,0,0,0,0,0.0,0.0,0.0,0.0,0.0
074I,07,4I,0,688,2,686,360,326,inf,0.29069767441860467,99.70930232558139,52.32558139534884,47.383720930232556
074K,07,4K,0,0,0,0,0,0,0.0,0.0,0.0,0.0,0.0
074L,07,4L,0,0,0,0,0,0,0.0,0.0,0.0,0.0,0.0
074M,07,4M,0,0,0,0,0,0,0.0,0.0,0.0,0.0,0.0
074N,07,4N,0,0,0,0,0,0,0.0,0.0,0.0,0.0,0.0
074P,07,4P,0,946,3,943,549,394,inf,0.3171247357293869,99.6828752642706,58.033826638477805,41.64904862579281
074R,07,4R,0,178,1,177,117,60,inf,0.5617977528089888,99.43820224719101,65.73033707865169,33.70786516853933
074S,07,4S,0,0,0,0,0,0,0.0,0.0,0.0,0.0,0.0
074T,07,4T,0,524,3,521,289,232,inf,0.5725190839694656,99.42748091603053,55.152671755725194,44.274809160305345
074U,07,4U,0,0,0,0,0,0,0.0,0.0,0.0,0.0,0.0
074V,07,4V,0,629,1,628,371,257,inf,0.1589825119236884,99.84101748807632,58.9825119236884,40.85850556438791
075A,07,5A,0,740,2,738,307,431,inf,0.2702702702702703,99.72972972972973,41.486486486486484,58.24324324324325
075B,07,5B,0,0,0,0,0,0,0.0,0.0,0.0,0.0,0.0
075C,07,5C,0,542,4,538,236,302,inf,0.7380073800738007,99.2619926199262,43.542435424354245,55.71955719557196
075D,07,5D,0,549,0,549,243,306,inf,0.0,100.0,44.26229508196721,55.73770491803278
075E,07,5E,0,0,0,0,0,0,0.0,0.0,0.0,0.0,0.0
075F,07,5F,0,0,0,0,0,0,0.0,0.0,0.0,0.0,0.0
075G,07,5G,0,555,3,552,224,328,inf,0.5405405405405406,99.45945945945947,40.36036036036036,59.09909909909909
075H,07,5H,0,0,0,0,0,0,0.0,0.0,0.0,0.0,0.0
075I,07,5I,0,0,0,0,0,0,0.0,0.0,0.0,0.0,0.0
075K,07,5K,0,805,4,801,324,477,inf,0.4968944099378882,99.50310559006212,40.24844720496895,59.25465838509317
075L,07,5L,0,0,0,0,0,0,0.0,0.0,0.0,0.0,0.0
075M,07,5M,0,440,0,440,229,211,inf,0.0,100.0,52.04545454545455,47.95454545454545
075N,07,5N,0,0,0,0,0,0,0.0,0.0,0.0,0.0,0.0
075P,07,5P,0,0,0,0,0,0,0.0,0.0,0.0,0.0,0.0
075R,07,5R,0,579,0,579,173,406,inf,0.0,100.0,29.879101899827287,70.12089810017271
075S,07,5S,0,899,0,899,275,624,inf,0.0,100.0,30.589543937708562,69.41045606229143
075T,07,5T,0,0,0,0,0,0,0.0,0.0,0.0,0.0,0.0
076A,07,6A,0,781,2,779,283,496,inf,0.2560819462227913,99.74391805377721,36.23559539052496,63.50832266325224
076B,07,6B,0,883,6,877,268,609,inf,0.6795016987542469,99.32049830124575,30.35107587768969,68.96942242355605
076C,07,6C,0,387,0,387,116,271,inf,0.0,100.0,29.97416020671835,70.02583979328165
076D,07,6D,0,0,0,0,0,0,0.0,0.0,0.0,0.0,0.0
076E,07,6E,0,0,0,0,0,0,0.0,0.0,0.0,0.0,0.0
076F,07,6F,0,542,0,542,147,395,inf,0.0,100.0,27.121771217712176,72.87822878228782
076G,07,6G,0,433,2,431,144,287,inf,0.4618937644341801,99.53810623556582,33.25635103926097,66.28175519630484
076H,07,6H,0,0,0,0,0,0,0.0,0.0,0.0,0.0,0.0
076I,07,6I,0,0,0,0,0,0,0.0,0.0,0.0,0.0,0.0
076K,07,6K,0,0,0,0,0,0,0.0,0.0,0.0,0.0,0.0
076L,07,6L,0,0,0,0,0,0,0.0,0.0,0.0,0.0,0.0
076M,07,6M,0,0,0,0,0,0,0.0,0.0,0.0,0.0,0.0
076N,07,6N,0,556,1,555,141,414,inf,0.1798561151079137,99.82014388489209,25.359712230215827,74.46043165467626
076P,07,6P,0,0,0,0,0,0,0.0,0.0,0.0,0.0,0.0
076R,07,6R,0,1101,1,1100,301,799,inf,0.09082652134423251,99.90917347865576,27.338782924613987,72.57039055404178
076S,07,6S,0,509,2,507,158,349,inf,0.3929273084479371,99.60707269155206,31.041257367387033,68.56581532416503
076T,07,6T,0,0,0,0,0,0,0.0,0.0,0.0,0.0,0.0
076U,07,6U,0,0,0,0,0,0,0.0,0.0,0.0,0.0,0.0
077A,07,7A,0,682,0,682,185,497,inf,0.0,100.0,27.126099706744867,72.87390029325513
077B,07,7B,0,0,0,0,0,0,0.0,0.0,0.0,0.0,0.0
077C,07,7C,0,0,0,0,0,0,0.0,0.0,0.0,0.0,0.0
077D,07,7D,0,675,0,675,195,480,inf,0.0,100.0,28.888888888888886,71.11111111111111
077E,07,7E,0,257,0,257,77,180,inf,0.0,100.0,29.961089494163424,70.03891050583657
077F,07,7F,0,707,2,705,186,519,inf,0.2828854314002829,99.71711456859971,26.308345120226306,73.4087694483734
077G,07,7G,0,702,1,701,238,463,inf,0.14245014245014245,99.85754985754986,33.903133903133906,65.95441595441596
077H,07,7H,0,0,0,0,0,0,0.0,0.0,0.0,0.0,0.0
077I,07,7I,0,0,0,0,0,0,0.0,0.0,0.0,0.0,0.0
077K,07,7K,0,0,0,0,0,0,0.0,0.0,0.0,0.0,0.0
077L,07,7L,0,0,0,0,0,0,0.0,0.0,0.0,0.0,0.0
077M,07,7M,0,0,0,0,0,0,0.0,0.0,0.0,0.0,0.0
077N,07,7N,0,0,0,0,0,0,0.0,0.0,0.0,0.0,0.0
077P,07,7P,0,643,0,643,156,487,inf,0.0,100.0,24.261275272161743,75.73872472783826
077R,07,7R,0,738,2,736,189,547,inf,0.27100271002710025,99.7289972899729,25.609756097560975,74.11924119241192
077S,07,7S,0,0,0,0,0,0,0.0,0.0,0.0,0.0,0.0
077T,07,7T,0,326,1,325,80,245,inf,0.3067484662576687,99.69325153374233,24.539877300613497,75.15337423312883
077U,07,7U,0,365,2,363,82,281,inf,0.547945205479452,99.45205479452055,22.465753424657535,76.98630136986301
077V,07,7V,0,584,0,584,139,445,inf,0.0,100.0,23.8013698630137,76.1986301369863
08101,08,101,1001,218,0,218,177,41,21.77822177822178,0.0,100.0,81.19266055045871,18.807339449541285
08102,08,102,1074,235,1,234,197,37,21.880819366852887,0.425531914893617,99.57446808510639,83.82978723404256,15.74468085106383
08103,08,103,1028,250,0,250,226,24,24.31906614785992,0.0,100.0,90.4,9.6
08104,08,104,991,236,0,236,204,32,23.81432896064581,0.0,100.0,86.4406779661017,13.559322033898304
08105,08,105,1020,243,1,242,195,47,23.823529411764703,0.411522633744856,99.58847736625515,80.24691358024691,19.34156378600823
08106,08,106,1025,250,0,250,211,39,24.390243902439025,0.0,100.0,84.39999999999999,15.6
08107,08,107,1049,275,0,275,234,41,26.215443279313632,0.0,100.0,85.0909090909091,14.909090909090908
08108,08,108,1000,211,1,210,188,22,21.099999999999998,0.47393364928909953,99.52606635071089,89.0995260663507,10.42654028436019
08109,08,109,1019,222,0,222,194,28,21.786064769381746,0.0,100.0,87.38738738738738,12.612612612612612
08110,08,110,993,197,1,196,162,34,19.83887210473313,0.5076142131979695,99.49238578680203,82.23350253807106,17.258883248730964
08111,08,111,962,205,0,205,166,39,21.30977130977131,0.0,100.0,80.97560975609757,19.024390243902438
08112,08,112,1135,191,0,191,157,34,16.82819383259912,0.0,100.0,82.19895287958116,17.801047120418847
08113,08,113,1051,243,1,242,212,30,23.120837297811608,0.411522633744856,99.58847736625515,87.24279835390946,12.345679012345679
08114,08,114,989,203,5,198,173,25,20.525783619817997,2.4630541871921183,97.53694581280789,85.22167487684729,12.31527093596059
08115,08,115,973,230,3,227,188,39,23.638232271325794,1.3043478260869565,98.69565217391305,81.73913043478261,16.956521739130434
08116,08,116,1132,223,0,223,194,29,19.699646643109542,0.0,100.0,86.99551569506725,13.004484304932735
08117,08,117,1066,257,0,257,214,43,24.108818011257036,0.0,100.0,83.26848249027238,16.731517509727624
08118,08,118,984,247,0,247,186,61,25.101626016260166,0.0,100.0,75.30364372469636,24.696356275303643
08119,08,119,1045,229,0,229,194,35,21.913875598086126,0.0,100.0,84.71615720524017,15.283842794759824
08120,08,120,1043,231,0,231,197,34,22.14765100671141,0.0,100.0,85.28138528138528,14.71861471861472
08121,08,121,1086,192,0,192,161,31,17.67955801104972,0.0,100.0,83.85416666666666,16.145833333333336
08122,08,122,878,182,0,182,145,37,20.72892938496583,0.0,100.0,79.67032967032966,20.32967032967033
08123,08,123,1051,181,2,179,111,68,17.221693625118935,1.1049723756906076,98.89502762430939,61.32596685082873,37.569060773480665
08124,08,124,918,219,0,219,192,27,23.856209150326798,0.0,100.0,87.67123287671232,12.32876712328767
08125,08,125,1066,202,2,200,160,40,18.94934333958724,0.9900990099009901,99.00990099009901,79.20792079207921,19.801980198019802
08126,08,126,934,207,2,205,165,40,22.1627408993576,0.966183574879227,99.03381642512076,79.71014492753623,19.32367149758454
08127,08,127,1127,174,0,174,131,43,15.43921916592724,0.0,100.0,75.28735632183908,24.71264367816092
08128,08,128,911,147,0,147,117,30,16.136114160263446,0.0,100.0,79.59183673469387,20.408163265306122
08129,08,129,991,233,2,231,189,42,23.511604439959637,0.8583690987124464,99.14163090128756,81.11587982832617,18.025751072961373
08130,08,130,995,203,0,203,149,54,20.402010050251256,0.0,100.0,73.39901477832512,26.60098522167488
08131,08,131,801,98,0,98,73,25,12.234706616729088,0.0,100.0,74.48979591836735,25.510204081632654
08201,08,201,1209,261,0,261,219,42,21.588089330024815,0.0,100.0,83.9080459770115,16.091954022988507
08202,08,202,1063,247,0,247,219,28,23.23612417685795,0.0,100.0,88.66396761133603,11.336032388663968
08203,08,203,896,188,1,187,143,44,20.982142857142858,0.5319148936170213,99.46808510638297,76.06382978723404,23.404255319148938
08204,08,204,981,243,1,242,198,44,24.770642201834864,0.411522633744856,99.58847736625515,81.48148148148148,18.106995884773664
08205,08,205,1004,212,1,211,189,22,21.115537848605577,0.4716981132075472,99.52830188679245,89.15094339622641,10.377358490566039
08206,08,206,1032,186,0,186,170,16,18.023255813953487,0.0,100.0,91.39784946236558,8.60215053763441
08207,08,207,965,180,2,178,152,26,18.65284974093264,1.1111111111111112,98.88888888888889,84.44444444444444,14.444444444444443
08208,08,208,972,169,0,169,156,13,17.386831275720166,0.0,100.0,92.3076923076923,7.6923076923076925
08209,08,209,952,183,0,183,151,32,19.222689075630253,0.0,100.0,82.5136612021858,17.48633879781421
08210,08,210,1027,175,1,174,126,48,17.039922103213243,0.5714285714285714,99.42857142857143,72.0,27.42857142857143
08211,08,211,1060,201,1,200,158,42,18.962264150943398,0.4975124378109453,99.50248756218906,78.60696517412936,20.8955223880597
08212,08,212,1067,214,2,212,191,21,20.056232427366446,0.9345794392523363,99.06542056074767,89.25233644859813,9.813084112149532
08213,08,213,1067,223,1,222,186,36,20.89971883786317,0.4484304932735426,99.55156950672645,83.40807174887892,16.143497757847534
08214,08,214,1024,226,0,226,200,26,22.0703125,0.0,100.0,88.49557522123894,11.504424778761061
08215,08,215,1008,246,2,244,206,38,24.404761904761905,0.8130081300813009,99.1869918699187,83.73983739837398,15.447154471544716
08216,08,216,1019,280,1,279,234,45,27.47791952894995,0.35714285714285715,99.64285714285714,83.57142857142857,16.071428571428573
08217,08,217,1078,237,1,236,198,38,21.985157699443413,0.42194092827004215,99.57805907172997,83.54430379746836,16.033755274261605
08218,08,218,1020,219,0,219,180,39,21.470588235294116,0.0,100.0,82.1917808219178,17.80821917808219
08219,08,219,998,235,0,235,187,48,23.547094188376754,0.0,100.0,79.57446808510639,20.425531914893615
08220,08,220,1069,209,0,209,175,34,19.550982226379794,0.0,100.0,83.73205741626795,16.267942583732058
08221,08,221,1037,209,0,209,176,33,20.154291224686595,0.0,100.0,84.21052631578947,15.789473684210526
08222,08,222,1021,158,1,157,136,21,15.475024485798237,0.6329113924050633,99.36708860759494,86.07594936708861,13.291139240506327
08223,08,223,1028,119,1,118,61,57,11.575875486381323,0.8403361344537815,99.15966386554622,51.26050420168067,47.89915966386555
08224,08,224,1099,164,1,163,119,44,14.922656960873521,0.6097560975609756,99.39024390243902,72.5609756097561,26.82926829268293
08225,08,225,992,179,0,179,141,38,18.04435483870968,0.0,100.0,78.77094972067039,21.22905027932961
08226,08,226,949,228,1,227,198,29,24.025289778714438,0.43859649122807015,99.56140350877193,86.8421052631579,12.719298245614036
08227,08,227,976,248,2,246,198,48,25.40983606557377,0.8064516129032258,99.19354838709677,79.83870967741935,19.35483870967742
08228,08,228,883,188,1,187,147,40,21.291053227633068,0.5319148936170213,99.46808510638297,78.19148936170212,21.27659574468085
08229,08,229,1084,164,0,164,145,19,15.129151291512915,0.0,100.0,88.41463414634147,11.585365853658537
08230,08,230,923,179,0,179,148,31,19.39328277356446,0.0,100.0,82.68156424581005,17.318435754189945
08231,08,231,849,204,1,203,170,33,24.02826855123675,0.49019607843137253,99.50980392156863,83.33333333333334,16.176470588235293
08301,08,301,887,220,2,218,189,29,24.80270574971815,0.9090909090909091,99.0909090909091,85.9090909090909,13.18181818181818
08302,08,302,901,214,2,212,170,42,23.751387347391788,0.9345794392523363,99.06542056074767,79.43925233644859,19.626168224299064
08303,08,303,993,199,0,199,158,41,20.040281973816718,0.0,100.0,79.39698492462311,20.603015075376884
08304,08,304,975,236,1,235,191,44,24.205128205128204,0.423728813559322,99.57627118644068,80.9322033898305,18.64406779661017
08305,08,305,990,189,0,189,161,28,19.090909090909093,0.0,100.0,85.18518518518519,14.814814814814813
08306,08,306,891,219,2,217,186,31,24.579124579124578,0.91324200913242,99.08675799086758,84.93150684931507,14.15525114155251
08307,08,307,956,182,0,182,163,19,19.03765690376569,0.0,100.0,89.56043956043956,10.43956043956044
08308,08,308,977,254,0,254,216,38,25.99795291709314,0.0,100.0,85.03937007874016,14.960629921259844
08309,08,309,1143,117,0,117,53,64,10.236220472440944,0.0,100.0,45.2991452991453,54.700854700854705
08310,08,310,947,81,0,81,29,52,8.553326293558607,0.0,100.0,35.80246913580247,64.19753086419753
08311,08,311,941,227,1,226,124,102,24.12327311370882,0.4405286343612335,99.55947136563876,54.62555066079295,44.93392070484582
08312,08,312,1252,110,1,109,51,58,8.78594249201278,0.9090909090909091,99.0909090909091,46.36363636363636,52.72727272727272
08313,08,313,1218,88,1,87,18,69,7.224958949096879,1.1363636363636365,98.86363636363636,20.454545454545457,78.4090909090909
08314,08,314,1206,74,2,72,25,47,6.135986733001658,2.7027027027027026,97.2972972972973,33.78378378378378,63.51351351351351
08315,08,315,1268,105,0,105,74,31,8.280757097791797,0.0,100.0,70.47619047619048,29.523809523809526
08316,08,316,987,139,2,137,54,83,14.083080040526848,1.4388489208633095,98.56115107913669,38.84892086330935,59.71223021582733
08317,08,317,898,161,0,161,62,99,17.928730512249444,0.0,100.0,38.50931677018634,61.49068322981367
08318,08,318,976,155,0,155,90,65,15.881147540983607,0.0,100.0,58.06451612903226,41.935483870967744
08319,08,319,1054,159,2,157,61,96,15.085388994307399,1.257861635220126,98.74213836477988,38.36477987421384,60.37735849056604
08320,08,320,1161,156,0,156,91,65,13.436692506459949,0.0,100.0,58.333333333333336,41.66666666666667
08321,08,321,1257,108,0,108,21,87,8.591885441527445,0.0,100.0,19.444444444444446,80.55555555555556
08322,08,322,1297,115,0,115,39,76,8.866615265998458,0.0,100.0,33.91304347826087,66.08695652173913
08323,08,323,921,107,0,107,47,60,11.617806731813246,0.0,100.0,43.925233644859816,56.074766355140184
08324,08,324,1204,146,0,146,76,70,12.12624584717608,0.0,100.0,52.054794520547944,47.94520547945205
08325,08,325,970,173,1,172,99,73,17.835051546391753,0.5780346820809248,99.42196531791907,57.22543352601156,42.19653179190752
08326,08,326,1071,162,0,162,126,36,15.126050420168067,0.0,100.0,77.77777777777779,22.22222222222222
08327,08,327,1681,311,1,310,251,59,18.500892325996432,0.3215434083601286,99.67845659163987,80.70739549839229,18.971061093247588
08328,08,328,929,158,0,158,125,33,17.007534983853606,0.0,100.0,79.11392405063292,20.88607594936709
08329,08,329,813,105,1,104,72,32,12.915129151291513,0.9523809523809524,99.04761904761905,68.57142857142857,30.476190476190478
08330,08,330,1039,184,0,184,134,50,17.709335899903753,0.0,100.0,72.82608695652173,27.173913043478258
08331,08,331,968,143,0,143,97,46,14.772727272727273,0.0,100.0,67.83216783216784,32.16783216783217
08401,08,401,1062,176,2,174,47,127,16.57250470809793,1.1363636363636365,98.86363636363636,26.704545454545453,72.1590909090909
08402,08,402,1048,167,0,167,58,109,15.935114503816795,0.0,100.0,34.73053892215569,65.26946107784431
08403,08,403,1123,164,1,163,63,100,14.603739982190561,0.6097560975609756,99.39024390243902,38.41463414634146,60.97560975609756
08404,08,404,1078,161,0,161,60,101,14.935064935064934,0.0,100.0,37.267080745341616,62.732919254658384
08405,08,405,1113,130,2,128,30,98,11.680143755615454,1.5384615384615385,98.46153846153847,23.076923076923077,75.38461538461539
08406,08,406,1180,176,2,174,48,126,14.915254237288137,1.1363636363636365,98.86363636363636,27.27272727272727,71.5909090909091
08407,08,407,1163,145,2,143,57,86,12.467755803955288,1.3793103448275863,98.62068965517241,39.310344827586206,59.310344827586206
08408,08,408,877,154,2,152,44,108,17.559863169897376,1.2987012987012987,98.7012987012987,28.57142857142857,70.12987012987013
08409,08,409,960,211,1,210,40,170,21.979166666666668,0.47393364928909953,99.52606635071089,18.95734597156398,80.56872037914692
08410,08,410,1000,215,1,214,38,176,21.5,0.46511627906976744,99.53488372093024,17.674418604651162,81.86046511627907
08411,08,411,1004,212,3,209,33,176,21.115537848605577,1.4150943396226416,98.58490566037736,15.566037735849056,83.01886792452831
08412,08,412,1051,144,0,144,47,97,13.701236917221692,0.0,100.0,32.63888888888889,67.36111111111111
08413,08,413,1076,139,2,137,55,82,12.9182156133829,1.4388489208633095,98.56115107913669,39.568345323741006,58.992805755395686
08414,08,414,966,121,0,121,32,89,12.525879917184266,0.0,100.0,26.446280991735538,73.55371900826447
08415,08,415,1289,108,0,108,27,81,8.378588052754072,0.0,100.0,25.0,75.0
08416,08,416,1098,167,0,167,46,121,15.209471766848818,0.0,100.0,27.54491017964072,72.45508982035929
08417,08,417,1044,112,0,112,16,96,10.727969348659004,0.0,100.0,14.285714285714285,85.71428571428571
08418,08,418,1063,124,2,122,35,87,11.665098777046095,1.6129032258064515,98.38709677419355,28.225806451612907,70.16129032258065
08419,08,419,1172,158,2,156,30,126,13.48122866894198,1.2658227848101267,98.73417721518987,18.9873417721519,79.74683544303798
08420,08,420,1041,125,1,124,26,98,12.007684918347742,0.8,99.2,20.8,78.4
08421,08,421,1072,77,1,76,23,53,7.182835820895522,1.2987012987012987,98.7012987012987,29.87012987012987,68.83116883116884
08422,08,422,1052,111,0,111,32,79,10.551330798479087,0.0,100.0,28.82882882882883,71.17117117117117
08423,08,423,899,116,0,116,38,78,12.903225806451612,0.0,100.0,32.758620689655174,67.24137931034483
08424,08,424,964,109,1,108,31,77,11.307053941908714,0.9174311926605505,99.08256880733946,28.440366972477065,70.64220183486239
08425,08,425,1084,86,0,86,31,55,7.9335793357933575,0.0,100.0,36.04651162790697,63.95348837209303
08426,08,426,865,108,0,108,28,80,12.485549132947977,0.0,100.0,25.925925925925924,74.07407407407408
08427,08,427,1018,115,0,115,38,77,11.296660117878192,0.0,100.0,33.04347826086956,66.95652173913044
08428,08,428,1066,150,3,147,35,112,14.071294559099437,2.0,98.0,23.333333333333332,74.66666666666667
08429,08,429,859,143,0,143,28,115,16.647264260768335,0.0,100.0,19.58041958041958,80.41958041958041
08430,08,430,907,137,3,134,21,113,15.104740904079383,2.18978102189781,97.8102189781022,15.328467153284672,82.48175182481752
08431,08,431,1195,89,0,89,31,58,7.447698744769875,0.0,100.0,34.831460674157306,65.1685393258427
08501,08,501,1060,135,0,135,56,79,12.735849056603774,0.0,100.0,41.48148148148148,58.51851851851851
08502,08,502,1020,227,2,225,120,105,22.254901960784313,0.881057268722467,99.11894273127754,52.863436123348016,46.25550660792951
08503,08,503,839,189,0,189,103,86,22.526817640047675,0.0,100.0,54.4973544973545,45.5026455026455
08504,08,504,927,209,0,209,115,94,22.54584681769148,0.0,100.0,55.02392344497608,44.97607655502392
08505,08,505,991,203,2,201,89,112,20.484359233097884,0.9852216748768473,99.01477832512316,43.84236453201971,55.172413793103445
08506,08,506,934,206,1,205,109,96,22.055674518201286,0.48543689320388345,99.51456310679612,52.9126213592233,46.601941747572816
08507,08,507,1028,131,0,131,37,94,12.743190661478598,0.0,100.0,28.24427480916031,71.7557251908397
08508,08,508,1211,139,0,139,97,42,11.47811725846408,0.0,100.0,69.7841726618705,30.215827338129497
08509,08,509,1188,211,2,209,78,131,17.76094276094276,0.9478672985781991,99.0521327014218,36.96682464454976,62.08530805687204
08510,08,510,1000,171,1,170,55,115,17.1,0.5847953216374269,99.41520467836257,32.16374269005848,67.2514619883041
08511,08,511,950,93,0,93,25,68,9.789473684210526,0.0,100.0,26.881720430107524,73.11827956989248
08512,08,512,1037,235,0,235,59,176,22.66152362584378,0.0,100.0,25.106382978723403,74.8936170212766
08513,08,513,1002,203,0,203,41,162,20.25948103792415,0.0,100.0,20.19704433497537,79.80295566502463
08514,08,514,875,150,1,149,28,121,17.142857142857142,0.6666666666666667,99.33333333333333,18.666666666666668,80.66666666666666
08515,08,515,925,188,0,188,65,123,20.324324324324326,0.0,100.0,34.57446808510639,65.42553191489363
08516,08,516,1004,157,0,157,36,121,15.637450199203187,0.0,100.0,22.929936305732486,77.07006369426752
08517,08,517,826,141,0,141,19,122,17.070217917675546,0.0,100.0,13.47517730496454,86.52482269503547
08518,08,518,890,210,0,210,54,156,23.595505617977526,0.0,100.0,25.71428571428571,74.28571428571429
08519,08,519,992,181,1,180,42,138,18.245967741935484,0.5524861878453038,99.4475138121547,23.204419889502763,76.24309392265194
08520,08,520,925,175,0,175,46,129,18.91891891891892,0.0,100.0,26.285714285714285,73.71428571428571
08521,08,521,928,230,2,228,38,190,24.78448275862069,0.8695652173913043,99.1304347826087,16.52173913043478,82.6086956521739
08522,08,522,862,210,1,209,54,155,24.361948955916475,0.4761904761904762,99.52380952380952,25.71428571428571,73.80952380952381
08523,08,523,956,193,1,192,47,145,20.188284518828453,0.5181347150259068,99.48186528497409,24.352331606217618,75.12953367875647
08524,08,524,896,124,0,124,28,96,13.839285714285715,0.0,100.0,22.58064516129032,77.41935483870968
08525,08,525,891,148,3,145,28,117,16.610549943883278,2.027027027027027,97.97297297297297,18.91891891891892,79.05405405405406
08526,08,526,943,226,0,226,45,181,23.966065747614,0.0,100.0,19.911504424778762,80.08849557522124
08527,08,527,1023,116,0,116,28,88,11.339198435972628,0.0,100.0,24.137931034482758,75.86206896551724
08528,08,528,889,112,2,110,24,86,12.598425196850393,1.7857142857142856,98.21428571428571,21.428571428571427,76.78571428571429
08529,08,529,967,158,0,158,40,118,16.339193381592555,0.0,100.0,25.31645569620253,74.68354430379746
08530,08,530,854,135,0,135,27,108,15.807962529274006,0.0,100.0,20.0,80.0
08531,08,531,1025,99,0,99,26,73,9.658536585365853,0.0,100.0,26.262626262626267,73.73737373737373
08532,08,532,914,125,0,125,26,99,13.676148796498905,0.0,100.0,20.8,79.2
08533,08,533,835,123,0,123,27,96,14.73053892215569,0.0,100.0,21.951219512195124,78.04878048780488
08534,08,534,1033,143,0,143,37,106,13.843175217812199,0.0,100.0,25.874125874125873,74.12587412587412
08601,08,601,896,201,4,197,48,149,22.433035714285715,1.9900497512437811,98.00995024875621,23.88059701492537,74.12935323383084
08602,08,602,873,209,0,209,48,161,23.940435280641466,0.0,100.0,22.966507177033492,77.03349282296651
08603,08,603,911,181,0,181,42,139,19.868276619099888,0.0,100.0,23.204419889502763,76.79558011049724
08604,08,604,888,202,1,201,44,157,22.74774774774775,0.49504950495049505,99.5049504950495,21.782178217821784,77.72277227722772
08605,08,605,845,178,0,178,35,143,21.06508875739645,0.0,100.0,19.662921348314608,80.33707865168539
08606,08,606,899,172,1,171,41,130,19.13236929922136,0.5813953488372093,99.4186046511628,23.837209302325583,75.5813953488372
08607,08,607,879,162,0,162,28,134,18.43003412969283,0.0,100.0,17.28395061728395,82.71604938271605
08608,08,608,914,210,1,209,46,163,22.975929978118163,0.4761904761904762,99.52380952380952,21.904761904761905,77.61904761904762
08609,08,609,975,130,1,129,45,84,13.333333333333334,0.7692307692307693,99.23076923076923,34.61538461538461,64.61538461538461
08610,08,610,882,209,0,209,49,160,23.69614512471655,0.0,100.0,23.444976076555022,76.55502392344498
08611,08,611,819,143,0,143,41,102,17.46031746031746,0.0,100.0,28.671328671328673,71.32867132867133
08612,08,612,920,165,2,163,35,128,17.934782608695652,1.2121212121212122,98.7878787878788,21.21212121212121,77.57575757575758
08613,08,613,878,146,0,146,32,114,16.62870159453303,0.0,100.0,21.91780821917808,78.08219178082192
08614,08,614,856,156,1,155,32,123,18.22429906542056,0.641025641025641,99.35897435897436,20.51282051282051,78.84615384615384
08615,08,615,870,165,1,164,35,129,18.96551724137931,0.6060606060606061,99.39393939393939,21.21212121212121,78.18181818181819
08616,08,616,817,122,0,122,31,91,14.932680538555692,0.0,100.0,25.40983606557377,74.59016393442623
08617,08,617,846,193,0,193,36,157,22.81323877068558,0.0,100.0,18.65284974093264,81.34715025906736
08618,08,618,895,216,3,213,48,165,24.134078212290504,1.3888888888888888,98.61111111111111,22.22222222222222,76.38888888888889
08619,08,619,848,199,0,199,39,160,23.46698113207547,0.0,100.0,19.597989949748744,80.40201005025126
08620,08,620,792,195,3,192,29,163,24.62121212121212,1.5384615384615385,98.46153846153847,14.871794871794872,83.58974358974359
08621,08,621,892,153,1,152,116,36,17.152466367713004,0.6535947712418301,99.34640522875817,75.81699346405229,23.52941176470588
08622,08,622,890,158,0,158,33,125,17.752808988764045,0.0,100.0,20.88607594936709,79.11392405063292
08623,08,623,946,143,0,143,46,97,15.11627906976744,0.0,100.0,32.16783216783217,67.83216783216784
08624,08,624,833,179,0,179,56,123,21.48859543817527,0.0,100.0,31.28491620111732,68.71508379888269
08625,08,625,988,164,0,164,41,123,16.599190283400812,0.0,100.0,25.0,75.0
08626,08,626,880,170,0,170,34,136,19.318181818181817,0.0,100.0,20.0,80.0
08627,08,627,856,151,0,151,32,119,17.640186915887853,0.0,100.0,21.192052980132452,78.80794701986756
08628,08,628,825,213,0,213,56,157,25.818181818181817,0.0,100.0,26.291079812206576,73.70892018779342
08629,08,629,827,210,0,210,41,169,25.39298669891173,0.0,100.0,19.523809523809526,80.47619047619048
08630,08,630,805,202,2,200,43,157,25.093167701863354,0.9900990099009901,99.00990099009901,21.287128712871286,77.72277227722772
08631,08,631,897,197,2,195,53,142,21.962095875139354,1.015228426395939,98.98477157360406,26.903553299492383,72.08121827411168
08632,08,632,1113,234,0,234,52,182,21.024258760107816,0.0,100.0,22.22222222222222,77.77777777777779
08633,08,633,1271,167,0,167,56,111,13.139260424862313,0.0,100.0,33.532934131736525,66.46706586826348
08634,08,634,1034,100,0,100,30,70,9.671179883945841,0.0,100.0,30.0,70.0
08635,08,635,984,101,0,101,17,84,10.264227642276422,0.0,100.0,16.831683168316832,83.16831683168317
08636,08,636,917,80,1,79,17,62,8.724100327153762,1.25,98.75,21.25,77.5
081A,08,1A,0,582,1,581,480,101,inf,0.1718213058419244,99.82817869415808,82.4742268041237,17.353951890034363
081AA,08,1AA,0,0,0,0,0,0,0.0,0.0,0.0,0.0,0.0
081AB,08,1AB,0,0,0,0,0,0,0.0,0.0,0.0,0.0,0.0
081AC,08,1AC,0,0,0,0,0,0,0.0,0.0,0.0,0.0,0.0
081B,08,1B,0,584,0,584,518,66,inf,0.0,100.0,88.6986301369863,11.301369863013697
081C,08,1C,0,610,2,608,476,132,inf,0.32786885245901637,99.672131147541,78.0327868852459,21.639344262295083
081D,08,1D,0,631,1,630,528,102,inf,0.15847860538827258,99.84152139461173,83.67670364500792,16.164817749603806
081E,08,1E,0,533,9,524,454,70,inf,1.6885553470919326,98.31144465290807,85.17823639774859,13.133208255159476
081F,08,1F,0,0,0,0,0,0,0.0,0.0,0.0,0.0,0.0
081G,08,1G,0,623,2,621,525,96,inf,0.32102728731942215,99.67897271268058,84.26966292134831,15.409309791332262
081H,08,1H,0,601,0,601,452,149,inf,0.0,100.0,75.20798668885192,24.792013311148086
081I,08,1I,0,0,0,0,0,0,0.0,0.0,0.0,0.0,0.0
081J,08,1J,0,0,0,0,0,0,0.0,0.0,0.0,0.0,0.0
081K,08,1K,0,0,0,0,0,0,0.0,0.0,0.0,0.0,0.0
081L,08,1L,0,0,0,0,0,0,0.0,0.0,0.0,0.0,0.0
081M,08,1M,0,0,0,0,0,0,0.0,0.0,0.0,0.0,0.0
081N,08,1N,0,0,0,0,0,0,0.0,0.0,0.0,0.0,0.0
081P,08,1P,0,0,0,0,0,0,0.0,0.0,0.0,0.0,0.0
081Q,08,1Q,0,0,0,0,0,0,0.0,0.0,0.0,0.0,0.0
081R,08,1R,0,0,0,0,0,0,0.0,0.0,0.0,0.0,0.0
081S,08,1S,0,0,0,0,0,0,0.0,0.0,0.0,0.0,0.0
081T,08,1T,0,527,3,524,429,95,inf,0.5692599620493358,99.43074003795066,81.40417457305503,18.026565464895636
081U,08,1U,0,0,0,0,0,0,0.0,0.0,0.0,0.0,0.0
081V,08,1V,0,0,0,0,0,0,0.0,0.0,0.0,0.0,0.0
081W,08,1W,0,0,0,0,0,0,0.0,0.0,0.0,0.0,0.0
081X,08,1X,0,573,1,572,452,120,inf,0.17452006980802792,99.82547993019197,78.88307155322862,20.94240837696335
081Y,08,1Y,0,0,0,0,0,0,0.0,0.0,0.0,0.0,0.0
081Z,08,1Z,0,576,0,576,491,85,inf,0.0,100.0,85.24305555555556,14.756944444444445
082A,08,2A,0,556,0,556,462,94,inf,0.0,100.0,83.09352517985612,16.906474820143885
082AA,08,2AA,0,0,0,0,0,0,0.0,0.0,0.0,0.0,0.0
082AB,08,2AB,0,0,0,0,0,0,0.0,0.0,0.0,0.0,0.0
082B,08,2B,0,498,8,490,427,63,inf,1.6064257028112447,98.39357429718876,85.7429718875502,12.650602409638553
082C,08,2C,0,0,0,0,0,0,0.0,0.0,0.0,0.0,0.0
082D,08,2D,0,576,10,566,492,74,inf,1.7361111111111112,98.26388888888889,85.41666666666666,12.847222222222221
082E,08,2E,0,500,0,500,430,70,inf,0.0,100.0,86.0,14.000000000000002
082F,08,2F,0,506,1,505,420,85,inf,0.1976284584980237,99.80237154150198,83.00395256916995,16.798418972332016
082G,08,2G,0,0,0,0,0,0,0.0,0.0,0.0,0.0,0.0
082H,08,2H,0,0,0,0,0,0,0.0,0.0,0.0,0.0,0.0
082I,08,2I,0,0,0,0,0,0,0.0,0.0,0.0,0.0,0.0
082J,08,2J,0,593,1,592,506,86,inf,0.16863406408094433,99.83136593591905,85.32883642495784,14.502529510961216
082K,08,2K,0,604,2,602,514,88,inf,0.33112582781456956,99.66887417218543,85.09933774834437,14.56953642384106
082L,08,2L,0,0,0,0,0,0,0.0,0.0,0.0,0.0,0.0
082M,08,2M,0,0,0,0,0,0,0.0,0.0,0.0,0.0,0.0
082N,08,2N,0,0,0,0,0,0,0.0,0.0,0.0,0.0,0.0
082P,08,2P,0,0,0,0,0,0,0.0,0.0,0.0,0.0,0.0
082Q,08,2Q,0,0,0,0,0,0,0.0,0.0,0.0,0.0,0.0
082R,08,2R,0,0,0,0,0,0,0.0,0.0,0.0,0.0,0.0
082S,08,2S,0,533,2,531,451,80,inf,0.37523452157598497,99.62476547842401,84.61538461538461,15.0093808630394
082T,08,2T,0,0,0,0,0,0,0.0,0.0,0.0,0.0,0.0
082U,08,2U,0,571,1,570,457,113,inf,0.17513134851138354,99.82486865148861,80.03502626970229,19.78984238178634
082V,08,2V,0,0,0,0,0,0,0.0,0.0,0.0,0.0,0.0
082W,08,2W,0,0,0,0,0,0,0.0,0.0,0.0,0.0,0.0
082X,08,2X,0,505,0,505,433,72,inf,0.0,100.0,85.74257425742574,14.257425742574256
082Y,08,2Y,0,0,0,0,0,0,0.0,0.0,0.0,0.0,0.0
082Z,08,2Z,0,0,0,0,0,0,0.0,0.0,0.0,0.0,0.0
083A,08,3A,0,528,1,527,438,89,inf,0.1893939393939394,99.81060606060606,82.95454545454545,16.856060606060606
083B,08,3B,0,0,0,0,0,0,0.0,0.0,0.0,0.0,0.0
083C,08,3C,0,0,0,0,0,0,0.0,0.0,0.0,0.0,0.0
083D,08,3D,0,0,0,0,0,0,0.0,0.0,0.0,0.0,0.0
083E,08,3E,0,465,2,463,385,78,inf,0.43010752688172044,99.56989247311829,82.79569892473118,16.7741935483871
083F,08,3F,0,0,0,0,0,0,0.0,0.0,0.0,0.0,0.0
083G,08,3G,0,448,0,448,280,168,inf,0.0,100.0,62.5,37.5
083H,08,3H,0,0,0,0,0,0,0.0,0.0,0.0,0.0,0.0
083I,08,3I,0,502,1,501,255,246,inf,0.199203187250996,99.800796812749,50.79681274900398,49.00398406374502
083J,08,3J,0,541,0,541,265,276,inf,0.0,100.0,48.98336414048059,51.01663585951941
083K,08,3K,0,0,0,0,0,0,0.0,0.0,0.0,0.0,0.0
083L,08,3L,0,0,0,0,0,0,0.0,0.0,0.0,0.0,0.0
083M,08,3M,0,0,0,0,0,0,0.0,0.0,0.0,0.0,0.0
083N,08,3N,0,470,1,469,209,260,inf,0.2127659574468085,99.7872340425532,44.46808510638298,55.319148936170215
083P,08,3P,0,471,2,469,352,117,inf,0.42462845010615713,99.57537154989384,74.73460721868365,24.840764331210192
083Q,08,3Q,0,438,0,438,302,136,inf,0.0,100.0,68.94977168949772,31.05022831050228
083R,08,3R,0,515,0,515,413,102,inf,0.0,100.0,80.19417475728156,19.80582524271845
083S,08,3S,0,0,0,0,0,0,0.0,0.0,0.0,0.0,0.0
084A,08,4A,0,365,1,364,114,250,inf,0.273972602739726,99.72602739726028,31.232876712328768,68.4931506849315
084B,08,4B,0,375,0,375,134,241,inf,0.0,100.0,35.733333333333334,64.26666666666667
084C,08,4C,0,523,0,523,147,376,inf,0.0,100.0,28.107074569789674,71.89292543021033
084D,08,4D,0,0,0,0,0,0,0.0,0.0,0.0,0.0,0.0
084E,08,4E,0,360,0,360,112,248,inf,0.0,100.0,31.11111111111111,68.88888888888889
084F,08,4F,0,421,0,421,106,315,inf,0.0,100.0,25.17814726840855,74.82185273159145
084G,08,4G,0,513,0,513,132,381,inf,0.0,100.0,25.730994152046783,74.26900584795322
084H,08,4H,0,468,4,464,123,341,inf,0.8547008547008548,99.14529914529915,26.282051282051285,72.86324786324786
084I,08,4I,0,498,1,497,110,387,inf,0.2008032128514056,99.79919678714859,22.08835341365462,77.71084337349397
084J,08,4J,0,499,0,499,135,364,inf,0.0,100.0,27.054108216432866,72.94589178356713
084K,08,4K,0,0,0,0,0,0,0.0,0.0,0.0,0.0,0.0
084L,08,4L,0,0,0,0,0,0,0.0,0.0,0.0,0.0,0.0
084M,08,4M,0,0,0,0,0,0,0.0,0.0,0.0,0.0,0.0
084N,08,4N,0,0,0,0,0,0,0.0,0.0,0.0,0.0,0.0
084P,08,4P,0,0,0,0,0,0,0.0,0.0,0.0,0.0,0.0
084Q,08,4Q,0,0,0,0,0,0,0.0,0.0,0.0,0.0,0.0
084R,08,4R,0,0,0,0,0,0,0.0,0.0,0.0,0.0,0.0
084S,08,4S,0,0,0,0,0,0,0.0,0.0,0.0,0.0,0.0
084T,08,4T,0,0,0,0,0,0,0.0,0.0,0.0,0.0,0.0
084U,08,4U,0,0,0,0,0,0,0.0,0.0,0.0,0.0,0.0
084V,08,4V,0,336,0,336,92,244,inf,0.0,100.0,27.380952380952383,72.61904761904762
084W,08,4W,0,0,0,0,0,0,0.0,0.0,0.0,0.0,0.0
084X,08,4X,0,0,0,0,0,0,0.0,0.0,0.0,0.0,0.0
084Y,08,4Y,0,0,0,0,0,0,0.0,0.0,0.0,0.0,0.0
084Z,08,4Z,0,0,0,0,0,0,0.0,0.0,0.0,0.0,0.0
085A,08,5A,0,479,2,477,197,280,inf,0.41753653444676403,99.58246346555325,41.127348643006265,58.455114822546975
085AA,08,5AA,0,0,0,0,0,0,0.0,0.0,0.0,0.0,0.0
085AB,08,5AB,0,0,0,0,0,0,0.0,0.0,0.0,0.0,0.0
085AC,08,5AC,0,0,0,0,0,0,0.0,0.0,0.0,0.0,0.0
085B,08,5B,0,0,0,0,0,0,0.0,0.0,0.0,0.0,0.0
085C,08,5C,0,495,17,478,160,318,inf,3.4343434343434343,96.56565656565657,32.323232323232325,64.24242424242425
085D,08,5D,0,0,0,0,0,0,0.0,0.0,0.0,0.0,0.0
085E,08,5E,0,483,3,480,165,315,inf,0.6211180124223602,99.37888198757764,34.161490683229815,65.21739130434783
085F,08,5F,0,0,0,0,0,0,0.0,0.0,0.0,0.0,0.0
085G,08,5G,0,0,0,0,0,0,0.0,0.0,0.0,0.0,0.0
085H,08,5H,0,0,0,0,0,0,0.0,0.0,0.0,0.0,0.0
085I,08,5I,0,557,3,554,120,434,inf,0.5385996409335727,99.46140035906643,21.543985637342907,77.91741472172352
085J,08,5J,0,471,1,470,111,359,inf,0.21231422505307856,99.78768577494692,23.56687898089172,76.2208067940552
085K,08,5K,0,485,0,485,146,339,inf,0.0,100.0,30.103092783505154,69.89690721649484
085L,08,5L,0,0,0,0,0,0,0.0,0.0,0.0,0.0,0.0
085M,08,5M,0,0,0,0,0,0,0.0,0.0,0.0,0.0,0.0
085N,08,5N,0,491,0,491,122,369,inf,0.0,100.0,24.84725050916497,75.15274949083503
085P,08,5P,0,0,0,0,0,0,0.0,0.0,0.0,0.0,0.0
085Q,08,5Q,0,524,0,524,151,373,inf,0.0,100.0,28.816793893129773,71.18320610687023
085R,08,5R,0,0,0,0,0,0,0.0,0.0,0.0,0.0,0.0
085S,08,5S,0,355,0,355,86,269,inf,0.0,100.0,24.225352112676056,75.77464788732394
085T,08,5T,0,443,0,443,139,304,inf,0.0,100.0,31.376975169300223,68.62302483069978
085U,08,5U,0,304,1,303,99,204,inf,0.3289473684210526,99.67105263157895,32.56578947368421,67.10526315789474
085V,08,5V,0,0,0,0,0,0,0.0,0.0,0.0,0.0,0.0
085W,08,5W,0,0,0,0,0,0,0.0,0.0,0.0,0.0,0.0
085X,08,5X,0,0,0,0,0,0,0.0,0.0,0.0,0.0,0.0
085Y,08,5Y,0,0,0,0,0,0,0.0,0.0,0.0,0.0,0.0
085Z,08,5Z,0,444,3,441,147,294,inf,0.6756756756756757,99.32432432432432,33.108108108108105,66.21621621621621
086A,08,6A,0,452,4,448,120,328,inf,0.8849557522123894,99.11504424778761,26.548672566371685,72.56637168141593
086AA,08,6AA,0,0,0,0,0,0,0.0,0.0,0.0,0.0,0.0
086B,08,6B,0,451,2,449,99,350,inf,0.4434589800443459,99.55654101995566,21.951219512195124,77.60532150776052
086C,08,6C,0,0,0,0,0,0,0.0,0.0,0.0,0.0,0.0
086D,08,6D,0,512,12,500,115,385,inf,2.34375,97.65625,22.4609375,75.1953125
086E,08,6E,0,479,0,479,96,383,inf,0.0,100.0,20.041753653444676,79.95824634655533
086F,08,6F,0,0,0,0,0,0,0.0,0.0,0.0,0.0,0.0
086G,08,6G,0,430,1,429,103,326,inf,0.23255813953488372,99.76744186046511,23.953488372093023,75.81395348837209
086H,08,6H,0,0,0,0,0,0,0.0,0.0,0.0,0.0,0.0
086I,08,6I,0,0,0,0,0,0,0.0,0.0,0.0,0.0,0.0
086J,08,6J,0,502,1,501,126,375,inf,0.199203187250996,99.800796812749,25.099601593625497,74.7011952191235
086K,08,6K,0,0,0,0,0,0,0.0,0.0,0.0,0.0,0.0
086L,08,6L,0,0,0,0,0,0,0.0,0.0,0.0,0.0,0.0
086M,08,6M,0,502,1,501,90,411,inf,0.199203187250996,99.800796812749,17.928286852589643,81.87250996015936
086N,08,6N,0,380,0,380,87,293,inf,0.0,100.0,22.894736842105264,77.10526315789473
086P,08,6P,0,416,0,416,117,299,inf,0.0,100.0,28.125,71.875
086Q,08,6Q,0,0,0,0,0,0,0.0,0.0,0.0,0.0,0.0
086R,08,6R,0,0,0,0,0,0,0.0,0.0,0.0,0.0,0.0
086S,08,6S,0,0,0,0,0,0,0.0,0.0,0.0,0.0,0.0
086T,08,6T,0,426,0,426,95,331,inf,0.0,100.0,22.300469483568076,77.69953051643192
086U,08,6U,0,0,0,0,0,0,0.0,0.0,0.0,0.0,0.0
086V,08,6V,0,0,0,0,0,0,0.0,0.0,0.0,0.0,0.0
086W,08,6W,0,0,0,0,0,0,0.0,0.0,0.0,0.0,0.0
086X,08,6X,0,436,2,434,137,297,inf,0.45871559633027525,99.54128440366972,31.422018348623855,68.11926605504587
086Y,08,6Y,0,0,0,0,0,0,0.0,0.0,0.0,0.0,0.0
086Z,08,6Z,0,371,1,370,80,290,inf,0.2695417789757413,99.73045822102425,21.563342318059302,78.16711590296495
09101,09,101,644,211,1,210,178,32,32.7639751552795,0.47393364928909953,99.52606635071089,84.36018957345972,15.165876777251185
09102,09,102,801,183,0,183,122,61,22.846441947565545,0.0,100.0,66.66666666666666,33.33333333333333
09103,09,103,842,187,1,186,138,48,22.209026128266032,0.53475935828877,99.46524064171123,73.79679144385027,25.668449197860966
09104,09,104,739,170,0,170,134,36,23.00405953991881,0.0,100.0,78.82352941176471,21.176470588235293
09105,09,105,617,152,0,152,109,43,24.635332252836303,0.0,100.0,71.71052631578947,28.289473684210524
09106,09,106,784,190,0,190,159,31,24.23469387755102,0.0,100.0,83.6842105263158,16.315789473684212
09107,09,107,699,161,0,161,123,38,23.032904148783977,0.0,100.0,76.3975155279503,23.60248447204969
09108,09,108,821,193,2,191,152,39,23.50791717417783,1.0362694300518136,98.96373056994818,78.75647668393782,20.207253886010363
09109,09,109,782,212,1,211,164,47,27.10997442455243,0.4716981132075472,99.52830188679245,77.35849056603774,22.169811320754718
09110,09,110,835,164,1,163,111,52,19.64071856287425,0.6097560975609756,99.39024390243902,67.6829268292683,31.70731707317073
09111,09,111,603,139,0,139,123,16,23.0514096185738,0.0,100.0,88.48920863309353,11.510791366906476
09112,09,112,834,176,0,176,140,36,21.103117505995204,0.0,100.0,79.54545454545455,20.454545454545457
09113,09,113,930,238,0,238,182,56,25.591397849462368,0.0,100.0,76.47058823529412,23.52941176470588
09114,09,114,748,166,3,163,113,50,22.192513368983956,1.8072289156626504,98.19277108433735,68.07228915662651,30.120481927710845
09115,09,115,534,62,1,61,21,40,11.610486891385769,1.6129032258064515,98.38709677419355,33.87096774193548,64.51612903225806
09116,09,116,777,102,0,102,48,54,13.127413127413126,0.0,100.0,47.05882352941176,52.94117647058824
09117,09,117,725,96,0,96,49,47,13.241379310344827,0.0,100.0,51.041666666666664,48.95833333333333
09118,09,118,930,148,2,146,84,62,15.913978494623656,1.3513513513513513,98.64864864864865,56.75675675675676,41.891891891891895
09119,09,119,904,202,0,202,106,96,22.345132743362832,0.0,100.0,52.475247524752476,47.524752475247524
09120,09,120,718,140,0,140,84,56,19.498607242339833,0.0,100.0,60.0,40.0
09121,09,121,876,178,0,178,136,42,20.319634703196346,0.0,100.0,76.40449438202246,23.595505617977526
09122,09,122,792,149,0,149,105,44,18.81313131313131,0.0,100.0,70.46979865771812,29.53020134228188
09123,09,123,926,140,0,140,70,70,15.118790496760258,0.0,100.0,50.0,50.0
09124,09,124,875,103,0,103,46,57,11.771428571428572,0.0,100.0,44.66019417475729,55.33980582524271
09125,09,125,929,167,1,166,72,94,17.976318622174382,0.5988023952095809,99.40119760479041,43.11377245508982,56.287425149700596
09126,09,126,876,203,0,203,134,69,23.17351598173516,0.0,100.0,66.00985221674877,33.99014778325123
09127,09,127,978,180,0,180,100,80,18.404907975460123,0.0,100.0,55.55555555555556,44.44444444444444
09128,09,128,932,179,0,179,73,106,19.206008583690988,0.0,100.0,40.78212290502793,59.217877094972074
09129,09,129,858,187,0,187,112,75,21.794871794871796,0.0,100.0,59.893048128342244,40.106951871657756
09130,09,130,931,242,0,242,134,108,25.99355531686359,0.0,100.0,55.371900826446286,44.62809917355372
09131,09,131,1015,163,0,163,100,63,16.059113300492612,0.0,100.0,61.34969325153374,38.65030674846626
09132,09,132,859,170,0,170,65,105,19.79045401629802,0.0,100.0,38.23529411764706,61.76470588235294
09133,09,133,981,156,0,156,50,106,15.902140672782874,0.0,100.0,32.05128205128205,67.94871794871796
09134,09,134,766,172,1,171,115,56,22.45430809399478,0.5813953488372093,99.4186046511628,66.86046511627907,32.55813953488372
09135,09,135,758,121,0,121,59,62,15.963060686015831,0.0,100.0,48.760330578512395,51.2396694214876
09136,09,136,808,159,0,159,90,69,19.67821782178218,0.0,100.0,56.60377358490566,43.39622641509434
09137,09,137,774,135,0,135,62,73,17.441860465116278,0.0,100.0,45.925925925925924,54.074074074074076
09138,09,138,666,105,1,104,68,36,15.765765765765765,0.9523809523809524,99.04761904761905,64.76190476190476,34.285714285714285
09139,09,139,982,225,1,224,140,84,22.912423625254583,0.4444444444444444,99.55555555555556,62.22222222222222,37.333333333333336
09140,09,140,1045,214,2,212,139,73,20.47846889952153,0.9345794392523363,99.06542056074767,64.95327102803739,34.112149532710276
09141,09,141,597,105,0,105,42,63,17.587939698492463,0.0,100.0,40.0,60.0
09142,09,142,840,120,0,120,53,67,14.285714285714285,0.0,100.0,44.166666666666664,55.833333333333336
09143,09,143,979,192,0,192,106,86,19.611848825331972,0.0,100.0,55.208333333333336,44.79166666666667
09201,09,201,907,131,1,130,67,63,14.44321940463065,0.7633587786259541,99.23664122137404,51.14503816793893,48.091603053435115
09202,09,202,890,169,1,168,71,97,18.98876404494382,0.591715976331361,99.40828402366864,42.01183431952663,57.396449704142015
09203,09,203,782,98,0,98,45,53,12.531969309462914,0.0,100.0,45.91836734693878,54.08163265306123
09204,09,204,910,192,0,192,113,79,21.0989010989011,0.0,100.0,58.854166666666664,41.14583333333333
09205,09,205,888,212,0,212,63,149,23.873873873873876,0.0,100.0,29.71698113207547,70.28301886792453
09206,09,206,809,144,1,143,43,100,17.79975278121137,0.6944444444444444,99.30555555555556,29.86111111111111,69.44444444444444
09207,09,207,889,176,0,176,36,140,19.797525309336333,0.0,100.0,20.454545454545457,79.54545454545455
09208,09,208,790,135,3,132,46,86,17.088607594936708,2.2222222222222223,97.77777777777777,34.074074074074076,63.70370370370371
09209,09,209,809,149,0,149,61,88,18.41779975278121,0.0,100.0,40.939597315436245,59.06040268456376
09210,09,210,705,134,0,134,31,103,19.00709219858156,0.0,100.0,23.134328358208954,76.86567164179104
09211,09,211,1161,245,0,245,149,96,21.102497846683892,0.0,100.0,60.816326530612244,39.183673469387756
09212,09,212,943,195,1,194,48,146,20.67868504772004,0.5128205128205128,99.48717948717949,24.615384615384617,74.87179487179488
09213,09,213,982,212,1,211,86,125,21.58859470468432,0.4716981132075472,99.52830188679245,40.56603773584906,58.9622641509434
09214,09,214,685,149,0,149,61,88,21.751824817518248,0.0,100.0,40.939597315436245,59.06040268456376
09215,09,215,727,184,1,183,77,106,25.30949105914718,0.5434782608695652,99.45652173913044,41.84782608695652,57.608695652173914
09216,09,216,861,220,0,220,113,107,25.551684088269454,0.0,100.0,51.36363636363637,48.63636363636364
09217,09,217,999,232,0,232,105,127,23.223223223223226,0.0,100.0,45.258620689655174,54.741379310344826
09218,09,218,1032,169,1,168,89,79,16.375968992248062,0.591715976331361,99.40828402366864,52.662721893491124,46.74556213017752
09219,09,219,629,97,0,97,71,26,15.421303656597773,0.0,100.0,73.19587628865979,26.804123711340207
09220,09,220,871,145,0,145,77,68,16.647531572904708,0.0,100.0,53.103448275862064,46.89655172413793
09221,09,221,653,110,0,110,84,26,16.84532924961715,0.0,100.0,76.36363636363637,23.636363636363637
09222,09,222,615,97,0,97,57,40,15.772357723577235,0.0,100.0,58.76288659793815,41.23711340206185
09223,09,223,818,154,0,154,68,86,18.82640586797066,0.0,100.0,44.15584415584416,55.84415584415584
09224,09,224,931,209,0,209,102,107,22.448979591836736,0.0,100.0,48.803827751196174,51.196172248803826
09225,09,225,770,153,0,153,101,52,19.870129870129873,0.0,100.0,66.01307189542483,33.98692810457516
09226,09,226,827,196,0,196,103,93,23.70012091898428,0.0,100.0,52.55102040816326,47.44897959183674
09227,09,227,856,159,1,158,111,47,18.574766355140188,0.628930817610063,99.37106918238993,69.81132075471697,29.559748427672954
09228,09,228,809,137,0,137,83,54,16.9344870210136,0.0,100.0,60.58394160583942,39.416058394160586
09229,09,229,816,129,0,129,80,49,15.808823529411764,0.0,100.0,62.01550387596899,37.98449612403101
09230,09,230,863,199,0,199,119,80,23.059096176129778,0.0,100.0,59.798994974874375,40.20100502512563
09231,09,231,764,127,1,126,71,55,16.623036649214658,0.7874015748031495,99.21259842519686,55.90551181102362,43.30708661417323
09232,09,232,1012,162,0,162,60,102,16.007905138339922,0.0,100.0,37.03703703703704,62.96296296296296
09233,09,233,1045,176,0,176,106,70,16.842105263157894,0.0,100.0,60.22727272727273,39.77272727272727
09234,09,234,1032,130,0,130,71,59,12.5968992248062,0.0,100.0,54.61538461538461,45.38461538461539
09235,09,235,898,198,0,198,118,80,22.048997772828507,0.0,100.0,59.59595959595959,40.4040404040404
09236,09,236,925,143,1,142,73,69,15.45945945945946,0.6993006993006993,99.3006993006993,51.048951048951054,48.25174825174825
09237,09,237,859,176,1,175,89,86,20.48894062863795,0.5681818181818182,99.43181818181817,50.56818181818182,48.86363636363637
09238,09,238,990,163,0,163,60,103,16.464646464646464,0.0,100.0,36.809815950920246,63.190184049079754
09239,09,239,900,232,0,232,93,139,25.77777777777778,0.0,100.0,40.08620689655172,59.91379310344828
09240,09,240,785,93,0,93,31,62,11.847133757961783,0.0,100.0,33.33333333333333,66.66666666666666
09241,09,241,1039,155,0,155,69,86,14.918190567853706,0.0,100.0,44.516129032258064,55.483870967741936
09301,09,301,996,313,0,313,89,224,31.42570281124498,0.0,100.0,28.434504792332266,71.56549520766772
09302,09,302,856,143,2,141,63,78,16.705607476635514,1.3986013986013985,98.6013986013986,44.05594405594406,54.54545454545454
09303,09,303,1068,182,2,180,91,89,17.04119850187266,1.098901098901099,98.9010989010989,50.0,48.9010989010989
09304,09,304,880,164,0,164,45,119,18.636363636363637,0.0,100.0,27.439024390243905,72.5609756097561
09305,09,305,802,186,0,186,63,123,23.19201995012469,0.0,100.0,33.87096774193548,66.12903225806451
09306,09,306,872,176,1,175,85,90,20.18348623853211,0.5681818181818182,99.43181818181817,48.29545454545455,51.13636363636363
09307,09,307,747,126,0,126,64,62,16.867469879518072,0.0,100.0,50.79365079365079,49.2063492063492
09308,09,308,892,215,2,213,100,113,24.103139013452914,0.9302325581395349,99.06976744186046,46.51162790697674,52.55813953488372
09309,09,309,940,195,2,193,95,98,20.74468085106383,1.0256410256410255,98.97435897435898,48.717948717948715,50.256410256410255
09310,09,310,904,153,0,153,67,86,16.924778761061948,0.0,100.0,43.790849673202615,56.209150326797385
09311,09,311,872,166,1,165,67,98,19.03669724770642,0.6024096385542169,99.3975903614458,40.36144578313253,59.036144578313255
09312,09,312,843,165,0,165,76,89,19.572953736654807,0.0,100.0,46.06060606060606,53.939393939393945
09313,09,313,767,113,1,112,34,78,14.732724902216427,0.8849557522123894,99.11504424778761,30.08849557522124,69.02654867256636
09314,09,314,693,107,1,106,51,55,15.44011544011544,0.9345794392523363,99.06542056074767,47.66355140186916,51.4018691588785
09315,09,315,783,148,0,148,84,64,18.901660280970624,0.0,100.0,56.75675675675676,43.24324324324324
09316,09,316,1065,202,0,202,106,96,18.967136150234744,0.0,100.0,52.475247524752476,47.524752475247524
09317,09,317,903,139,0,139,38,101,15.39313399778516,0.0,100.0,27.33812949640288,72.66187050359713
09318,09,318,760,152,0,152,44,108,20.0,0.0,100.0,28.947368421052634,71.05263157894737
09319,09,319,907,207,0,207,43,164,22.822491730981255,0.0,100.0,20.77294685990338,79.22705314009661
09320,09,320,924,180,0,180,45,135,19.480519480519483,0.0,100.0,25.0,75.0
09321,09,321,747,167,1,166,49,117,22.356091030789827,0.5988023952095809,99.40119760479041,29.34131736526946,70.05988023952095
09322,09,322,916,194,1,193,67,126,21.17903930131004,0.5154639175257731,99.48453608247422,34.5360824742268,64.94845360824742
09323,09,323,841,204,0,204,59,145,24.25683709869203,0.0,100.0,28.921568627450984,71.07843137254902
09324,09,324,857,213,0,213,60,153,24.854142357059512,0.0,100.0,28.169014084507044,71.83098591549296
09325,09,325,857,256,0,256,68,188,29.871645274212366,0.0,100.0,26.5625,73.4375
09326,09,326,1087,249,0,249,71,178,22.907083716651332,0.0,100.0,28.514056224899598,71.4859437751004
09327,09,327,873,219,1,218,44,174,25.085910652920962,0.45662100456621,99.54337899543378,20.091324200913242,79.45205479452055
09328,09,328,805,170,0,170,48,122,21.11801242236025,0.0,100.0,28.235294117647058,71.76470588235294
09329,09,329,734,121,0,121,21,100,16.4850136239782,0.0,100.0,17.355371900826448,82.64462809917356
09330,09,330,743,101,0,101,14,87,13.593539703903096,0.0,100.0,13.861386138613863,86.13861386138613
09331,09,331,798,69,0,69,15,54,8.646616541353383,0.0,100.0,21.73913043478261,78.26086956521739
09332,09,332,1084,76,1,75,20,55,7.011070110701106,1.3157894736842104,98.68421052631578,26.31578947368421,72.36842105263158
09333,09,333,807,170,0,170,25,145,21.065675340768276,0.0,100.0,14.705882352941178,85.29411764705883
09334,09,334,767,126,0,126,25,101,16.427640156453716,0.0,100.0,19.841269841269842,80.15873015873017
09335,09,335,858,238,0,238,45,193,27.73892773892774,0.0,100.0,18.907563025210084,81.09243697478992
09336,09,336,1053,197,0,197,34,163,18.708452041785375,0.0,100.0,17.258883248730964,82.74111675126903
09337,09,337,880,190,1,189,32,157,21.59090909090909,0.5263157894736842,99.47368421052632,16.842105263157894,82.63157894736842
09338,09,338,744,114,1,113,23,90,15.32258064516129,0.8771929824561403,99.12280701754386,20.175438596491226,78.94736842105263
09339,09,339,887,69,0,69,12,57,7.7790304396843295,0.0,100.0,17.391304347826086,82.6086956521739
09340,09,340,798,88,0,88,14,74,11.027568922305765,0.0,100.0,15.909090909090908,84.0909090909091
09341,09,341,887,135,0,135,26,109,15.219842164599775,0.0,100.0,19.25925925925926,80.74074074074075
09401,09,401,1071,246,0,246,64,182,22.969187675070028,0.0,100.0,26.01626016260163,73.98373983739837
09402,09,402,1189,280,0,280,96,184,23.549201009251473,0.0,100.0,34.285714285714285,65.71428571428571
09403,09,403,1018,218,0,218,35,183,21.414538310412574,0.0,100.0,16.055045871559635,83.94495412844036
09404,09,404,837,151,0,151,39,112,18.040621266427717,0.0,100.0,25.82781456953642,74.17218543046357
09405,09,405,810,166,0,166,33,133,20.493827160493826,0.0,100.0,19.879518072289155,80.12048192771084
09406,09,406,793,198,0,198,46,152,24.968474148802017,0.0,100.0,23.232323232323232,76.76767676767676
09407,09,407,866,227,0,227,58,169,26.212471131639724,0.0,100.0,25.55066079295154,74.44933920704845
09408,09,408,857,166,0,166,39,127,19.369894982497083,0.0,100.0,23.49397590361446,76.50602409638554
09409,09,409,792,216,0,216,63,153,27.27272727272727,0.0,100.0,29.166666666666668,70.83333333333334
09410,09,410,715,158,0,158,48,110,22.097902097902097,0.0,100.0,30.37974683544304,69.62025316455697
09411,09,411,399,143,0,143,32,111,35.83959899749373,0.0,100.0,22.377622377622377,77.62237762237763
09412,09,412,882,242,1,241,71,170,27.43764172335601,0.4132231404958678,99.58677685950413,29.338842975206614,70.24793388429752
09413,09,413,772,274,0,274,68,206,35.49222797927461,0.0,100.0,24.817518248175183,75.18248175182481
09414,09,414,754,138,1,137,48,89,18.30238726790451,0.7246376811594203,99.27536231884058,34.78260869565217,64.4927536231884
09415,09,415,922,196,1,195,66,129,21.25813449023861,0.5102040816326531,99.48979591836735,33.6734693877551,65.81632653061224
09416,09,416,895,224,0,224,82,142,25.027932960893857,0.0,100.0,36.607142857142854,63.39285714285714
09417,09,417,1465,254,0,254,94,160,17.33788395904437,0.0,100.0,37.00787401574803,62.99212598425197
09418,09,418,1451,306,0,306,166,140,21.088904203997245,0.0,100.0,54.248366013071895,45.751633986928105
09419,09,419,829,160,1,159,45,114,19.300361881785282,0.625,99.375,28.125,71.25
09420,09,420,802,121,0,121,48,73,15.087281795511224,0.0,100.0,39.66942148760331,60.33057851239669
09421,09,421,754,119,0,119,52,67,15.782493368700266,0.0,100.0,43.69747899159664,56.30252100840336
09422,09,422,764,157,0,157,85,72,20.54973821989529,0.0,100.0,54.14012738853503,45.85987261146497
09423,09,423,846,173,0,173,80,93,20.44917257683215,0.0,100.0,46.24277456647399,53.75722543352601
09424,09,424,887,99,0,99,41,58,11.161217587373168,0.0,100.0,41.41414141414141,58.58585858585859
09425,09,425,917,145,1,144,35,109,15.812431842966193,0.6896551724137931,99.3103448275862,24.137931034482758,75.17241379310344
09426,09,426,897,187,0,187,100,87,20.84726867335563,0.0,100.0,53.475935828877006,46.524064171122994
09427,09,427,760,173,0,173,101,72,22.763157894736842,0.0,100.0,58.38150289017341,41.61849710982659
09428,09,428,906,168,0,168,89,79,18.543046357615893,0.0,100.0,52.976190476190474,47.023809523809526
09429,09,429,975,175,0,175,85,90,17.94871794871795,0.0,100.0,48.57142857142857,51.42857142857142
09430,09,430,879,140,0,140,68,72,15.927189988623436,0.0,100.0,48.57142857142857,51.42857142857142
09431,09,431,1240,236,0,236,110,126,19.032258064516128,0.0,100.0,46.61016949152542,53.38983050847458
09432,09,432,865,200,0,200,113,87,23.121387283236995,0.0,100.0,56.49999999999999,43.5
09433,09,433,897,190,0,190,93,97,21.181716833890746,0.0,100.0,48.94736842105264,51.05263157894737
09434,09,434,1041,138,0,138,55,83,13.256484149855908,0.0,100.0,39.85507246376812,60.14492753623188
09435,09,435,867,129,0,129,65,64,14.878892733564014,0.0,100.0,50.3875968992248,49.6124031007752
09436,09,436,946,230,2,228,116,112,24.312896405919663,0.8695652173913043,99.1304347826087,50.43478260869565,48.69565217391305
09437,09,437,895,186,0,186,99,87,20.782122905027933,0.0,100.0,53.2258064516129,46.774193548387096
09438,09,438,1036,255,0,255,72,183,24.613899613899616,0.0,100.0,28.235294117647058,71.76470588235294
09439,09,439,983,238,2,236,100,136,24.211597151576804,0.8403361344537815,99.15966386554622,42.016806722689076,57.14285714285714
09440,09,440,836,80,0,80,22,58,9.569377990430622,0.0,100.0,27.500000000000004,72.5
09501,09,501,889,230,1,229,139,90,25.871766029246345,0.43478260869565216,99.56521739130434,60.43478260869565,39.130434782608695
09502,09,502,853,154,1,153,38,115,18.053927315357562,0.6493506493506493,99.35064935064936,24.675324675324674,74.67532467532467
09503,09,503,888,161,1,160,61,99,18.13063063063063,0.6211180124223602,99.37888198757764,37.88819875776397,61.49068322981367
09504,09,504,906,165,1,164,48,116,18.211920529801322,0.6060606060606061,99.39393939393939,29.09090909090909,70.3030303030303
09505,09,505,932,133,0,133,40,93,14.27038626609442,0.0,100.0,30.075187969924812,69.92481203007519
09506,09,506,893,145,0,145,34,111,16.23740201567749,0.0,100.0,23.448275862068964,76.55172413793103
09507,09,507,761,157,2,155,49,106,20.630749014454665,1.2738853503184715,98.72611464968153,31.210191082802545,67.51592356687898
09508,09,508,803,162,1,161,63,98,20.17434620174346,0.6172839506172839,99.38271604938271,38.88888888888889,60.49382716049383
09509,09,509,1040,184,2,182,47,135,17.692307692307693,1.0869565217391304,98.91304347826086,25.543478260869566,73.36956521739131
09510,09,510,858,153,2,151,50,101,17.832167832167833,1.3071895424836601,98.69281045751634,32.6797385620915,66.01307189542483
09511,09,511,889,154,0,154,68,86,17.322834645669293,0.0,100.0,44.15584415584416,55.84415584415584
09512,09,512,859,144,1,143,43,100,16.763678696158323,0.6944444444444444,99.30555555555556,29.86111111111111,69.44444444444444
09513,09,513,813,125,0,125,50,75,15.375153751537516,0.0,100.0,40.0,60.0
09514,09,514,770,105,0,105,55,50,13.636363636363635,0.0,100.0,52.38095238095239,47.61904761904761
09515,09,515,848,168,0,168,70,98,19.81132075471698,0.0,100.0,41.66666666666667,58.333333333333336
09516,09,516,951,228,0,228,49,179,23.974763406940063,0.0,100.0,21.49122807017544,78.50877192982456
09517,09,517,900,186,2,184,66,118,20.666666666666668,1.0752688172043012,98.9247311827957,35.483870967741936,63.44086021505376
09518,09,518,950,261,2,259,55,204,27.473684210526315,0.7662835249042145,99.23371647509579,21.0727969348659,78.16091954022988
09519,09,519,928,193,1,192,72,120,20.79741379310345,0.5181347150259068,99.48186528497409,37.30569948186528,62.17616580310881
09520,09,520,1096,163,1,162,49,113,14.872262773722628,0.6134969325153374,99.38650306748467,30.061349693251532,69.32515337423312
09521,09,521,869,148,0,148,33,115,17.03107019562716,0.0,100.0,22.2972972972973,77.7027027027027
09522,09,522,902,166,0,166,45,121,18.403547671840354,0.0,100.0,27.10843373493976,72.89156626506023
09523,09,523,951,140,1,139,43,96,14.721345951629864,0.7142857142857143,99.28571428571429,30.714285714285715,68.57142857142857
09524,09,524,762,182,1,181,56,125,23.88451443569554,0.5494505494505495,99.45054945054946,30.76923076923077,68.68131868131869
09525,09,525,931,206,0,206,71,135,22.12674543501611,0.0,100.0,34.46601941747573,65.53398058252428
09526,09,526,882,188,0,188,49,139,21.31519274376417,0.0,100.0,26.063829787234045,73.93617021276596
09527,09,527,895,213,2,211,64,147,23.798882681564244,0.9389671361502347,99.06103286384976,30.046948356807512,69.01408450704226
09528,09,528,967,280,1,279,55,224,28.955532574974146,0.35714285714285715,99.64285714285714,19.642857142857142,80.0
09529,09,529,915,247,1,246,53,193,26.994535519125684,0.4048582995951417,99.59514170040485,21.45748987854251,78.13765182186235
09530,09,530,901,233,0,233,42,191,25.86015538290788,0.0,100.0,18.025751072961373,81.97424892703863
09531,09,531,1055,254,1,253,41,212,24.075829383886255,0.39370078740157477,99.60629921259843,16.141732283464567,83.46456692913385
09532,09,532,829,169,0,169,47,122,20.386007237635706,0.0,100.0,27.810650887573964,72.18934911242604
09533,09,533,798,127,0,127,28,99,15.914786967418545,0.0,100.0,22.04724409448819,77.95275590551181
09601,09,601,830,185,0,185,130,55,22.289156626506024,0.0,100.0,70.27027027027027,29.72972972972973
09602,09,602,836,213,0,213,56,157,25.478468899521534,0.0,100.0,26.291079812206576,73.70892018779342
09603,09,603,927,248,1,247,92,155,26.7529665587918,0.4032258064516129,99.59677419354838,37.096774193548384,62.5
09604,09,604,768,178,0,178,68,110,23.177083333333336,0.0,100.0,38.20224719101123,61.79775280898876
09605,09,605,877,173,0,173,100,73,19.726339794754846,0.0,100.0,57.80346820809249,42.19653179190752
09606,09,606,981,230,0,230,93,137,23.44546381243629,0.0,100.0,40.43478260869565,59.56521739130435
09607,09,607,757,112,0,112,31,81,14.795244385733158,0.0,100.0,27.67857142857143,72.32142857142857
09608,09,608,1016,225,0,225,72,153,22.14566929133858,0.0,100.0,32.0,68.0
09609,09,609,808,121,0,121,41,80,14.975247524752474,0.0,100.0,33.88429752066116,66.11570247933885
09610,09,610,930,205,0,205,105,100,22.043010752688172,0.0,100.0,51.21951219512195,48.78048780487805
09611,09,611,1048,340,1,339,142,197,32.44274809160305,0.29411764705882354,99.70588235294117,41.76470588235294,57.94117647058824
09612,09,612,834,225,0,225,95,130,26.978417266187048,0.0,100.0,42.22222222222222,57.77777777777777
09613,09,613,947,217,0,217,109,108,22.914466737064416,0.0,100.0,50.23041474654379,49.76958525345622
09614,09,614,1047,191,1,190,81,109,18.242597898758355,0.5235602094240838,99.47643979057592,42.40837696335078,57.06806282722513
09615,09,615,826,161,0,161,71,90,19.491525423728813,0.0,100.0,44.099378881987576,55.90062111801242
09616,09,616,861,199,1,198,112,86,23.11265969802555,0.5025125628140703,99.49748743718592,56.28140703517588,43.21608040201005
09617,09,617,991,197,1,196,88,108,19.87891019172553,0.5076142131979695,99.49238578680203,44.67005076142132,54.82233502538071
09618,09,618,971,254,0,254,106,148,26.15859938208033,0.0,100.0,41.732283464566926,58.26771653543307
09619,09,619,875,165,1,164,70,94,18.857142857142858,0.6060606060606061,99.39393939393939,42.42424242424242,56.96969696969697
09620,09,620,1039,239,0,239,113,126,23.00288739172281,0.0,100.0,47.28033472803347,52.719665271966534
09621,09,621,885,162,0,162,88,74,18.305084745762713,0.0,100.0,54.32098765432099,45.67901234567901
09622,09,622,935,277,1,276,163,113,29.62566844919786,0.36101083032490977,99.63898916967509,58.844765342960294,40.794223826714806
09623,09,623,977,255,1,254,132,122,26.10030706243603,0.39215686274509803,99.6078431372549,51.76470588235295,47.84313725490196
09624,09,624,987,224,1,223,105,118,22.69503546099291,0.4464285714285714,99.55357142857143,46.875,52.67857142857143
09625,09,625,852,217,0,217,122,95,25.46948356807512,0.0,100.0,56.22119815668203,43.77880184331797
09626,09,626,937,282,0,282,156,126,30.096051227321237,0.0,100.0,55.319148936170215,44.680851063829785
09627,09,627,962,194,0,194,105,89,20.16632016632017,0.0,100.0,54.123711340206185,45.876288659793815
09628,09,628,824,250,2,248,120,128,30.339805825242717,0.8,99.2,48.0,51.2
09629,09,629,1046,218,2,216,81,135,20.84130019120459,0.9174311926605505,99.08256880733946,37.15596330275229,61.92660550458715
09630,09,630,899,237,0,237,64,173,26.362625139043384,0.0,100.0,27.004219409282697,72.9957805907173
09631,09,631,811,207,0,207,67,140,25.524044389642413,0.0,100.0,32.367149758454104,67.6328502415459
09632,09,632,881,233,0,233,71,162,26.4472190692395,0.0,100.0,30.472103004291846,69.52789699570815
09633,09,633,953,268,0,268,97,171,28.12172088142707,0.0,100.0,36.19402985074627,63.80597014925373
09634,09,634,1002,214,0,214,68,146,21.35728542914172,0.0,100.0,31.775700934579437,68.22429906542055
09635,09,635,1460,384,0,384,119,265,26.301369863013697,0.0,100.0,30.989583333333332,69.01041666666666
09636,09,636,994,262,0,262,82,180,26.358148893360163,0.0,100.0,31.297709923664126,68.70229007633588
091A,09,1A,0,515,9,506,399,107,inf,1.7475728155339807,98.25242718446601,77.47572815533981,20.776699029126213
091B,09,1B,0,275,1,274,208,66,inf,0.36363636363636365,99.63636363636364,75.63636363636364,24.0
091C,09,1C,0,364,0,364,277,87,inf,0.0,100.0,76.0989010989011,23.9010989010989
091D,09,1D,0,299,0,299,230,69,inf,0.0,100.0,76.92307692307693,23.076923076923077
091E,09,1E,0,275,2,273,220,53,inf,0.7272727272727273,99.27272727272727,80.0,19.272727272727273
091F,09,1F,0,416,0,416,297,119,inf,0.0,100.0,71.39423076923077,28.60576923076923
091G,09,1G,0,187,1,186,101,85,inf,0.53475935828877,99.46524064171123,54.01069518716578,45.45454545454545
091H,09,1H,0,210,1,209,100,109,inf,0.4761904761904762,99.52380952380952,47.61904761904761,51.90476190476191
091I,09,1I,0,222,0,222,125,97,inf,0.0,100.0,56.30630630630631,43.69369369369369
091J,09,1J,0,220,1,219,115,104,inf,0.45454545454545453,99.54545454545455,52.27272727272727,47.27272727272727
091K,09,1K,0,230,0,230,101,129,inf,0.0,100.0,43.913043478260875,56.086956521739125
091L,09,1L,0,199,3,196,105,91,inf,1.507537688442211,98.49246231155779,52.76381909547738,45.7286432160804
091M,09,1M,0,271,0,271,199,72,inf,0.0,100.0,73.43173431734317,26.56826568265683
091N,09,1N,0,294,0,294,168,126,inf,0.0,100.0,57.14285714285714,42.857142857142854
091P,09,1P,0,208,1,207,115,92,inf,0.4807692307692308,99.51923076923077,55.28846153846154,44.230769230769226
091Q,09,1Q,0,309,1,308,181,127,inf,0.3236245954692557,99.67637540453075,58.57605177993528,41.10032362459547
091R,09,1R,0,444,8,436,112,324,inf,1.8018018018018018,98.1981981981982,25.225225225225223,72.97297297297297
091S,09,1S,0,346,0,346,257,89,inf,0.0,100.0,74.27745664739885,25.722543352601157
091T,09,1T,0,161,0,161,79,82,inf,0.0,100.0,49.06832298136646,50.931677018633536
091U,09,1U,0,345,0,345,217,128,inf,0.0,100.0,62.89855072463768,37.10144927536232
091V,09,1V,0,243,0,243,123,120,inf,0.0,100.0,50.617283950617285,49.382716049382715
092A,09,2A,0,373,0,373,158,215,inf,0.0,100.0,42.35924932975871,57.64075067024129
092B,09,2B,0,194,1,193,66,127,inf,0.5154639175257731,99.48453608247422,34.02061855670103,65.4639175257732
092C,09,2C,0,307,1,306,85,221,inf,0.32573289902280134,99.6742671009772,27.68729641693811,71.9869706840391
092D,09,2D,0,162,2,160,73,87,inf,1.2345679012345678,98.76543209876543,45.06172839506173,53.70370370370371
092E,09,2E,0,325,0,325,147,178,inf,0.0,100.0,45.230769230769226,54.769230769230774
092F,09,2F,0,231,0,231,109,122,inf,0.0,100.0,47.18614718614719,52.81385281385281
092G,09,2G,0,249,0,249,122,127,inf,0.0,100.0,48.99598393574297,51.00401606425703
092H,09,2H,0,388,0,388,153,235,inf,0.0,100.0,39.43298969072165,60.567010309278345
092I,09,2I,0,284,7,277,119,158,inf,2.464788732394366,97.53521126760563,41.901408450704224,55.633802816901415
092J,09,2J,0,245,1,244,134,110,inf,0.40816326530612246,99.59183673469387,54.69387755102041,44.89795918367347
092K,09,2K,0,266,2,264,135,129,inf,0.7518796992481203,99.24812030075188,50.75187969924813,48.49624060150376
092L,09,2L,0,313,0,313,110,203,inf,0.0,100.0,35.14376996805112,64.85623003194888
092M,09,2M,0,186,1,185,87,98,inf,0.5376344086021506,99.46236559139786,46.774193548387096,52.68817204301075
092N,09,2N,0,311,1,310,151,159,inf,0.3215434083601286,99.67845659163987,48.55305466237942,51.12540192926045
092P,09,2P,0,261,3,258,163,95,inf,1.1494252873563218,98.85057471264368,62.45210727969349,36.39846743295019
092Q,09,2Q,0,227,3,224,114,110,inf,1.3215859030837005,98.6784140969163,50.22026431718062,48.458149779735685
092R,09,2R,0,248,0,248,162,86,inf,0.0,100.0,65.32258064516128,34.67741935483871
092S,09,2S,0,174,0,174,112,62,inf,0.0,100.0,64.36781609195403,35.63218390804598
092T,09,2T,0,261,0,261,162,99,inf,0.0,100.0,62.06896551724138,37.93103448275862
092U,09,2U,0,198,2,196,125,71,inf,1.0101010101010102,98.98989898989899,63.13131313131313,35.858585858585855
092V,09,2V,0,211,0,211,137,74,inf,0.0,100.0,64.92890995260665,35.07109004739337
093A,09,3A,0,262,0,262,89,173,inf,0.0,100.0,33.969465648854964,66.03053435114504
093B,09,3B,0,254,3,251,131,120,inf,1.1811023622047243,98.81889763779527,51.574803149606296,47.24409448818898
093C,09,3C,0,251,0,251,115,136,inf,0.0,100.0,45.81673306772908,54.18326693227091
093D,09,3D,0,296,1,295,111,184,inf,0.33783783783783783,99.66216216216216,37.5,62.16216216216216
093E,09,3E,0,184,0,184,95,89,inf,0.0,100.0,51.63043478260869,48.369565217391305
093F,09,3F,0,243,1,242,108,134,inf,0.411522633744856,99.58847736625515,44.44444444444444,55.144032921810705
093G,09,3G,0,239,0,239,132,107,inf,0.0,100.0,55.23012552301255,44.76987447698745
093H,09,3H,0,385,1,384,217,167,inf,0.2597402597402597,99.74025974025975,56.36363636363636,43.37662337662337
093I,09,3I,0,318,0,318,94,224,inf,0.0,100.0,29.559748427672954,70.44025157232704
093J,09,3J,0,284,0,284,85,199,inf,0.0,100.0,29.929577464788732,70.07042253521126
093K,09,3K,0,335,0,335,104,231,inf,0.0,100.0,31.044776119402982,68.95522388059702
093L,09,3L,0,353,0,353,99,254,inf,0.0,100.0,28.04532577903683,71.95467422096317
093M,09,3M,0,388,2,386,110,276,inf,0.5154639175257731,99.48453608247422,28.350515463917525,71.1340206185567
093N,09,3N,0,281,1,280,82,198,inf,0.3558718861209964,99.644128113879,29.181494661921707,70.46263345195729
093P,09,3P,0,173,0,173,52,121,inf,0.0,100.0,30.057803468208093,69.94219653179191
093Q,09,3Q,0,181,4,177,47,130,inf,2.209944751381215,97.79005524861878,25.96685082872928,71.8232044198895
093R,09,3R,0,269,5,264,37,227,inf,1.858736059479554,98.14126394052045,13.754646840148698,84.38661710037175
093S,09,3S,0,286,4,282,81,201,inf,1.3986013986013985,98.6013986013986,28.321678321678323,70.27972027972028
093T,09,3T,0,187,1,186,38,148,inf,0.53475935828877,99.46524064171123,20.32085561497326,79.14438502673798
093U,09,3U,0,74,0,74,27,47,inf,0.0,100.0,36.486486486486484,63.51351351351351
093V,09,3V,0,144,0,144,28,116,inf,0.0,100.0,19.444444444444446,80.55555555555556
094A,09,4A,0,328,0,328,70,258,inf,0.0,100.0,21.341463414634145,78.65853658536585
094B,09,4B,0,399,3,396,70,326,inf,0.7518796992481203,99.24812030075188,17.543859649122805,81.70426065162907
094C,09,4C,0,356,0,356,95,261,inf,0.0,100.0,26.685393258426966,73.31460674157303
094D,09,4D,0,350,2,348,90,258,inf,0.5714285714285714,99.42857142857143,25.71428571428571,73.71428571428571
094E,09,4E,0,333,3,330,100,230,inf,0.9009009009009009,99.09909909909909,30.03003003003003,69.06906906906907
094F,09,4F,0,300,0,300,117,183,inf,0.0,100.0,39.0,61.0
094G,09,4G,0,193,1,192,60,132,inf,0.5181347150259068,99.48186528497409,31.088082901554404,68.39378238341969
094H,09,4H,0,333,1,332,157,175,inf,0.3003003003003003,99.69969969969969,47.147147147147145,52.552552552552555
094I,09,4I,0,363,2,361,149,212,inf,0.5509641873278237,99.44903581267218,41.04683195592286,58.40220385674931
094J,09,4J,0,244,0,244,106,138,inf,0.0,100.0,43.44262295081967,56.557377049180324
094K,09,4K,0,362,0,362,179,183,inf,0.0,100.0,49.447513812154696,50.552486187845304
094L,09,4L,0,165,0,165,72,93,inf,0.0,100.0,43.63636363636363,56.36363636363636
094M,09,4M,0,173,2,171,86,85,inf,1.1560693641618496,98.84393063583815,49.71098265895954,49.13294797687861
094N,09,4N,0,269,0,269,127,142,inf,0.0,100.0,47.21189591078067,52.78810408921933
094P,09,4P,0,194,1,193,123,70,inf,0.5154639175257731,99.48453608247422,63.4020618556701,36.08247422680412
094Q,09,4Q,0,355,2,353,182,171,inf,0.5633802816901409,99.43661971830986,51.267605633802816,48.16901408450705
094R,09,4R,0,343,7,336,142,194,inf,2.0408163265306123,97.95918367346938,41.39941690962099,56.559766763848394
094S,09,4S,0,319,7,312,159,153,inf,2.19435736677116,97.80564263322884,49.843260188087775,47.96238244514107
094T,09,4T,0,341,1,340,195,145,inf,0.2932551319648094,99.70674486803519,57.18475073313783,42.52199413489736
094U,09,4U,0,209,0,209,119,90,inf,0.0,100.0,56.9377990430622,43.0622009569378
095A,09,5A,0,221,0,221,129,92,inf,0.0,100.0,58.371040723981906,41.6289592760181
095B,09,5B,0,198,4,194,87,107,inf,2.0202020202020203,97.97979797979798,43.93939393939394,54.04040404040404
095C,09,5C,0,288,0,288,121,167,inf,0.0,100.0,42.01388888888889,57.986111111111114
095D,09,5D,0,205,0,205,66,139,inf,0.0,100.0,32.19512195121951,67.8048780487805
095E,09,5E,0,322,0,322,105,217,inf,0.0,100.0,32.608695652173914,67.3913043478261
095F,09,5F,0,304,0,304,84,220,inf,0.0,100.0,27.631578947368425,72.36842105263158
095G,09,5G,0,284,0,284,74,210,inf,0.0,100.0,26.056338028169012,73.94366197183099
095H,09,5H,0,351,1,350,87,263,inf,0.2849002849002849,99.71509971509973,24.786324786324787,74.92877492877493
095I,09,5I,0,176,0,176,67,109,inf,0.0,100.0,38.06818181818182,61.93181818181818
095J,09,5J,0,364,9,355,98,257,inf,2.4725274725274726,97.52747252747253,26.923076923076923,70.6043956043956
095K,09,5K,0,220,0,220,69,151,inf,0.0,100.0,31.363636363636367,68.63636363636364
095L,09,5L,0,189,1,188,68,120,inf,0.5291005291005291,99.47089947089947,35.978835978835974,63.49206349206349
095M,09,5M,0,228,0,228,105,123,inf,0.0,100.0,46.05263157894737,53.94736842105263
095N,09,5N,0,213,4,209,70,139,inf,1.8779342723004695,98.12206572769952,32.863849765258216,65.25821596244131
095P,09,5P,0,206,3,203,87,116,inf,1.4563106796116505,98.54368932038835,42.23300970873786,56.310679611650485
095Q,09,5Q,0,287,0,287,191,96,inf,0.0,100.0,66.55052264808361,33.44947735191638
095R,09,5R,0,144,0,144,45,99,inf,0.0,100.0,31.25,68.75
096A,09,6A,0,370,0,370,138,232,inf,0.0,100.0,37.2972972972973,62.70270270270271
096B,09,6B,0,323,1,322,108,214,inf,0.30959752321981426,99.69040247678018,33.43653250773993,66.25386996904025
096C,09,6C,0,293,0,293,148,145,inf,0.0,100.0,50.51194539249146,49.48805460750853
096D,09,6D,0,227,0,227,95,132,inf,0.0,100.0,41.85022026431718,58.14977973568281
096E,09,6E,0,204,0,204,99,105,inf,0.0,100.0,48.529411764705884,51.470588235294116
096F,09,6F,0,287,0,287,136,151,inf,0.0,100.0,47.386759581881535,52.613240418118465
096G,09,6G,0,337,0,337,169,168,inf,0.0,100.0,50.14836795252226,49.85163204747774
096H,09,6H,0,318,0,318,165,153,inf,0.0,100.0,51.886792452830186,48.113207547169814
096I,09,6I,0,334,2,332,138,194,inf,0.5988023952095809,99.40119760479041,41.31736526946108,58.08383233532935
096J,09,6J,0,321,0,321,148,173,inf,0.0,100.0,46.10591900311526,53.89408099688473
096K,09,6K,0,221,0,221,91,130,inf,0.0,100.0,41.17647058823529,58.82352941176471
096L,09,6L,0,327,0,327,184,143,inf,0.0,100.0,56.269113149847094,43.730886850152906
096M,09,6M,0,335,0,335,186,149,inf,0.0,100.0,55.52238805970149,44.47761194029851
096N,09,6N,0,260,1,259,112,147,inf,0.38461538461538464,99.61538461538461,43.07692307692308,56.53846153846154
096P,09,6P,0,375,0,375,113,262,inf,0.0,100.0,30.133333333333333,69.86666666666666
096Q,09,6Q,0,354,0,354,123,231,inf,0.0,100.0,34.74576271186441,65.2542372881356
096R,09,6R,0,397,1,396,127,269,inf,0.2518891687657431,99.74811083123426,31.98992443324937,67.75818639798489
096S,09,6S,0,287,0,287,101,186,inf,0.0,100.0,35.19163763066202,64.80836236933798
10101,10,101,1348,148,0,148,28,120,10.979228486646884,0.0,100.0,18.91891891891892,81.08108108108108
10102,10,102,1344,194,0,194,56,138,14.434523809523808,0.0,100.0,28.865979381443296,71.1340206185567
10103,10,103,1172,133,2,131,47,84,11.348122866894197,1.5037593984962405,98.49624060150376,35.338345864661655,63.1578947368421
10104,10,104,1321,179,0,179,40,139,13.550340651021953,0.0,100.0,22.3463687150838,77.6536312849162
10105,10,105,1198,186,1,185,40,145,15.525876460767945,0.5376344086021506,99.46236559139786,21.50537634408602,77.95698924731182
10106,10,106,1219,151,1,150,38,112,12.387202625102542,0.6622516556291391,99.33774834437085,25.165562913907287,74.17218543046357
10107,10,107,1288,156,0,156,33,123,12.111801242236025,0.0,100.0,21.153846153846153,78.84615384615384
10108,10,108,1301,119,1,118,25,93,9.146810146041506,0.8403361344537815,99.15966386554622,21.008403361344538,78.15126050420169
10109,10,109,1353,163,0,163,40,123,12.04730229120473,0.0,100.0,24.539877300613497,75.4601226993865
10110,10,110,1344,149,0,149,50,99,11.086309523809524,0.0,100.0,33.557046979865774,66.44295302013423
10111,10,111,1135,139,0,139,31,108,12.246696035242291,0.0,100.0,22.302158273381295,77.6978417266187
10112,10,112,1062,119,0,119,30,89,11.20527306967985,0.0,100.0,25.210084033613445,74.78991596638656
10113,10,113,1148,154,2,152,31,121,13.414634146341465,1.2987012987012987,98.7012987012987,20.12987012987013,78.57142857142857
10114,10,114,1582,145,1,144,38,106,9.165613147914033,0.6896551724137931,99.3103448275862,26.20689655172414,73.10344827586206
10115,10,115,1271,170,0,170,34,136,13.375295043273013,0.0,100.0,20.0,80.0
10116,10,116,1125,132,0,132,30,102,11.733333333333333,0.0,100.0,22.727272727272727,77.27272727272727
10117,10,117,1267,156,1,155,40,115,12.312549329123915,0.641025641025641,99.35897435897436,25.64102564102564,73.71794871794873
10118,10,118,1247,258,0,258,52,206,20.689655172413794,0.0,100.0,20.155038759689923,79.84496124031007
10119,10,119,1238,245,0,245,44,201,19.789983844911145,0.0,100.0,17.959183673469386,82.0408163265306
10120,10,120,1149,110,0,110,31,79,9.573542210617928,0.0,100.0,28.18181818181818,71.81818181818181
10121,10,121,1275,189,2,187,51,136,14.823529411764705,1.0582010582010581,98.94179894179894,26.984126984126984,71.95767195767195
10122,10,122,1235,181,0,181,41,140,14.65587044534413,0.0,100.0,22.65193370165746,77.34806629834254
10123,10,123,1223,156,0,156,35,121,12.755519215044972,0.0,100.0,22.435897435897438,77.56410256410257
10124,10,124,1163,121,0,121,34,87,10.404127257093723,0.0,100.0,28.09917355371901,71.900826446281
10125,10,125,1185,100,0,100,18,82,8.438818565400844,0.0,100.0,18.0,82.0
10201,10,201,1623,238,0,238,72,166,14.664202094886015,0.0,100.0,30.252100840336134,69.74789915966386
10202,10,202,1300,149,1,148,56,92,11.461538461538462,0.6711409395973155,99.32885906040269,37.58389261744966,61.74496644295302
10203,10,203,1184,163,1,162,42,120,13.766891891891891,0.6134969325153374,99.38650306748467,25.766871165644172,73.61963190184049
10204,10,204,1153,142,0,142,29,113,12.315698178664354,0.0,100.0,20.422535211267608,79.5774647887324
10205,10,205,1140,134,0,134,36,98,11.75438596491228,0.0,100.0,26.865671641791046,73.13432835820896
10206,10,206,1148,150,0,150,42,108,13.066202090592336,0.0,100.0,28.000000000000004,72.0
10207,10,207,1215,169,0,169,47,122,13.909465020576132,0.0,100.0,27.810650887573964,72.18934911242604
10208,10,208,1299,201,1,200,47,153,15.473441108545035,0.4975124378109453,99.50248756218906,23.383084577114428,76.11940298507463
10209,10,209,1338,185,0,185,36,149,13.82660687593423,0.0,100.0,19.45945945945946,80.54054054054053
10210,10,210,1367,194,0,194,40,154,14.191660570592537,0.0,100.0,20.618556701030926,79.38144329896907
10211,10,211,1362,242,0,242,60,182,17.76798825256975,0.0,100.0,24.793388429752067,75.20661157024794
10212,10,212,1310,148,1,147,42,105,11.297709923664122,0.6756756756756757,99.32432432432432,28.37837837837838,70.94594594594594
10213,10,213,1315,168,0,168,45,123,12.775665399239545,0.0,100.0,26.785714285714285,73.21428571428571
10214,10,214,1335,160,1,159,33,126,11.985018726591761,0.625,99.375,20.625,78.75
10215,10,215,1319,172,0,172,46,126,13.040181956027293,0.0,100.0,26.744186046511626,73.25581395348837
10216,10,216,1100,157,0,157,54,103,14.272727272727273,0.0,100.0,34.394904458598724,65.60509554140127
10217,10,217,1231,210,0,210,50,160,17.059301380991066,0.0,100.0,23.809523809523807,76.19047619047619
10218,10,218,1156,216,1,215,66,149,18.685121107266436,0.4629629629629629,99.53703703703704,30.555555555555557,68.98148148148148
10219,10,219,1124,221,0,221,66,155,19.661921708185055,0.0,100.0,29.86425339366516,70.13574660633483
10220,10,220,1163,212,0,212,66,146,18.22871883061049,0.0,100.0,31.132075471698112,68.86792452830188
10221,10,221,1127,215,0,215,54,161,19.077196095829635,0.0,100.0,25.116279069767444,74.88372093023256
10222,10,222,1128,169,1,168,36,132,14.9822695035461,0.591715976331361,99.40828402366864,21.301775147928996,78.10650887573965
10223,10,223,1123,160,0,160,49,111,14.247551202137132,0.0,100.0,30.625000000000004,69.375
10224,10,224,1067,156,0,156,28,128,14.620431115276475,0.0,100.0,17.94871794871795,82.05128205128204
10225,10,225,1197,190,0,190,48,142,15.873015873015872,0.0,100.0,25.263157894736842,74.73684210526315
10226,10,226,1160,156,1,155,37,118,13.448275862068964,0.641025641025641,99.35897435897436,23.717948717948715,75.64102564102564
10227,10,227,1141,119,1,118,30,88,10.429447852760736,0.8403361344537815,99.15966386554622,25.210084033613445,73.94957983193278
10301,10,301,1475,145,0,145,30,115,9.830508474576272,0.0,100.0,20.689655172413794,79.3103448275862
10302,10,302,1438,151,0,151,40,111,10.500695410292073,0.0,100.0,26.490066225165563,73.50993377483444
10303,10,303,1496,136,1,135,28,107,9.090909090909092,0.7352941176470588,99.26470588235294,20.588235294117645,78.67647058823529
10304,10,304,1232,60,2,58,12,46,4.870129870129871,3.3333333333333335,96.66666666666667,20.0,76.66666666666667
10305,10,305,1369,138,1,137,40,97,10.080350620891162,0.7246376811594203,99.27536231884058,28.985507246376812,70.28985507246377
10306,10,306,1138,93,0,93,32,61,8.172231985940245,0.0,100.0,34.40860215053764,65.59139784946237
10307,10,307,950,144,0,144,49,95,15.157894736842106,0.0,100.0,34.02777777777778,65.97222222222221
10308,10,308,1323,184,0,184,47,137,13.907785336356765,0.0,100.0,25.543478260869566,74.45652173913044
10309,10,309,1363,158,0,158,31,127,11.592076302274394,0.0,100.0,19.62025316455696,80.37974683544303
10310,10,310,1389,186,0,186,47,139,13.390928725701945,0.0,100.0,25.268817204301076,74.73118279569893
10311,10,311,1315,167,0,167,58,109,12.69961977186312,0.0,100.0,34.73053892215569,65.26946107784431
10312,10,312,1058,85,0,85,29,56,8.034026465028356,0.0,100.0,34.11764705882353,65.88235294117646
10313,10,313,1115,131,1,130,38,92,11.748878923766815,0.7633587786259541,99.23664122137404,29.00763358778626,70.22900763358778
10314,10,314,983,114,0,114,40,74,11.597151576805697,0.0,100.0,35.08771929824561,64.91228070175438
10315,10,315,1209,178,0,178,44,134,14.722911497105045,0.0,100.0,24.719101123595504,75.28089887640449
10316,10,316,1245,162,0,162,32,130,13.012048192771083,0.0,100.0,19.753086419753085,80.24691358024691
10317,10,317,1213,125,1,124,33,91,10.305028854080792,0.8,99.2,26.400000000000002,72.8
10318,10,318,1179,124,0,124,34,90,10.517387616624257,0.0,100.0,27.419354838709676,72.58064516129032
10319,10,319,1074,82,0,82,20,62,7.635009310986965,0.0,100.0,24.390243902439025,75.60975609756098
10320,10,320,1088,119,1,118,29,89,10.9375,0.8403361344537815,99.15966386554622,24.369747899159663,74.78991596638656
10321,10,321,1382,179,0,179,55,124,12.952243125904486,0.0,100.0,30.726256983240223,69.27374301675978
10322,10,322,1348,157,0,157,33,124,11.646884272997033,0.0,100.0,21.019108280254777,78.98089171974523
10323,10,323,1199,130,1,129,30,99,10.842368640533778,0.7692307692307693,99.23076923076923,23.076923076923077,76.15384615384615
10324,10,324,1347,182,0,182,41,141,13.511507052709726,0.0,100.0,22.52747252747253,77.47252747252747
10325,10,325,1089,154,1,153,44,109,14.14141414141414,0.6493506493506493,99.35064935064936,28.57142857142857,70.77922077922078
10326,10,326,1199,234,0,234,61,173,19.5162635529608,0.0,100.0,26.06837606837607,73.93162393162393
10327,10,327,1165,214,0,214,63,151,18.369098712446352,0.0,100.0,29.439252336448597,70.56074766355141
10401,10,401,1185,158,0,158,62,96,13.333333333333334,0.0,100.0,39.24050632911392,60.75949367088608
10402,10,402,1179,139,0,139,57,82,11.789652247667515,0.0,100.0,41.007194244604314,58.992805755395686
10403,10,403,1177,196,0,196,52,144,16.652506372132542,0.0,100.0,26.53061224489796,73.46938775510205
10404,10,404,1129,178,1,177,50,127,15.766164747564215,0.5617977528089888,99.43820224719101,28.08988764044944,71.34831460674157
10405,10,405,1171,146,0,146,46,100,12.46797608881298,0.0,100.0,31.506849315068493,68.4931506849315
10406,10,406,1342,209,0,209,64,145,15.573770491803279,0.0,100.0,30.62200956937799,69.377990430622
10407,10,407,734,141,0,141,46,95,19.20980926430518,0.0,100.0,32.62411347517731,67.37588652482269
10408,10,408,733,149,0,149,47,102,20.327421555252386,0.0,100.0,31.543624161073826,68.45637583892618
10409,10,409,1296,183,0,183,46,137,14.120370370370368,0.0,100.0,25.136612021857925,74.86338797814209
10410,10,410,1194,160,0,160,52,108,13.400335008375208,0.0,100.0,32.5,67.5
10411,10,411,1109,213,0,213,71,142,19.206492335437332,0.0,100.0,33.33333333333333,66.66666666666666
10412,10,412,1221,278,1,277,58,219,22.768222768222767,0.3597122302158274,99.64028776978418,20.863309352517987,78.77697841726618
10413,10,413,1242,271,0,271,96,175,21.81964573268921,0.0,100.0,35.42435424354243,64.57564575645756
10414,10,414,1068,254,2,252,51,201,23.782771535580522,0.7874015748031495,99.21259842519686,20.078740157480315,79.13385826771653
10415,10,415,1075,99,0,99,35,64,9.209302325581396,0.0,100.0,35.35353535353536,64.64646464646465
10416,10,416,1234,354,0,354,78,276,28.687196110210696,0.0,100.0,22.033898305084744,77.96610169491525
10417,10,417,1131,173,2,171,58,113,15.296198054818744,1.1560693641618496,98.84393063583815,33.52601156069364,65.3179190751445
10418,10,418,1204,164,0,164,56,108,13.621262458471762,0.0,100.0,34.146341463414636,65.85365853658537
10419,10,419,1233,202,0,202,70,132,16.38280616382806,0.0,100.0,34.65346534653465,65.34653465346535
10420,10,420,1321,292,1,291,72,219,22.10446631339894,0.3424657534246575,99.65753424657534,24.65753424657534,75.0
10421,10,421,1350,331,0,331,114,217,24.51851851851852,0.0,100.0,34.44108761329305,65.55891238670695
10422,10,422,821,124,0,124,70,54,15.10353227771011,0.0,100.0,56.451612903225815,43.54838709677419
10423,10,423,1027,228,0,228,65,163,22.200584225900684,0.0,100.0,28.50877192982456,71.49122807017544
10424,10,424,733,220,0,220,76,144,30.013642564802183,0.0,100.0,34.54545454545455,65.45454545454545
10425,10,425,1166,245,0,245,82,163,21.012006861063465,0.0,100.0,33.46938775510204,66.53061224489795
10426,10,426,1073,336,1,335,106,229,31.31407269338304,0.2976190476190476,99.70238095238095,31.547619047619047,68.15476190476191
10427,10,427,1137,295,0,295,105,190,25.94547053649956,0.0,100.0,35.59322033898305,64.40677966101694
10428,10,428,1051,229,2,227,70,157,21.788772597526165,0.8733624454148471,99.12663755458514,30.567685589519648,68.5589519650655
10429,10,429,1104,253,1,252,77,175,22.916666666666664,0.3952569169960474,99.60474308300395,30.434782608695656,69.1699604743083
10430,10,430,1041,239,0,239,61,178,22.958693563880882,0.0,100.0,25.523012552301257,74.47698744769873
10431,10,431,1179,250,1,249,75,174,21.20441051738762,0.4,99.6,30.0,69.6
10501,10,501,1188,273,2,271,39,232,22.97979797979798,0.7326007326007326,99.26739926739927,14.285714285714285,84.98168498168498
10502,10,502,1217,250,3,247,62,185,20.542317173377157,1.2,98.8,24.8,74.0
10503,10,503,1216,236,0,236,55,181,19.407894736842106,0.0,100.0,23.30508474576271,76.69491525423729
10504,10,504,1222,315,3,312,84,228,25.777414075286416,0.9523809523809524,99.04761904761905,26.666666666666668,72.38095238095238
10505,10,505,1174,320,0,320,80,240,27.2572402044293,0.0,100.0,25.0,75.0
10506,10,506,1222,367,0,367,116,251,30.032733224222586,0.0,100.0,31.607629427792915,68.39237057220708
10507,10,507,1310,244,0,244,87,157,18.62595419847328,0.0,100.0,35.65573770491803,64.34426229508196
10508,10,508,1031,276,2,274,101,173,26.77012609117362,0.7246376811594203,99.27536231884058,36.594202898550726,62.68115942028986
10509,10,509,1204,221,0,221,60,161,18.35548172757475,0.0,100.0,27.149321266968325,72.85067873303167
10510,10,510,980,202,0,202,67,135,20.612244897959183,0.0,100.0,33.16831683168317,66.83168316831683
10511,10,511,1137,258,0,258,95,163,22.691292875989447,0.0,100.0,36.82170542635659,63.17829457364341
10512,10,512,1137,284,1,283,82,201,24.97801231310466,0.35211267605633806,99.64788732394366,28.87323943661972,70.77464788732394
10513,10,513,1159,257,0,257,63,194,22.17428817946506,0.0,100.0,24.5136186770428,75.4863813229572
10514,10,514,1090,218,0,218,73,145,20.0,0.0,100.0,33.48623853211009,66.5137614678899
10515,10,515,1052,248,1,247,44,203,23.574144486692013,0.4032258064516129,99.59677419354838,17.741935483870968,81.85483870967742
10516,10,516,1084,280,0,280,49,231,25.830258302583026,0.0,100.0,17.5,82.5
10517,10,517,1068,261,0,261,57,204,24.43820224719101,0.0,100.0,21.839080459770116,78.16091954022988
10518,10,518,1058,261,0,261,61,200,24.669187145557654,0.0,100.0,23.371647509578544,76.62835249042146
10519,10,519,1063,287,0,287,62,225,26.99905926622766,0.0,100.0,21.602787456445995,78.397212543554
10520,10,520,1137,291,2,289,61,228,25.593667546174142,0.6872852233676976,99.3127147766323,20.962199312714777,78.35051546391753
10521,10,521,1085,202,2,200,39,161,18.617511520737327,0.9900990099009901,99.00990099009901,19.306930693069308,79.70297029702971
10522,10,522,1048,222,0,222,37,185,21.183206106870227,0.0,100.0,16.666666666666664,83.33333333333334
10523,10,523,1053,220,1,219,81,138,20.892687559354226,0.45454545454545453,99.54545454545455,36.81818181818181,62.727272727272734
10524,10,524,1038,288,0,288,54,234,27.74566473988439,0.0,100.0,18.75,81.25
10525,10,525,1053,307,1,306,50,256,29.154795821462486,0.32573289902280134,99.6742671009772,16.286644951140065,83.38762214983714
10526,10,526,1033,286,1,285,71,214,27.686350435624398,0.34965034965034963,99.65034965034964,24.825174825174827,74.82517482517483
10527,10,527,1141,296,0,296,93,203,25.942156003505694,0.0,100.0,31.41891891891892,68.58108108108108
10528,10,528,1155,268,0,268,68,200,23.203463203463205,0.0,100.0,25.37313432835821,74.6268656716418
10529,10,529,1070,228,0,228,53,175,21.30841121495327,0.0,100.0,23.24561403508772,76.75438596491229
10530,10,530,1228,248,0,248,76,172,20.195439739413683,0.0,100.0,30.64516129032258,69.35483870967742
10601,10,601,1283,141,1,140,26,114,10.989867498051442,0.7092198581560284,99.29078014184397,18.439716312056735,80.85106382978722
10602,10,602,1296,167,0,167,43,124,12.885802469135802,0.0,100.0,25.748502994011975,74.25149700598801
10603,10,603,1249,138,2,136,38,98,11.048839071257005,1.4492753623188406,98.55072463768117,27.536231884057973,71.01449275362319
10604,10,604,1353,186,1,185,45,140,13.747228381374724,0.5376344086021506,99.46236559139786,24.193548387096776,75.26881720430107
10605,10,605,1384,220,1,219,60,159,15.895953757225435,0.45454545454545453,99.54545454545455,27.27272727272727,72.27272727272728
10606,10,606,1234,166,0,166,56,110,13.452188006482983,0.0,100.0,33.734939759036145,66.26506024096386
10607,10,607,1242,180,0,180,51,129,14.492753623188406,0.0,100.0,28.333333333333332,71.66666666666667
10608,10,608,1274,144,0,144,37,107,11.302982731554161,0.0,100.0,25.694444444444443,74.30555555555556
10609,10,609,1232,187,0,187,54,133,15.178571428571427,0.0,100.0,28.87700534759358,71.12299465240642
10610,10,610,1121,154,0,154,46,108,13.737734165923282,0.0,100.0,29.87012987012987,70.12987012987013
10611,10,611,1112,172,1,171,41,130,15.467625899280577,0.5813953488372093,99.4186046511628,23.837209302325583,75.5813953488372
10612,10,612,896,106,0,106,35,71,11.830357142857142,0.0,100.0,33.0188679245283,66.98113207547169
10613,10,613,1249,183,0,183,59,124,14.651721377101682,0.0,100.0,32.240437158469945,67.75956284153006
10614,10,614,1266,130,0,130,37,93,10.268562401263823,0.0,100.0,28.46153846153846,71.53846153846153
10615,10,615,1231,264,2,262,72,190,21.445978878960194,0.7575757575757576,99.24242424242425,27.27272727272727,71.96969696969697
10616,10,616,1107,287,1,286,88,198,25.925925925925924,0.34843205574912894,99.65156794425087,30.66202090592334,68.98954703832753
10617,10,617,1124,304,0,304,77,227,27.046263345195733,0.0,100.0,25.32894736842105,74.67105263157895
10618,10,618,1114,208,1,207,56,151,18.67145421903052,0.4807692307692308,99.51923076923077,26.923076923076923,72.59615384615384
10619,10,619,1088,244,2,242,67,175,22.426470588235293,0.819672131147541,99.18032786885246,27.459016393442624,71.72131147540983
10620,10,620,1111,290,0,290,70,220,26.102610261026104,0.0,100.0,24.137931034482758,75.86206896551724
10621,10,621,1142,178,0,178,28,150,15.586690017513135,0.0,100.0,15.730337078651685,84.26966292134831
10622,10,622,1170,160,2,158,29,129,13.675213675213676,1.25,98.75,18.125,80.625
10623,10,623,1188,129,0,129,27,102,10.85858585858586,0.0,100.0,20.930232558139537,79.06976744186046
10624,10,624,990,65,0,65,15,50,6.565656565656567,0.0,100.0,23.076923076923077,76.92307692307693
10625,10,625,1145,123,1,122,37,85,10.74235807860262,0.8130081300813009,99.1869918699187,30.081300813008134,69.10569105691057
10626,10,626,1243,202,0,202,48,154,16.251005631536604,0.0,100.0,23.762376237623762,76.23762376237624
101A,10,1A,0,379,0,379,122,257,inf,0.0,100.0,32.189973614775724,67.81002638522428
101B,10,1B,0,0,0,0,0,0,0.0,0.0,0.0,0.0,0.0
101C,10,1C,0,376,0,376,93,283,inf,0.0,100.0,24.73404255319149,75.2659574468085
101D,10,1D,0,0,0,0,0,0,0.0,0.0,0.0,0.0,0.0
101E,10,1E,0,538,2,536,164,372,inf,0.37174721189591076,99.62825278810409,30.483271375464682,69.14498141263941
101F,10,1F,0,0,0,0,0,0,0.0,0.0,0.0,0.0,0.0
101G,10,1G,0,359,0,359,109,250,inf,0.0,100.0,30.362116991643457,69.63788300835655
101H,10,1H,0,0,0,0,0,0,0.0,0.0,0.0,0.0,0.0
101J,10,1J,0,460,2,458,160,298,inf,0.43478260869565216,99.56521739130434,34.78260869565217,64.78260869565217
101K,10,1K,0,0,0,0,0,0,0.0,0.0,0.0,0.0,0.0
101L,10,1L,0,415,1,414,109,305,inf,0.24096385542168677,99.75903614457832,26.265060240963855,73.49397590361446
101M,10,1M,0,0,0,0,0,0,0.0,0.0,0.0,0.0,0.0
102A,10,2A,0,558,1,557,188,369,inf,0.17921146953405018,99.82078853046595,33.691756272401435,66.12903225806451
102B,10,2B,0,0,0,0,0,0,0.0,0.0,0.0,0.0,0.0
102C,10,2C,0,376,0,376,123,253,inf,0.0,100.0,32.71276595744681,67.2872340425532
102D,10,2D,0,0,0,0,0,0,0.0,0.0,0.0,0.0,0.0
102E,10,2E,0,329,0,329,85,244,inf,0.0,100.0,25.835866261398177,74.16413373860182
102F,10,2F,0,0,0,0,0,0,0.0,0.0,0.0,0.0,0.0
102G,10,2G,0,424,1,423,138,285,inf,0.2358490566037736,99.76415094339622,32.54716981132076,67.21698113207547
102H,10,2H,0,0,0,0,0,0,0.0,0.0,0.0,0.0,0.0
102J,10,2J,0,322,0,322,119,203,inf,0.0,100.0,36.95652173913043,63.04347826086957
102K,10,2K,0,0,0,0,0,0,0.0,0.0,0.0,0.0,0.0
102L,10,2L,0,436,0,436,122,314,inf,0.0,100.0,27.981651376146786,72.01834862385321
102M,10,2M,0,0,0,0,0,0,0.0,0.0,0.0,0.0,0.0
102N,10,2N,0,295,1,294,86,208,inf,0.3389830508474576,99.66101694915255,29.152542372881356,70.50847457627118
102P,10,2P,0,0,0,0,0,0,0.0,0.0,0.0,0.0,0.0
102Q,10,2Q,0,414,2,412,130,282,inf,0.4830917874396135,99.51690821256038,31.40096618357488,68.11594202898551
102R,10,2R,0,0,0,0,0,0,0.0,0.0,0.0,0.0,0.0
102S,10,2S,0,504,0,504,139,365,inf,0.0,100.0,27.579365079365083,72.42063492063492
102T,10,2T,0,0,0,0,0,0,0.0,0.0,0.0,0.0,0.0
103A,10,3A,0,337,4,333,101,232,inf,1.1869436201780417,98.81305637982196,29.970326409495552,68.84272997032642
103B,10,3B,0,0,0,0,0,0,0.0,0.0,0.0,0.0,0.0
103C,10,3C,0,317,1,316,126,190,inf,0.31545741324921134,99.6845425867508,39.74763406940063,59.93690851735016
103D,10,3D,0,0,0,0,0,0,0.0,0.0,0.0,0.0,0.0
103E,10,3E,0,486,1,485,175,310,inf,0.205761316872428,99.79423868312757,36.0082304526749,63.78600823045267
103F,10,3F,0,0,0,0,0,0,0.0,0.0,0.0,0.0,0.0
103G,10,3G,0,382,1,381,119,262,inf,0.2617801047120419,99.73821989528795,31.151832460732987,68.58638743455498
103H,10,3H,0,0,0,0,0,0,0.0,0.0,0.0,0.0,0.0
103J,10,3J,0,246,0,246,75,171,inf,0.0,100.0,30.48780487804878,69.51219512195121
103K,10,3K,0,0,0,0,0,0,0.0,0.0,0.0,0.0,0.0
103L,10,3L,0,554,3,551,197,354,inf,0.5415162454873645,99.45848375451264,35.55956678700361,63.898916967509024
103M,10,3M,0,0,0,0,0,0,0.0,0.0,0.0,0.0,0.0
103N,10,3N,0,564,2,562,158,404,inf,0.3546099290780142,99.64539007092199,28.01418439716312,71.63120567375887
103P,10,3P,0,0,0,0,0,0,0.0,0.0,0.0,0.0,0.0
104A,10,4A,0,392,0,392,156,236,inf,0.0,100.0,39.795918367346935,60.204081632653065
104B,10,4B,0,0,0,0,0,0,0.0,0.0,0.0,0.0,0.0
104C,10,4C,0,192,1,191,72,119,inf,0.5208333333333333,99.47916666666666,37.5,61.979166666666664
104D,10,4D,0,0,0,0,0,0,0.0,0.0,0.0,0.0,0.0
104E,10,4E,0,425,0,425,111,314,inf,0.0,100.0,26.11764705882353,73.88235294117646
104F,10,4F,0,0,0,0,0,0,0.0,0.0,0.0,0.0,0.0
104G,10,4G,0,428,0,428,149,279,inf,0.0,100.0,34.81308411214953,65.18691588785047
104H,10,4H,0,0,0,0,0,0,0.0,0.0,0.0,0.0,0.0
104J,10,4J,0,538,0,538,145,393,inf,0.0,100.0,26.95167286245353,73.04832713754647
104K,10,4K,0,0,0,0,0,0,0.0,0.0,0.0,0.0,0.0
104L,10,4L,0,474,1,473,141,332,inf,0.21097046413502107,99.78902953586498,29.746835443037973,70.042194092827
104M,10,4M,0,0,0,0,0,0,0.0,0.0,0.0,0.0,0.0
104N,10,4N,0,530,0,530,158,372,inf,0.0,100.0,29.81132075471698,70.18867924528301
104P,10,4P,0,0,0,0,0,0,0.0,0.0,0.0,0.0,0.0
104Q,10,4Q,0,582,3,579,176,403,inf,0.5154639175257731,99.48453608247422,30.240549828178693,69.24398625429554
104R,10,4R,0,0,0,0,0,0,0.0,0.0,0.0,0.0,0.0
104S,10,4S,0,425,0,425,149,276,inf,0.0,100.0,35.05882352941177,64.94117647058823
104T,10,4T,0,0,0,0,0,0,0.0,0.0,0.0,0.0,0.0
104V,10,4V,0,508,0,508,165,343,inf,0.0,100.0,32.48031496062992,67.51968503937007
104W,10,4W,0,0,0,0,0,0,0.0,0.0,0.0,0.0,0.0
104X,10,4X,0,532,0,532,140,392,inf,0.0,100.0,26.31578947368421,73.68421052631578
104Y,10,4Y,0,0,0,0,0,0,0.0,0.0,0.0,0.0,0.0
104ZA,10,4ZA,0,414,1,413,127,286,inf,0.24154589371980675,99.7584541062802,30.676328502415455,69.08212560386472
104ZB,10,4ZB,0,0,0,0,0,0,0.0,0.0,0.0,0.0,0.0
104ZC,10,4ZC,0,193,0,193,58,135,inf,0.0,100.0,30.05181347150259,69.94818652849742
105A,10,5A,0,551,3,548,158,390,inf,0.5444646098003629,99.45553539019963,28.67513611615245,70.78039927404718
105B,10,5B,0,0,0,0,0,0,0.0,0.0,0.0,0.0,0.0
105C,10,5C,0,612,0,612,154,458,inf,0.0,100.0,25.163398692810457,74.83660130718954
105D,10,5D,0,0,0,0,0,0,0.0,0.0,0.0,0.0,0.0
105E,10,5E,0,461,0,461,153,308,inf,0.0,100.0,33.18872017353579,66.81127982646422
105F,10,5F,0,0,0,0,0,0,0.0,0.0,0.0,0.0,0.0
105G,10,5G,0,502,1,501,179,322,inf,0.199203187250996,99.800796812749,35.657370517928285,64.14342629482071
105H,10,5H,0,0,0,0,0,0,0.0,0.0,0.0,0.0,0.0
105J,10,5J,0,438,1,437,128,309,inf,0.228310502283105,99.77168949771689,29.22374429223744,70.54794520547945
105K,10,5K,0,0,0,0,0,0,0.0,0.0,0.0,0.0,0.0
105L,10,5L,0,391,0,391,116,275,inf,0.0,100.0,29.66751918158568,70.33248081841433
105M,10,5M,0,0,0,0,0,0,0.0,0.0,0.0,0.0,0.0
105N,10,5N,0,513,0,513,170,343,inf,0.0,100.0,33.13840155945419,66.8615984405458
105P,10,5P,0,0,0,0,0,0,0.0,0.0,0.0,0.0,0.0
105Q,10,5Q,0,467,0,467,119,348,inf,0.0,100.0,25.481798715203425,74.51820128479658
105R,10,5R,0,0,0,0,0,0,0.0,0.0,0.0,0.0,0.0
105S,10,5S,0,435,1,434,100,334,inf,0.22988505747126436,99.77011494252874,22.988505747126435,76.7816091954023
105T,10,5T,0,0,0,0,0,0,0.0,0.0,0.0,0.0,0.0
105V,10,5V,0,462,0,462,111,351,inf,0.0,100.0,24.025974025974026,75.97402597402598
105W,10,5W,0,0,0,0,0,0,0.0,0.0,0.0,0.0,0.0
105X,10,5X,0,485,0,485,126,359,inf,0.0,100.0,25.979381443298973,74.02061855670104
105Y,10,5Y,0,0,0,0,0,0,0.0,0.0,0.0,0.0,0.0
105ZA,10,5ZA,0,498,0,498,127,371,inf,0.0,100.0,25.502008032128515,74.49799196787149
105ZB,10,5ZB,0,0,0,0,0,0,0.0,0.0,0.0,0.0,0.0
105ZC,10,5ZC,0,436,0,436,95,341,inf,0.0,100.0,21.788990825688074,78.21100917431193
105ZD,10,5ZD,0,0,0,0,0,0,0.0,0.0,0.0,0.0,0.0
105ZE,10,5ZE,0,501,0,501,148,353,inf,0.0,100.0,29.540918163672654,70.45908183632734
105ZF,10,5ZF,0,0,0,0,0,0,0.0,0.0,0.0,0.0,0.0
105ZG,10,5ZG,0,463,1,462,129,333,inf,0.21598272138228944,99.78401727861771,27.861771058315334,71.92224622030238
105ZH,10,5ZH,0,0,0,0,0,0,0.0,0.0,0.0,0.0,0.0
106A,10,6A,0,445,0,445,149,296,inf,0.0,100.0,33.48314606741573,66.51685393258427
106B,10,6B,0,0,0,0,0,0,0.0,0.0,0.0,0.0,0.0
106C,10,6C,0,549,0,549,170,379,inf,0.0,100.0,30.965391621129324,69.03460837887067
106D,10,6D,0,0,0,0,0,0,0.0,0.0,0.0,0.0,0.0
106E,10,6E,0,405,2,403,141,262,inf,0.49382716049382713,99.50617283950616,34.81481481481482,64.69135802469135
106F,10,6F,0,0,0,0,0,0,0.0,0.0,0.0,0.0,0.0
106G,10,6G,0,473,1,472,159,313,inf,0.21141649048625794,99.78858350951374,33.61522198731501,66.17336152219873
106H,10,6H,0,0,0,0,0,0,0.0,0.0,0.0,0.0,0.0
106J,10,6J,0,537,1,536,182,354,inf,0.186219739292365,99.81378026070763,33.89199255121043,65.92178770949721
106K,10,6K,0,0,0,0,0,0,0.0,0.0,0.0,0.0,0.0
106L,10,6L,0,465,0,465,122,343,inf,0.0,100.0,26.236559139784948,73.76344086021506
106M,10,6M,0,0,0,0,0,0,0.0,0.0,0.0,0.0,0.0
106N,10,6N,0,348,0,348,108,240,inf,0.0,100.0,31.03448275862069,68.96551724137932
106P,10,6P,0,0,0,0,0,0,0.0,0.0,0.0,0.0,0.0
106Q,10,6Q,0,206,1,205,67,138,inf,0.48543689320388345,99.51456310679612,32.5242718446602,66.99029126213593
11101,11,101,1024,177,0,177,38,139,17.28515625,0.0,100.0,21.468926553672315,78.53107344632768
11102,11,102,1118,289,1,288,61,227,25.849731663685148,0.34602076124567477,99.65397923875432,21.10726643598616,78.54671280276817
11103,11,103,1464,324,0,324,89,235,22.131147540983605,0.0,100.0,27.469135802469136,72.53086419753086
11104,11,104,989,198,0,198,42,156,20.020222446916076,0.0,100.0,21.21212121212121,78.78787878787878
11105,11,105,828,209,0,209,52,157,25.24154589371981,0.0,100.0,24.880382775119617,75.11961722488039
11106,11,106,1001,142,0,142,37,105,14.185814185814186,0.0,100.0,26.056338028169012,73.94366197183099
11107,11,107,927,118,0,118,32,86,12.729234088457389,0.0,100.0,27.11864406779661,72.88135593220339
11108,11,108,988,71,0,71,13,58,7.186234817813765,0.0,100.0,18.30985915492958,81.69014084507043
11109,11,109,1086,171,0,171,30,141,15.745856353591158,0.0,100.0,17.543859649122805,82.45614035087719
11110,11,110,920,88,0,88,17,71,9.565217391304348,0.0,100.0,19.318181818181817,80.68181818181817
11111,11,111,1106,158,0,158,36,122,14.285714285714285,0.0,100.0,22.78481012658228,77.21518987341773
11112,11,112,892,150,1,149,32,117,16.81614349775785,0.6666666666666667,99.33333333333333,21.333333333333336,78.0
11113,11,113,963,156,0,156,45,111,16.1993769470405,0.0,100.0,28.846153846153843,71.15384615384616
11114,11,114,649,70,0,70,11,59,10.785824345146379,0.0,100.0,15.714285714285714,84.28571428571429
11115,11,115,675,108,0,108,25,83,16.0,0.0,100.0,23.14814814814815,76.85185185185185
11116,11,116,855,163,1,162,48,114,19.06432748538012,0.6134969325153374,99.38650306748467,29.447852760736197,69.93865030674846
11117,11,117,861,136,0,136,33,103,15.795586527293844,0.0,100.0,24.264705882352942,75.73529411764706
11118,11,118,922,147,0,147,34,113,15.943600867678958,0.0,100.0,23.12925170068027,76.87074829931973
11119,11,119,926,116,1,115,36,79,12.526997840172784,0.8620689655172413,99.13793103448276,31.03448275862069,68.10344827586206
11120,11,120,827,93,0,93,24,69,11.24546553808948,0.0,100.0,25.806451612903224,74.19354838709677
11121,11,121,780,126,0,126,37,89,16.153846153846153,0.0,100.0,29.365079365079367,70.63492063492063
11122,11,122,930,112,3,109,31,78,12.043010752688172,2.6785714285714284,97.32142857142857,27.67857142857143,69.64285714285714
11123,11,123,913,116,1,115,27,88,12.705366922234393,0.8620689655172413,99.13793103448276,23.275862068965516,75.86206896551724
11124,11,124,1097,228,2,226,59,167,20.783956244302644,0.8771929824561403,99.12280701754386,25.877192982456144,73.24561403508771
11125,11,125,1015,89,1,88,19,69,8.768472906403941,1.1235955056179776,98.87640449438202,21.34831460674157,77.52808988764045
11126,11,126,857,128,0,128,24,104,14.935822637106183,0.0,100.0,18.75,81.25
11127,11,127,941,156,0,156,32,124,16.578108395324122,0.0,100.0,20.51282051282051,79.48717948717949
11128,11,128,845,65,0,65,18,47,7.6923076923076925,0.0,100.0,27.692307692307693,72.3076923076923
11129,11,129,999,88,0,88,16,72,8.80880880880881,0.0,100.0,18.181818181818183,81.81818181818183
11130,11,130,881,122,1,121,27,94,13.847900113507377,0.819672131147541,99.18032786885246,22.131147540983605,77.04918032786885
11131,11,131,769,140,0,140,48,92,18.205461638491546,0.0,100.0,34.285714285714285,65.71428571428571
11132,11,132,930,160,0,160,45,115,17.20430107526882,0.0,100.0,28.125,71.875
11133,11,133,837,163,1,162,45,117,19.47431302270012,0.6134969325153374,99.38650306748467,27.607361963190186,71.77914110429448
11134,11,134,768,92,0,92,13,79,11.979166666666668,0.0,100.0,14.130434782608695,85.86956521739131
11135,11,135,1193,187,0,187,46,141,15.67476948868399,0.0,100.0,24.598930481283425,75.40106951871658
11136,11,136,804,119,1,118,19,99,14.800995024875622,0.8403361344537815,99.15966386554622,15.966386554621847,83.19327731092437
11201,11,201,904,130,1,129,34,95,14.380530973451327,0.7692307692307693,99.23076923076923,26.153846153846157,73.07692307692307
11202,11,202,998,134,0,134,28,106,13.426853707414828,0.0,100.0,20.8955223880597,79.1044776119403
11203,11,203,1021,122,1,121,25,96,11.949069539666993,0.819672131147541,99.18032786885246,20.491803278688526,78.68852459016394
11204,11,204,878,89,0,89,21,68,10.136674259681094,0.0,100.0,23.595505617977526,76.40449438202246
11205,11,205,986,158,0,158,37,121,16.024340770791078,0.0,100.0,23.417721518987342,76.58227848101265
11206,11,206,929,124,0,124,33,91,13.347685683530678,0.0,100.0,26.61290322580645,73.38709677419355
11207,11,207,839,95,0,95,15,80,11.32300357568534,0.0,100.0,15.789473684210526,84.21052631578947
11208,11,208,1107,243,0,243,72,171,21.951219512195124,0.0,100.0,29.629629629629626,70.37037037037037
11209,11,209,1043,273,2,271,73,198,26.174496644295303,0.7326007326007326,99.26739926739927,26.73992673992674,72.52747252747253
11210,11,210,939,164,0,164,32,132,17.465388711395104,0.0,100.0,19.51219512195122,80.48780487804879
11211,11,211,911,246,0,246,79,167,27.0032930845225,0.0,100.0,32.113821138211385,67.88617886178862
11212,11,212,849,212,0,212,58,154,24.97055359246172,0.0,100.0,27.358490566037734,72.64150943396226
11213,11,213,742,99,0,99,48,51,13.34231805929919,0.0,100.0,48.484848484848484,51.515151515151516
11214,11,214,873,85,0,85,30,55,9.736540664375717,0.0,100.0,35.294117647058826,64.70588235294117
11215,11,215,966,191,0,191,33,158,19.772256728778466,0.0,100.0,17.277486910994764,82.72251308900523
11216,11,216,1096,279,1,278,86,192,25.456204379562042,0.35842293906810035,99.6415770609319,30.824372759856633,68.81720430107528
11217,11,217,1003,243,0,243,70,173,24.22731804586241,0.0,100.0,28.80658436213992,71.19341563786008
11218,11,218,777,123,0,123,33,90,15.83011583011583,0.0,100.0,26.82926829268293,73.17073170731707
11219,11,219,894,122,1,121,29,92,13.646532438478747,0.819672131147541,99.18032786885246,23.770491803278688,75.40983606557377
11220,11,220,921,225,0,225,53,172,24.429967426710096,0.0,100.0,23.555555555555554,76.44444444444444
11221,11,221,1028,153,0,153,54,99,14.883268482490273,0.0,100.0,35.294117647058826,64.70588235294117
11222,11,222,1016,208,1,207,90,117,20.47244094488189,0.4807692307692308,99.51923076923077,43.269230769230774,56.25
11223,11,223,858,150,0,150,49,101,17.482517482517483,0.0,100.0,32.666666666666664,67.33333333333333
11224,11,224,866,217,2,215,83,132,25.057736720554274,0.9216589861751152,99.07834101382488,38.24884792626728,60.82949308755761
11225,11,225,887,183,0,183,59,124,20.631341600901916,0.0,100.0,32.240437158469945,67.75956284153006
11226,11,226,1116,244,0,244,95,149,21.863799283154123,0.0,100.0,38.9344262295082,61.065573770491795
11227,11,227,947,149,0,149,57,92,15.73389651531151,0.0,100.0,38.25503355704698,61.74496644295302
11228,11,228,968,186,2,184,50,134,19.214876033057852,1.0752688172043012,98.9247311827957,26.881720430107524,72.04301075268818
11229,11,229,1039,258,0,258,151,107,24.831568816169394,0.0,100.0,58.52713178294574,41.47286821705426
11230,11,230,870,164,0,164,53,111,18.850574712643677,0.0,100.0,32.31707317073171,67.6829268292683
11231,11,231,1086,176,0,176,64,112,16.206261510128915,0.0,100.0,36.36363636363637,63.63636363636363
11232,11,232,1524,239,1,238,89,149,15.68241469816273,0.41841004184100417,99.581589958159,37.238493723849366,62.34309623430963
11233,11,233,933,154,0,154,45,109,16.505894962486604,0.0,100.0,29.22077922077922,70.77922077922078
11234,11,234,846,124,2,122,40,82,14.657210401891252,1.6129032258064515,98.38709677419355,32.25806451612903,66.12903225806451
11301,11,301,1050,149,1,148,64,84,14.19047619047619,0.6711409395973155,99.32885906040269,42.95302013422819,56.375838926174495
11302,11,302,1018,132,0,132,66,66,12.966601178781925,0.0,100.0,50.0,50.0
11303,11,303,935,135,1,134,49,85,14.43850267379679,0.7407407407407408,99.25925925925925,36.2962962962963,62.96296296296296
11304,11,304,912,108,1,107,50,57,11.842105263157894,0.9259259259259258,99.07407407407408,46.2962962962963,52.77777777777778
11305,11,305,967,174,2,172,69,103,17.993795243019648,1.1494252873563218,98.85057471264368,39.6551724137931,59.195402298850574
11306,11,306,1035,167,0,167,75,92,16.135265700483092,0.0,100.0,44.91017964071856,55.08982035928144
11307,11,307,997,199,1,198,85,113,19.95987963891675,0.5025125628140703,99.49748743718592,42.71356783919598,56.78391959798995
11308,11,308,966,141,0,141,62,79,14.596273291925465,0.0,100.0,43.97163120567376,56.02836879432624
11309,11,309,954,147,0,147,53,94,15.40880503144654,0.0,100.0,36.054421768707485,63.94557823129252
11310,11,310,1035,120,1,119,48,71,11.594202898550725,0.8333333333333334,99.16666666666667,40.0,59.166666666666664
11311,11,311,1190,193,2,191,53,138,16.218487394957982,1.0362694300518136,98.96373056994818,27.461139896373055,71.50259067357513
11312,11,312,1164,179,0,179,52,127,15.378006872852234,0.0,100.0,29.05027932960894,70.94972067039106
11313,11,313,1194,136,0,136,66,70,11.390284757118927,0.0,100.0,48.529411764705884,51.470588235294116
11314,11,314,977,111,0,111,32,79,11.361310133060389,0.0,100.0,28.82882882882883,71.17117117117117
11315,11,315,934,118,0,118,38,80,12.633832976445397,0.0,100.0,32.20338983050847,67.79661016949152
11316,11,316,861,168,3,165,75,90,19.51219512195122,1.7857142857142856,98.21428571428571,44.642857142857146,53.57142857142857
11317,11,317,880,129,0,129,50,79,14.659090909090908,0.0,100.0,38.759689922480625,61.240310077519375
11318,11,318,988,103,0,103,52,51,10.425101214574898,0.0,100.0,50.48543689320388,49.51456310679612
11319,11,319,813,79,0,79,27,52,9.71709717097171,0.0,100.0,34.177215189873415,65.82278481012658
11320,11,320,1021,174,0,174,63,111,17.042115572967678,0.0,100.0,36.206896551724135,63.793103448275865
11321,11,321,914,124,0,124,41,83,13.566739606126916,0.0,100.0,33.064516129032256,66.93548387096774
11322,11,322,789,123,2,121,46,75,15.5893536121673,1.6260162601626018,98.3739837398374,37.39837398373984,60.97560975609756
11323,11,323,963,113,0,113,66,47,11.734164070612668,0.0,100.0,58.4070796460177,41.5929203539823
11324,11,324,724,152,2,150,98,52,20.994475138121548,1.3157894736842104,98.68421052631578,64.47368421052632,34.21052631578947
11325,11,325,948,188,0,188,75,113,19.831223628691983,0.0,100.0,39.8936170212766,60.1063829787234
11326,11,326,643,158,1,157,86,71,24.57231726283048,0.6329113924050633,99.36708860759494,54.43037974683544,44.936708860759495
11327,11,327,852,183,0,183,109,74,21.47887323943662,0.0,100.0,59.56284153005464,40.43715846994536
11328,11,328,1166,201,1,200,136,64,17.238421955403087,0.4975124378109453,99.50248756218906,67.66169154228857,31.8407960199005
11329,11,329,775,105,1,104,50,54,13.548387096774196,0.9523809523809524,99.04761904761905,47.61904761904761,51.42857142857142
11330,11,330,1010,97,0,97,49,48,9.603960396039604,0.0,100.0,50.51546391752577,49.48453608247423
11331,11,331,958,154,0,154,53,101,16.075156576200417,0.0,100.0,34.41558441558442,65.5844155844156
11332,11,332,894,102,0,102,43,59,11.409395973154362,0.0,100.0,42.15686274509804,57.84313725490197
11333,11,333,921,145,0,145,49,96,15.743756786102061,0.0,100.0,33.793103448275865,66.20689655172414
11334,11,334,664,107,0,107,36,71,16.114457831325304,0.0,100.0,33.64485981308411,66.35514018691589
11335,11,335,810,118,0,118,52,66,14.5679012345679,0.0,100.0,44.06779661016949,55.932203389830505
11336,11,336,755,156,0,156,45,111,20.662251655629138,0.0,100.0,28.846153846153843,71.15384615384616
11401,11,401,1018,207,0,207,125,82,20.333988212180746,0.0,100.0,60.38647342995169,39.61352657004831
11402,11,402,859,176,1,175,78,97,20.48894062863795,0.5681818181818182,99.43181818181817,44.31818181818182,55.11363636363637
11403,11,403,979,152,0,152,53,99,15.526046986721145,0.0,100.0,34.868421052631575,65.13157894736842
11404,11,404,922,195,0,195,97,98,21.149674620390453,0.0,100.0,49.743589743589745,50.256410256410255
11405,11,405,985,184,2,182,74,108,18.68020304568528,1.0869565217391304,98.91304347826086,40.21739130434783,58.69565217391305
11406,11,406,903,155,1,154,54,100,17.16500553709856,0.6451612903225806,99.35483870967742,34.83870967741935,64.51612903225806
11407,11,407,988,149,1,148,63,85,15.08097165991903,0.6711409395973155,99.32885906040269,42.281879194630875,57.04697986577181
11408,11,408,983,148,0,148,75,73,15.055951169888099,0.0,100.0,50.67567567567568,49.32432432432432
11409,11,409,970,164,0,164,88,76,16.90721649484536,0.0,100.0,53.65853658536586,46.34146341463415
11410,11,410,1029,153,0,153,72,81,14.868804664723031,0.0,100.0,47.05882352941176,52.94117647058824
11411,11,411,786,124,0,124,67,57,15.776081424936386,0.0,100.0,54.03225806451613,45.96774193548387
11412,11,412,782,194,1,193,94,99,24.808184143222505,0.5154639175257731,99.48453608247422,48.45360824742268,51.03092783505154
11413,11,413,878,174,0,174,115,59,19.81776765375854,0.0,100.0,66.0919540229885,33.90804597701149
11414,11,414,986,157,1,156,89,67,15.922920892494929,0.6369426751592357,99.36305732484077,56.68789808917197,42.675159235668794
11415,11,415,702,129,0,129,73,56,18.37606837606838,0.0,100.0,56.58914728682171,43.41085271317829
11416,11,416,1177,251,0,251,177,74,21.325403568394222,0.0,100.0,70.5179282868526,29.482071713147413
11417,11,417,966,219,0,219,126,93,22.67080745341615,0.0,100.0,57.534246575342465,42.465753424657535
11418,11,418,1004,177,2,175,113,62,17.62948207171315,1.1299435028248588,98.87005649717514,63.84180790960452,35.02824858757062
11419,11,419,918,163,1,162,49,113,17.75599128540305,0.6134969325153374,99.38650306748467,30.061349693251532,69.32515337423312
11420,11,420,959,153,0,153,85,68,15.954118873826904,0.0,100.0,55.55555555555556,44.44444444444444
11421,11,421,1012,220,0,220,135,85,21.73913043478261,0.0,100.0,61.36363636363637,38.63636363636363
11422,11,422,924,196,1,195,135,60,21.21212121212121,0.5102040816326531,99.48979591836735,68.87755102040816,30.612244897959183
11423,11,423,832,181,1,180,125,55,21.754807692307693,0.5524861878453038,99.4475138121547,69.06077348066299,30.386740331491712
11424,11,424,846,133,0,133,107,26,15.721040189125295,0.0,100.0,80.45112781954887,19.548872180451127
11425,11,425,866,145,1,144,90,54,16.74364896073903,0.6896551724137931,99.3103448275862,62.06896551724138,37.24137931034483
11426,11,426,968,213,1,212,144,68,22.004132231404956,0.4694835680751174,99.53051643192488,67.6056338028169,31.92488262910798
11427,11,427,1027,146,0,146,73,73,14.216163583252191,0.0,100.0,50.0,50.0
11428,11,428,882,149,0,149,56,93,16.89342403628118,0.0,100.0,37.58389261744966,62.41610738255034
11429,11,429,1174,151,0,151,81,70,12.862010221465075,0.0,100.0,53.64238410596026,46.35761589403973
11430,11,430,701,95,0,95,28,67,13.55206847360913,0.0,100.0,29.47368421052631,70.52631578947368
11431,11,431,828,154,0,154,59,95,18.59903381642512,0.0,100.0,38.311688311688314,61.68831168831169
11432,11,432,864,177,2,175,105,70,20.48611111111111,1.1299435028248588,98.87005649717514,59.32203389830508,39.548022598870055
11433,11,433,839,216,1,215,166,49,25.744934445768774,0.4629629629629629,99.53703703703704,76.85185185185185,22.685185185185187
11434,11,434,844,152,1,151,65,86,18.009478672985782,0.6578947368421052,99.3421052631579,42.76315789473684,56.57894736842105
11435,11,435,813,255,0,255,202,53,31.365313653136536,0.0,100.0,79.2156862745098,20.784313725490197
11436,11,436,1002,296,3,293,234,59,29.540918163672654,1.0135135135135136,98.98648648648648,79.05405405405406,19.93243243243243
11501,11,501,805,173,0,173,107,66,21.490683229813666,0.0,100.0,61.849710982658955,38.15028901734104
11502,11,502,998,145,0,145,57,88,14.529058116232466,0.0,100.0,39.310344827586206,60.689655172413794
11503,11,503,1020,162,0,162,40,122,15.88235294117647,0.0,100.0,24.691358024691358,75.30864197530865
11504,11,504,845,177,0,177,50,127,20.94674556213018,0.0,100.0,28.24858757062147,71.75141242937853
11505,11,505,812,77,1,76,27,49,9.482758620689655,1.2987012987012987,98.7012987012987,35.064935064935064,63.63636363636363
11506,11,506,953,110,0,110,38,72,11.542497376705143,0.0,100.0,34.54545454545455,65.45454545454545
11507,11,507,1066,217,0,217,138,79,20.356472795497186,0.0,100.0,63.594470046082954,36.405529953917046
11508,11,508,993,225,0,225,127,98,22.658610271903324,0.0,100.0,56.44444444444444,43.55555555555555
11509,11,509,1270,240,2,238,97,141,18.89763779527559,0.8333333333333334,99.16666666666667,40.416666666666664,58.75
11510,11,510,1145,214,0,214,76,138,18.68995633187773,0.0,100.0,35.51401869158878,64.48598130841121
11511,11,511,940,190,1,189,131,58,20.212765957446805,0.5263157894736842,99.47368421052632,68.94736842105263,30.526315789473685
11512,11,512,915,165,1,164,101,63,18.0327868852459,0.6060606060606061,99.39393939393939,61.212121212121204,38.18181818181819
11513,11,513,1015,233,0,233,118,115,22.95566502463054,0.0,100.0,50.64377682403433,49.35622317596567
11514,11,514,1028,205,0,205,111,94,19.941634241245136,0.0,100.0,54.146341463414636,45.85365853658537
11515,11,515,965,217,0,217,90,127,22.487046632124354,0.0,100.0,41.474654377880185,58.525345622119815
11516,11,516,963,145,0,145,56,89,15.057113187954311,0.0,100.0,38.62068965517241,61.37931034482759
11517,11,517,985,170,0,170,132,38,17.258883248730964,0.0,100.0,77.64705882352942,22.35294117647059
11518,11,518,842,191,0,191,118,73,22.68408551068884,0.0,100.0,61.78010471204188,38.21989528795812
11519,11,519,932,161,0,161,74,87,17.27467811158798,0.0,100.0,45.962732919254655,54.037267080745345
11520,11,520,854,130,1,129,58,71,15.22248243559719,0.7692307692307693,99.23076923076923,44.61538461538462,54.61538461538461
11521,11,521,1022,172,3,169,76,93,16.829745596868882,1.744186046511628,98.25581395348837,44.18604651162791,54.06976744186046
11522,11,522,957,133,0,133,45,88,13.897596656217345,0.0,100.0,33.83458646616541,66.16541353383458
11523,11,523,971,211,0,211,141,70,21.73017507723996,0.0,100.0,66.82464454976304,33.175355450236964
11524,11,524,857,186,0,186,145,41,21.703617269544925,0.0,100.0,77.95698924731182,22.043010752688172
11525,11,525,966,255,1,254,194,60,26.39751552795031,0.39215686274509803,99.6078431372549,76.07843137254902,23.52941176470588
11526,11,526,1037,257,0,257,176,81,24.783027965284475,0.0,100.0,68.48249027237354,31.517509727626457
11527,11,527,891,175,0,175,111,64,19.640852974186306,0.0,100.0,63.42857142857142,36.57142857142857
11528,11,528,953,189,0,189,81,108,19.832109129066108,0.0,100.0,42.857142857142854,57.14285714285714
11529,11,529,1086,145,0,145,60,85,13.351749539594843,0.0,100.0,41.37931034482759,58.620689655172406
11530,11,530,1009,141,0,141,57,84,13.974231912784935,0.0,100.0,40.42553191489361,59.57446808510638
11531,11,531,940,206,0,206,76,130,21.914893617021278,0.0,100.0,36.89320388349515,63.10679611650486
11532,11,532,1053,158,1,157,66,91,15.004748338081672,0.6329113924050633,99.36708860759494,41.77215189873418,57.59493670886076
11533,11,533,874,131,0,131,66,65,14.988558352402745,0.0,100.0,50.38167938931297,49.61832061068702
11534,11,534,1113,141,0,141,55,86,12.668463611859837,0.0,100.0,39.00709219858156,60.99290780141844
11601,11,601,942,215,0,215,130,85,22.823779193205944,0.0,100.0,60.46511627906976,39.53488372093023
11602,11,602,952,236,0,236,177,59,24.789915966386555,0.0,100.0,75.0,25.0
11603,11,603,841,293,2,291,195,96,34.839476813317475,0.6825938566552902,99.31740614334471,66.55290102389078,32.76450511945392
11604,11,604,916,127,0,127,53,74,13.864628820960698,0.0,100.0,41.732283464566926,58.26771653543307
11605,11,605,974,169,0,169,65,104,17.35112936344969,0.0,100.0,38.46153846153847,61.53846153846154
11606,11,606,1053,177,2,175,77,98,16.80911680911681,1.1299435028248588,98.87005649717514,43.50282485875706,55.367231638418076
11607,11,607,1472,218,0,218,126,92,14.80978260869565,0.0,100.0,57.798165137614674,42.201834862385326
11608,11,608,861,142,0,142,62,80,16.492450638792103,0.0,100.0,43.66197183098591,56.33802816901409
11609,11,609,956,177,0,177,78,99,18.514644351464433,0.0,100.0,44.06779661016949,55.932203389830505
11610,11,610,943,126,1,125,48,77,13.361611876988336,0.7936507936507936,99.20634920634922,38.095238095238095,61.111111111111114
11611,11,611,917,151,0,151,48,103,16.466739367502726,0.0,100.0,31.788079470198678,68.21192052980133
11612,11,612,799,175,1,174,88,86,21.90237797246558,0.5714285714285714,99.42857142857143,50.28571428571429,49.142857142857146
11613,11,613,1001,176,1,175,87,88,17.582417582417584,0.5681818181818182,99.43181818181817,49.43181818181818,50.0
11614,11,614,785,174,0,174,90,84,22.1656050955414,0.0,100.0,51.724137931034484,48.275862068965516
11615,11,615,948,231,1,230,93,137,24.367088607594937,0.4329004329004329,99.56709956709958,40.25974025974026,59.307359307359306
11616,11,616,1052,202,0,202,66,136,19.20152091254753,0.0,100.0,32.67326732673268,67.32673267326733
11617,11,617,840,187,0,187,102,85,22.26190476190476,0.0,100.0,54.54545454545454,45.45454545454545
11618,11,618,785,197,0,197,119,78,25.095541401273884,0.0,100.0,60.40609137055838,39.59390862944163
11619,11,619,793,170,2,168,101,67,21.437578814627994,1.1764705882352942,98.82352941176471,59.411764705882355,39.411764705882355
11620,11,620,757,217,0,217,94,123,28.66578599735799,0.0,100.0,43.31797235023041,56.68202764976959
11621,11,621,809,221,1,220,112,108,27.317676143386898,0.4524886877828055,99.5475113122172,50.678733031674206,48.86877828054298
11622,11,622,870,252,1,251,142,109,28.965517241379313,0.3968253968253968,99.60317460317461,56.34920634920635,43.25396825396825
11623,11,623,955,250,1,249,135,114,26.17801047120419,0.4,99.6,54.0,45.6
11624,11,624,897,251,0,251,146,105,27.982162764771463,0.0,100.0,58.16733067729084,41.832669322709165
11625,11,625,869,265,0,265,165,100,30.49482163406214,0.0,100.0,62.264150943396224,37.735849056603776
11626,11,626,874,203,0,203,102,101,23.226544622425628,0.0,100.0,50.24630541871922,49.75369458128079
11627,11,627,923,220,1,219,115,104,23.8353196099675,0.45454545454545453,99.54545454545455,52.27272727272727,47.27272727272727
11628,11,628,1193,258,0,258,144,114,21.62615255658005,0.0,100.0,55.81395348837209,44.18604651162791
11629,11,629,851,214,1,213,121,92,25.146886016451237,0.46728971962616817,99.53271028037383,56.54205607476636,42.99065420560748
11630,11,630,893,282,1,281,166,115,31.57894736842105,0.3546099290780142,99.64539007092199,58.86524822695035,40.78014184397163
11631,11,631,783,193,0,193,108,85,24.648786717752238,0.0,100.0,55.95854922279793,44.04145077720207
11632,11,632,856,213,0,213,127,86,24.88317757009346,0.0,100.0,59.624413145539904,40.375586854460096
11633,11,633,921,247,5,242,92,150,26.818675352877307,2.0242914979757085,97.97570850202429,37.24696356275304,60.72874493927125
11634,11,634,667,196,1,195,109,86,29.38530734632684,0.5102040816326531,99.48979591836735,55.61224489795919,43.87755102040816
111A,11,1A,0,379,1,378,123,255,inf,0.2638522427440633,99.73614775725594,32.45382585751979,67.28232189973615
111B,11,1B,0,245,1,244,77,167,inf,0.40816326530612246,99.59183673469387,31.428571428571427,68.16326530612244
111C,11,1C,0,336,0,336,84,252,inf,0.0,100.0,25.0,75.0
111D,11,1D,0,267,1,266,89,177,inf,0.37453183520599254,99.625468164794,33.33333333333333,66.29213483146067
111E,11,1E,0,150,3,147,44,103,inf,2.0,98.0,29.333333333333332,68.66666666666667
111F,11,1F,0,247,0,247,56,191,inf,0.0,100.0,22.672064777327936,77.32793522267207
111G,11,1G,0,140,1,139,51,88,inf,0.7142857142857143,99.28571428571429,36.42857142857142,62.857142857142854
111H,11,1H,0,197,0,197,75,122,inf,0.0,100.0,38.07106598984771,61.92893401015228
111I,11,1I,0,155,0,155,38,117,inf,0.0,100.0,24.516129032258064,75.48387096774194
111K,11,1K,0,136,0,136,42,94,inf,0.0,100.0,30.88235294117647,69.11764705882352
111L,11,1L,0,153,1,152,41,111,inf,0.6535947712418301,99.34640522875817,26.797385620915033,72.54901960784314
111M,11,1M,0,193,0,193,69,124,inf,0.0,100.0,35.751295336787564,64.24870466321244
111N,11,1N,0,266,0,266,85,181,inf,0.0,100.0,31.954887218045116,68.04511278195488
111P,11,1P,0,217,1,216,75,141,inf,0.4608294930875576,99.53917050691244,34.56221198156682,64.97695852534562
111Q,11,1Q,0,108,0,108,42,66,inf,0.0,100.0,38.88888888888889,61.111111111111114
111R,11,1R,0,130,0,130,47,83,inf,0.0,100.0,36.15384615384615,63.84615384615384
111S,11,1S,0,152,1,151,58,93,inf,0.6578947368421052,99.3421052631579,38.15789473684211,61.18421052631579
111T,11,1T,0,113,0,113,34,79,inf,0.0,100.0,30.08849557522124,69.91150442477876
112A,11,2A,0,239,0,239,63,176,inf,0.0,100.0,26.359832635983267,73.64016736401673
112B,11,2B,0,209,0,209,56,153,inf,0.0,100.0,26.794258373205743,73.20574162679426
112C,11,2C,0,169,0,169,47,122,inf,0.0,100.0,27.810650887573964,72.18934911242604
112D,11,2D,0,312,0,312,79,233,inf,0.0,100.0,25.320512820512818,74.67948717948718
112E,11,2E,0,353,1,352,115,237,inf,0.28328611898017,99.71671388101983,32.577903682719544,67.13881019830028
112F,11,2F,0,221,0,221,85,136,inf,0.0,100.0,38.46153846153847,61.53846153846154
112G,11,2G,0,264,0,264,63,201,inf,0.0,100.0,23.863636363636363,76.13636363636364
112H,11,2H,0,358,0,358,133,225,inf,0.0,100.0,37.150837988826815,62.849162011173185
112I,11,2I,0,247,1,246,72,174,inf,0.4048582995951417,99.59514170040485,29.1497975708502,70.44534412955466
112K,11,2K,0,213,0,213,58,155,inf,0.0,100.0,27.230046948356808,72.76995305164318
112L,11,2L,0,312,1,311,112,199,inf,0.3205128205128205,99.67948717948718,35.8974358974359,63.78205128205128
112M,11,2M,0,308,0,308,103,205,inf,0.0,100.0,33.44155844155844,66.55844155844156
112N,11,2N,0,315,2,313,162,151,inf,0.6349206349206349,99.36507936507937,51.42857142857142,47.93650793650794
112P,11,2P,0,251,0,251,116,135,inf,0.0,100.0,46.21513944223107,53.78486055776892
112Q,11,2Q,0,262,1,261,124,137,inf,0.38167938931297707,99.61832061068702,47.32824427480916,52.29007633587786
112R,11,2R,0,279,0,279,136,143,inf,0.0,100.0,48.74551971326165,51.25448028673835
112S,11,2S,0,269,0,269,79,190,inf,0.0,100.0,29.36802973977695,70.63197026022306
113A,11,3A,0,274,0,274,139,135,inf,0.0,100.0,50.72992700729927,49.27007299270073
113B,11,3B,0,279,0,279,118,161,inf,0.0,100.0,42.29390681003584,57.70609318996416
113C,11,3C,0,242,0,242,114,128,inf,0.0,100.0,47.107438016528924,52.892561983471076
113D,11,3D,0,206,2,204,77,127,inf,0.9708737864077669,99.02912621359224,37.37864077669903,61.6504854368932
113E,11,3E,0,222,1,221,84,137,inf,0.45045045045045046,99.54954954954955,37.83783783783784,61.711711711711715
113F,11,3F,0,323,5,318,138,180,inf,1.5479876160990713,98.45201238390094,42.72445820433436,55.72755417956656
113G,11,3G,0,242,0,242,109,133,inf,0.0,100.0,45.04132231404959,54.958677685950406
113H,11,3H,0,170,1,169,57,112,inf,0.5882352941176471,99.41176470588235,33.52941176470588,65.88235294117646
113I,11,3I,0,242,1,241,114,127,inf,0.4132231404958678,99.58677685950413,47.107438016528924,52.47933884297521
113K,11,3K,0,163,0,163,85,78,inf,0.0,100.0,52.14723926380368,47.85276073619632
113L,11,3L,0,357,1,356,219,137,inf,0.2801120448179272,99.71988795518207,61.34453781512605,38.37535014005603
113M,11,3M,0,239,4,235,122,113,inf,1.6736401673640167,98.32635983263597,51.04602510460251,47.28033472803347
113N,11,3N,0,332,1,331,235,96,inf,0.30120481927710846,99.69879518072288,70.78313253012048,28.915662650602407
113P,11,3P,0,261,1,260,127,133,inf,0.38314176245210724,99.61685823754789,48.65900383141762,50.95785440613027
113Q,11,3Q,0,222,1,221,98,123,inf,0.45045045045045046,99.54954954954955,44.14414414414414,55.4054054054054
113R,11,3R,0,150,0,150,68,82,inf,0.0,100.0,45.33333333333333,54.666666666666664
113S,11,3S,0,197,1,196,73,123,inf,0.5076142131979695,99.49238578680203,37.055837563451774,62.43654822335025
114A,11,4A,0,249,0,249,144,105,inf,0.0,100.0,57.831325301204814,42.168674698795186
114B,11,4B,0,258,0,258,108,150,inf,0.0,100.0,41.86046511627907,58.139534883720934
114C,11,4C,0,208,0,208,78,130,inf,0.0,100.0,37.5,62.5
114D,11,4D,0,232,0,232,123,109,inf,0.0,100.0,53.01724137931034,46.98275862068966
114E,11,4E,0,225,0,225,102,123,inf,0.0,100.0,45.33333333333333,54.666666666666664
114F,11,4F,0,260,0,260,168,92,inf,0.0,100.0,64.61538461538461,35.38461538461539
114G,11,4G,0,257,4,253,132,121,inf,1.556420233463035,98.44357976653697,51.36186770428015,47.081712062256805
114H,11,4H,0,378,1,377,265,112,inf,0.26455026455026454,99.73544973544973,70.1058201058201,29.629629629629626
114I,11,4I,0,338,0,338,246,92,inf,0.0,100.0,72.7810650887574,27.218934911242602
114K,11,4K,0,287,0,287,131,156,inf,0.0,100.0,45.64459930313589,54.35540069686411
114L,11,4L,0,276,0,276,175,101,inf,0.0,100.0,63.40579710144928,36.594202898550726
114M,11,4M,0,357,2,355,263,92,inf,0.5602240896358543,99.43977591036415,73.66946778711485,25.770308123249297
114N,11,4N,0,305,1,304,216,88,inf,0.32786885245901637,99.672131147541,70.81967213114754,28.852459016393446
114P,11,4P,0,242,2,240,110,130,inf,0.8264462809917356,99.17355371900827,45.45454545454545,53.71900826446281
114Q,11,4Q,0,205,2,203,108,95,inf,0.975609756097561,99.02439024390245,52.6829268292683,46.34146341463415
114R,11,4R,0,213,0,213,120,93,inf,0.0,100.0,56.33802816901409,43.66197183098591
114S,11,4S,0,306,0,306,219,87,inf,0.0,100.0,71.56862745098039,28.431372549019606
114T,11,4T,0,365,0,365,283,82,inf,0.0,100.0,77.53424657534246,22.465753424657535
115A,11,5A,0,273,0,273,198,75,inf,0.0,100.0,72.52747252747253,27.472527472527474
115B,11,5B,0,365,1,364,244,120,inf,0.273972602739726,99.72602739726028,66.84931506849315,32.87671232876712
115C,11,5C,0,227,0,227,101,126,inf,0.0,100.0,44.49339207048458,55.50660792951542
115D,11,5D,0,296,1,295,118,177,inf,0.33783783783783783,99.66216216216216,39.86486486486486,59.797297297297305
115E,11,5E,0,220,2,218,109,109,inf,0.9090909090909091,99.0909090909091,49.54545454545455,49.54545454545455
115F,11,5F,0,321,0,321,227,94,inf,0.0,100.0,70.7165109034268,29.283489096573206
115G,11,5G,0,316,2,314,220,94,inf,0.6329113924050633,99.36708860759494,69.62025316455697,29.746835443037973
115H,11,5H,0,344,0,344,217,127,inf,0.0,100.0,63.08139534883721,36.91860465116279
115I,11,5I,0,235,1,234,142,92,inf,0.425531914893617,99.57446808510639,60.42553191489362,39.148936170212764
115K,11,5K,0,221,0,221,96,125,inf,0.0,100.0,43.43891402714932,56.56108597285068
115L,11,5L,0,249,0,249,96,153,inf,0.0,100.0,38.55421686746988,61.44578313253012
115M,11,5M,0,304,0,304,239,65,inf,0.0,100.0,78.61842105263158,21.38157894736842
115N,11,5N,0,404,1,403,303,100,inf,0.24752475247524752,99.75247524752476,75.0,24.752475247524753
115P,11,5P,0,290,0,290,181,109,inf,0.0,100.0,62.41379310344828,37.58620689655172
115Q,11,5Q,0,291,0,291,118,173,inf,0.0,100.0,40.549828178694156,59.450171821305844
115R,11,5R,0,241,1,240,112,128,inf,0.4149377593360996,99.5850622406639,46.47302904564315,53.11203319502075
115S,11,5S,0,233,0,233,111,122,inf,0.0,100.0,47.63948497854077,52.36051502145923
116A,11,6A,0,318,0,318,136,182,inf,0.0,100.0,42.76729559748428,57.23270440251572
116B,11,6B,0,336,0,336,177,159,inf,0.0,100.0,52.67857142857143,47.32142857142857
116C,11,6C,0,238,0,238,108,130,inf,0.0,100.0,45.378151260504204,54.621848739495796
116D,11,6D,0,242,2,240,123,117,inf,0.8264462809917356,99.17355371900827,50.82644628099173,48.34710743801653
116E,11,6E,0,359,1,358,233,125,inf,0.2785515320334262,99.72144846796658,64.9025069637883,34.81894150417828
116F,11,6F,0,286,1,285,171,114,inf,0.34965034965034963,99.65034965034964,59.79020979020979,39.86013986013986
116G,11,6G,0,328,0,328,193,135,inf,0.0,100.0,58.84146341463414,41.15853658536585
116H,11,6H,0,280,1,279,148,131,inf,0.35714285714285715,99.64285714285714,52.85714285714286,46.785714285714285
116I,11,6I,0,365,1,364,162,202,inf,0.273972602739726,99.72602739726028,44.38356164383562,55.342465753424655
116K,11,6K,0,321,2,319,189,130,inf,0.6230529595015576,99.37694704049844,58.87850467289719,40.49844236760124
116L,11,6L,0,322,1,321,180,141,inf,0.3105590062111801,99.68944099378882,55.90062111801242,43.7888198757764
116M,11,6M,0,372,2,370,201,169,inf,0.5376344086021506,99.46236559139786,54.03225806451613,45.43010752688172
116N,11,6N,0,334,2,332,150,182,inf,0.5988023952095809,99.40119760479041,44.91017964071856,54.49101796407185
116P,11,6P,0,357,0,357,191,166,inf,0.0,100.0,53.50140056022409,46.49859943977591
116Q,11,6Q,0,358,1,357,201,156,inf,0.27932960893854747,99.72067039106145,56.14525139664804,43.575418994413404
116R,11,6R,0,445,1,444,249,195,inf,0.22471910112359553,99.7752808988764,55.955056179775276,43.82022471910113
116S,11,6S,0,371,5,366,202,164,inf,1.3477088948787064,98.6522911051213,54.44743935309974,44.20485175202156
12101,12,101,1124,185,1,184,85,99,16.459074733096084,0.5405405405405406,99.45945945945947,45.94594594594595,53.51351351351351
12102,12,102,834,105,1,104,53,51,12.589928057553957,0.9523809523809524,99.04761904761905,50.476190476190474,48.57142857142857
12103,12,103,762,98,1,97,39,58,12.860892388451445,1.0204081632653061,98.9795918367347,39.795918367346935,59.183673469387756
12104,12,104,831,151,1,150,67,83,18.170878459687124,0.6622516556291391,99.33774834437085,44.370860927152314,54.966887417218544
12105,12,105,964,99,1,98,54,44,10.269709543568464,1.0101010101010102,98.98989898989899,54.54545454545454,44.44444444444444
12106,12,106,1145,159,0,159,77,82,13.88646288209607,0.0,100.0,48.42767295597484,51.57232704402516
12107,12,107,854,154,0,154,47,107,18.0327868852459,0.0,100.0,30.519480519480517,69.48051948051948
12108,12,108,1152,239,0,239,90,149,20.74652777777778,0.0,100.0,37.65690376569037,62.34309623430963
12109,12,109,849,98,1,97,35,62,11.54299175500589,1.0204081632653061,98.9795918367347,35.714285714285715,63.26530612244898
12110,12,110,950,128,0,128,58,70,13.473684210526315,0.0,100.0,45.3125,54.6875
12111,12,111,1083,160,0,160,104,56,14.773776546629733,0.0,100.0,65.0,35.0
12112,12,112,1175,176,0,176,63,113,14.97872340425532,0.0,100.0,35.79545454545455,64.20454545454545
12113,12,113,920,139,0,139,44,95,15.108695652173912,0.0,100.0,31.654676258992804,68.34532374100719
12114,12,114,1350,119,1,118,50,68,8.814814814814815,0.8403361344537815,99.15966386554622,42.016806722689076,57.14285714285714
12115,12,115,994,133,0,133,63,70,13.380281690140844,0.0,100.0,47.368421052631575,52.63157894736842
12116,12,116,1011,152,1,151,75,76,15.03461918892186,0.6578947368421052,99.3421052631579,49.34210526315789,50.0
12117,12,117,1057,141,0,141,63,78,13.339640491958374,0.0,100.0,44.680851063829785,55.319148936170215
12118,12,118,1083,116,0,116,49,67,10.710987996306557,0.0,100.0,42.241379310344826,57.758620689655174
12119,12,119,1249,162,1,161,82,79,12.970376301040831,0.6172839506172839,99.38271604938271,50.617283950617285,48.76543209876543
12120,12,120,1249,166,1,165,64,101,13.290632506004805,0.6024096385542169,99.3975903614458,38.55421686746988,60.8433734939759
12121,12,121,1137,166,1,165,74,91,14.599824098504838,0.6024096385542169,99.3975903614458,44.57831325301205,54.81927710843374
12122,12,122,1129,170,1,169,77,92,15.057573073516387,0.5882352941176471,99.41176470588235,45.294117647058826,54.11764705882353
12123,12,123,1176,140,0,140,46,94,11.904761904761903,0.0,100.0,32.857142857142854,67.14285714285714
12124,12,124,1126,132,2,130,56,74,11.72291296625222,1.5151515151515151,98.48484848484848,42.42424242424242,56.060606060606055
12125,12,125,1167,168,2,166,82,84,14.395886889460154,1.1904761904761905,98.80952380952381,48.80952380952381,50.0
12126,12,126,1307,175,0,175,80,95,13.389441469013008,0.0,100.0,45.714285714285715,54.285714285714285
12201,12,201,1045,180,1,179,57,122,17.22488038277512,0.5555555555555556,99.44444444444444,31.666666666666664,67.77777777777779
12202,12,202,1127,151,0,151,41,110,13.398402839396628,0.0,100.0,27.1523178807947,72.84768211920529
12203,12,203,1131,247,0,247,76,171,21.839080459770116,0.0,100.0,30.76923076923077,69.23076923076923
12204,12,204,915,201,1,200,51,149,21.9672131147541,0.4975124378109453,99.50248756218906,25.37313432835821,74.12935323383084
12205,12,205,741,196,1,195,62,133,26.450742240215924,0.5102040816326531,99.48979591836735,31.63265306122449,67.85714285714286
12206,12,206,1281,154,0,154,57,97,12.021857923497267,0.0,100.0,37.01298701298701,62.98701298701299
12207,12,207,1303,215,1,214,52,162,16.500383729854182,0.46511627906976744,99.53488372093024,24.186046511627907,75.34883720930232
12208,12,208,1200,111,0,111,27,84,9.25,0.0,100.0,24.324324324324326,75.67567567567568
12209,12,209,1213,144,1,143,39,104,11.871393239901073,0.6944444444444444,99.30555555555556,27.083333333333332,72.22222222222221
12210,12,210,1198,158,0,158,53,105,13.18864774624374,0.0,100.0,33.54430379746836,66.45569620253164
12211,12,211,1309,214,2,212,66,146,16.348357524828113,0.9345794392523363,99.06542056074767,30.8411214953271,68.22429906542055
12212,12,212,1240,151,1,150,28,122,12.17741935483871,0.6622516556291391,99.33774834437085,18.543046357615893,80.79470198675497
12213,12,213,1109,189,0,189,69,120,17.04238052299369,0.0,100.0,36.507936507936506,63.49206349206349
12214,12,214,1241,215,1,214,61,153,17.32473811442385,0.46511627906976744,99.53488372093024,28.37209302325581,71.16279069767441
12215,12,215,1317,197,3,194,49,145,14.958238420653,1.5228426395939088,98.47715736040608,24.873096446700508,73.60406091370558
12216,12,216,909,133,1,132,55,77,14.631463146314633,0.7518796992481203,99.24812030075188,41.35338345864661,57.89473684210527
12217,12,217,1171,190,1,189,71,118,16.225448334756617,0.5263157894736842,99.47368421052632,37.368421052631575,62.10526315789474
12218,12,218,935,83,1,82,33,49,8.877005347593583,1.2048192771084338,98.79518072289156,39.75903614457831,59.036144578313255
12219,12,219,984,141,2,139,44,95,14.329268292682926,1.4184397163120568,98.58156028368793,31.20567375886525,67.37588652482269
12220,12,220,1183,129,1,128,51,77,10.904480135249365,0.7751937984496124,99.2248062015504,39.53488372093023,59.68992248062015
12221,12,221,1279,205,1,204,84,120,16.028146989835808,0.4878048780487805,99.51219512195122,40.97560975609756,58.536585365853654
12222,12,222,1297,147,0,147,70,77,11.333847340015419,0.0,100.0,47.61904761904761,52.38095238095239
12223,12,223,557,173,0,173,53,120,31.05924596050269,0.0,100.0,30.63583815028902,69.36416184971098
12224,12,224,321,73,0,73,19,54,22.741433021806852,0.0,100.0,26.027397260273972,73.97260273972603
12225,12,225,1092,185,2,183,63,120,16.94139194139194,1.0810810810810811,98.91891891891892,34.054054054054056,64.86486486486487
12226,12,226,961,163,0,163,33,130,16.96149843912591,0.0,100.0,20.245398773006134,79.75460122699386
12301,12,301,1300,435,2,433,113,320,33.46153846153846,0.45977011494252873,99.54022988505747,25.97701149425287,73.5632183908046
12302,12,302,1211,320,0,320,97,223,26.424442609413706,0.0,100.0,30.312499999999996,69.6875
12303,12,303,1216,294,1,293,86,207,24.177631578947366,0.3401360544217687,99.65986394557824,29.25170068027211,70.40816326530613
12304,12,304,998,249,0,249,108,141,24.949899799599198,0.0,100.0,43.373493975903614,56.62650602409639
12305,12,305,1224,323,0,323,118,205,26.38888888888889,0.0,100.0,36.53250773993808,63.46749226006192
12306,12,306,1381,348,0,348,107,241,25.19913106444605,0.0,100.0,30.747126436781606,69.25287356321839
12307,12,307,1343,364,4,360,112,248,27.10349962769918,1.098901098901099,98.9010989010989,30.76923076923077,68.13186813186813
12308,12,308,1252,343,1,342,103,239,27.3961661341853,0.2915451895043732,99.70845481049562,30.029154518950435,69.67930029154519
12309,12,309,1295,295,1,294,124,170,22.779922779922778,0.3389830508474576,99.66101694915255,42.03389830508474,57.6271186440678
12310,12,310,1187,316,4,312,99,213,26.621735467565287,1.2658227848101267,98.73417721518987,31.329113924050635,67.40506329113924
12311,12,311,1170,262,0,262,83,179,22.393162393162395,0.0,100.0,31.679389312977097,68.32061068702289
12312,12,312,1334,309,3,306,83,223,23.163418290854572,0.9708737864077669,99.02912621359224,26.860841423948216,72.168284789644
12313,12,313,1231,312,1,311,92,219,25.345247766043865,0.3205128205128205,99.67948717948718,29.48717948717949,70.1923076923077
12314,12,314,1201,217,1,216,89,127,18.06827643630308,0.4608294930875576,99.53917050691244,41.013824884792626,58.525345622119815
12315,12,315,1173,307,3,304,99,205,26.17220801364024,0.9771986970684038,99.0228013029316,32.24755700325733,66.77524429967427
12316,12,316,1280,275,2,273,124,149,21.484375,0.7272727272727273,99.27272727272727,45.09090909090909,54.18181818181819
12317,12,317,1277,243,2,241,89,152,19.028974158183242,0.823045267489712,99.1769547325103,36.62551440329218,62.55144032921811
12318,12,318,1178,319,0,319,133,186,27.079796264855688,0.0,100.0,41.692789968652036,58.307210031347964
12319,12,319,1362,164,2,162,50,112,12.041116005873716,1.2195121951219512,98.78048780487805,30.48780487804878,68.29268292682927
12320,12,320,1118,131,0,131,43,88,11.717352415026834,0.0,100.0,32.82442748091603,67.17557251908397
12321,12,321,1269,232,0,232,81,151,18.282111899133174,0.0,100.0,34.91379310344828,65.08620689655173
12322,12,322,1343,230,3,227,71,156,17.125837676842888,1.3043478260869565,98.69565217391305,30.869565217391305,67.82608695652173
12323,12,323,1066,280,0,280,80,200,26.26641651031895,0.0,100.0,28.57142857142857,71.42857142857143
12324,12,324,249,71,1,70,22,48,28.514056224899598,1.4084507042253522,98.59154929577466,30.985915492957744,67.6056338028169
12325,12,325,1208,250,0,250,137,113,20.695364238410598,0.0,100.0,54.800000000000004,45.2
12401,12,401,1449,383,2,381,165,216,26.432022084196,0.5221932114882507,99.47780678851174,43.08093994778068,56.39686684073107
12402,12,402,1232,240,0,240,83,157,19.480519480519483,0.0,100.0,34.583333333333336,65.41666666666667
12403,12,403,1137,215,2,213,62,151,18.909410729991205,0.9302325581395349,99.06976744186046,28.837209302325583,70.23255813953489
12404,12,404,1186,119,1,118,30,88,10.03372681281619,0.8403361344537815,99.15966386554622,25.210084033613445,73.94957983193278
12405,12,405,1305,174,1,173,61,112,13.333333333333334,0.5747126436781609,99.42528735632183,35.05747126436782,64.36781609195403
12406,12,406,1293,224,0,224,101,123,17.324052590873936,0.0,100.0,45.089285714285715,54.91071428571429
12407,12,407,1108,299,1,298,121,177,26.985559566787003,0.33444816053511706,99.66555183946488,40.468227424749166,59.19732441471572
12408,12,408,1617,420,2,418,177,241,25.97402597402597,0.4761904761904762,99.52380952380952,42.142857142857146,57.38095238095238
12409,12,409,1153,249,3,246,71,175,21.595836947094536,1.2048192771084338,98.79518072289156,28.514056224899598,70.28112449799197
12410,12,410,992,186,2,184,49,135,18.75,1.0752688172043012,98.9247311827957,26.344086021505376,72.58064516129032
12411,12,411,884,193,1,192,42,150,21.832579185520363,0.5181347150259068,99.48186528497409,21.761658031088082,77.720207253886
12412,12,412,1336,342,3,339,125,214,25.59880239520958,0.8771929824561403,99.12280701754386,36.54970760233918,62.57309941520468
12413,12,413,1290,254,3,251,82,169,19.689922480620154,1.1811023622047243,98.81889763779527,32.28346456692913,66.53543307086615
12414,12,414,1399,291,4,287,130,157,20.800571837026446,1.3745704467353952,98.62542955326461,44.67353951890035,53.95189003436426
12415,12,415,1329,233,1,232,108,124,17.531978931527465,0.4291845493562232,99.57081545064378,46.3519313304721,53.21888412017167
12416,12,416,1325,224,0,224,73,151,16.90566037735849,0.0,100.0,32.589285714285715,67.41071428571429
12417,12,417,1362,309,3,306,102,204,22.687224669603523,0.9708737864077669,99.02912621359224,33.00970873786408,66.01941747572816
12418,12,418,1360,192,1,191,78,113,14.117647058823529,0.5208333333333333,99.47916666666666,40.625,58.854166666666664
12419,12,419,1421,228,0,228,74,154,16.045038705137227,0.0,100.0,32.45614035087719,67.54385964912281
12420,12,420,1298,250,1,249,84,165,19.26040061633282,0.4,99.6,33.6,66.0
12421,12,421,1091,294,0,294,106,188,26.947754353803848,0.0,100.0,36.054421768707485,63.94557823129252
12422,12,422,1129,225,2,223,74,149,19.929140832595216,0.8888888888888888,99.11111111111111,32.88888888888889,66.22222222222223
12423,12,423,1272,232,0,232,97,135,18.238993710691823,0.0,100.0,41.810344827586206,58.189655172413794
12424,12,424,1333,234,1,233,49,184,17.554388597149288,0.4273504273504274,99.57264957264957,20.94017094017094,78.63247863247864
12425,12,425,975,200,1,199,46,153,20.51282051282051,0.5,99.5,23.0,76.5
12426,12,426,912,140,0,140,48,92,15.350877192982457,0.0,100.0,34.285714285714285,65.71428571428571
12427,12,427,1180,194,0,194,76,118,16.440677966101696,0.0,100.0,39.175257731958766,60.824742268041234
12501,12,501,1179,352,2,350,131,219,29.855810008481765,0.5681818181818182,99.43181818181817,37.215909090909086,62.21590909090909
12502,12,502,1214,299,1,298,91,207,24.629324546952226,0.33444816053511706,99.66555183946488,30.434782608695656,69.23076923076923
12503,12,503,1326,298,1,297,98,199,22.473604826546005,0.33557046979865773,99.66442953020133,32.88590604026846,66.77852348993288
12504,12,504,1224,91,0,91,25,66,7.434640522875817,0.0,100.0,27.472527472527474,72.52747252747253
12505,12,505,879,125,0,125,30,95,14.220705346985211,0.0,100.0,24.0,76.0
12506,12,506,846,104,0,104,25,79,12.293144208037825,0.0,100.0,24.03846153846154,75.96153846153845
12507,12,507,789,91,0,91,27,64,11.533586818757922,0.0,100.0,29.67032967032967,70.32967032967034
12508,12,508,604,44,0,44,17,27,7.28476821192053,0.0,100.0,38.63636363636363,61.36363636363637
12509,12,509,941,84,0,84,20,64,8.926673751328375,0.0,100.0,23.809523809523807,76.19047619047619
12510,12,510,716,63,1,62,18,44,8.798882681564246,1.5873015873015872,98.4126984126984,28.57142857142857,69.84126984126983
12511,12,511,1292,89,0,89,25,64,6.888544891640867,0.0,100.0,28.08988764044944,71.91011235955057
12512,12,512,969,127,0,127,43,84,13.106295149638802,0.0,100.0,33.85826771653544,66.14173228346458
12513,12,513,1171,96,0,96,17,79,8.198121263877029,0.0,100.0,17.708333333333336,82.29166666666666
12514,12,514,1202,81,0,81,24,57,6.738768718801996,0.0,100.0,29.629629629629626,70.37037037037037
12515,12,515,799,81,0,81,20,61,10.137672090112641,0.0,100.0,24.691358024691358,75.30864197530865
12516,12,516,1213,135,0,135,54,81,11.129431162407254,0.0,100.0,40.0,60.0
12517,12,517,900,92,0,92,21,71,10.222222222222223,0.0,100.0,22.82608695652174,77.17391304347827
12518,12,518,1133,163,0,163,48,115,14.386584289496913,0.0,100.0,29.447852760736197,70.5521472392638
12519,12,519,1108,124,1,123,35,88,11.191335740072201,0.8064516129032258,99.19354838709677,28.225806451612907,70.96774193548387
12520,12,520,982,61,0,61,23,38,6.211812627291242,0.0,100.0,37.704918032786885,62.295081967213115
12521,12,521,1005,150,0,150,50,100,14.925373134328357,0.0,100.0,33.33333333333333,66.66666666666666
12522,12,522,783,68,0,68,10,58,8.684546615581098,0.0,100.0,14.705882352941178,85.29411764705883
12523,12,523,1145,121,1,120,32,88,10.56768558951965,0.8264462809917356,99.17355371900827,26.446280991735538,72.72727272727273
12524,12,524,1105,114,1,113,27,86,10.316742081447963,0.8771929824561403,99.12280701754386,23.684210526315788,75.43859649122807
12525,12,525,765,167,1,166,44,122,21.830065359477125,0.5988023952095809,99.40119760479041,26.34730538922156,73.05389221556887
12526,12,526,1247,114,0,114,25,89,9.141940657578187,0.0,100.0,21.929824561403507,78.0701754385965
12601,12,601,266,72,0,72,37,35,27.06766917293233,0.0,100.0,51.388888888888886,48.61111111111111
12602,12,602,1316,391,2,389,121,268,29.711246200607906,0.5115089514066496,99.48849104859335,30.946291560102303,68.54219948849105
12603,12,603,1166,240,0,240,96,144,20.58319039451115,0.0,100.0,40.0,60.0
12604,12,604,1043,303,2,301,124,177,29.050814956855227,0.6600660066006601,99.33993399339934,40.92409240924093,58.415841584158414
12605,12,605,871,237,2,235,78,157,27.210103329506314,0.8438818565400843,99.15611814345992,32.91139240506329,66.24472573839662
12606,12,606,1222,329,0,329,129,200,26.923076923076923,0.0,100.0,39.209726443769,60.790273556231
12607,12,607,991,242,0,242,95,147,24.419778002018163,0.0,100.0,39.25619834710744,60.74380165289256
12608,12,608,692,189,2,187,75,112,27.3121387283237,1.0582010582010581,98.94179894179894,39.682539682539684,59.25925925925925
12609,12,609,1240,297,3,294,93,201,23.951612903225804,1.0101010101010102,98.98989898989899,31.313131313131315,67.67676767676768
12610,12,610,962,238,0,238,102,136,24.74012474012474,0.0,100.0,42.857142857142854,57.14285714285714
12611,12,611,806,215,3,212,78,134,26.674937965260547,1.3953488372093024,98.6046511627907,36.27906976744186,62.32558139534884
12612,12,612,1226,257,0,257,91,166,20.96247960848287,0.0,100.0,35.40856031128405,64.59143968871595
12613,12,613,1079,285,1,284,115,169,26.413345690454126,0.3508771929824561,99.64912280701755,40.35087719298245,59.29824561403508
12614,12,614,1214,237,1,236,113,123,19.522240527182866,0.42194092827004215,99.57805907172997,47.67932489451477,51.89873417721519
12615,12,615,1298,279,0,279,94,185,21.49460708782743,0.0,100.0,33.691756272401435,66.30824372759857
12616,12,616,1217,306,2,304,115,189,25.143796220213638,0.6535947712418301,99.34640522875817,37.58169934640523,61.76470588235294
12617,12,617,1189,306,1,305,142,163,25.735912531539107,0.32679738562091504,99.67320261437908,46.40522875816993,53.26797385620915
12618,12,618,1263,312,3,309,136,173,24.70308788598575,0.9615384615384616,99.03846153846155,43.58974358974359,55.44871794871795
12619,12,619,1249,417,5,412,177,235,33.38670936749399,1.1990407673860912,98.8009592326139,42.44604316546763,56.35491606714629
12620,12,620,968,262,0,262,96,166,27.066115702479337,0.0,100.0,36.6412213740458,63.358778625954194
12621,12,621,916,249,0,249,122,127,27.183406113537117,0.0,100.0,48.99598393574297,51.00401606425703
12622,12,622,1079,259,0,259,90,169,24.003707136237256,0.0,100.0,34.74903474903475,65.25096525096525
12623,12,623,872,247,1,246,78,168,28.325688073394495,0.4048582995951417,99.59514170040485,31.57894736842105,68.0161943319838
12624,12,624,1133,344,2,342,107,235,30.36187113857017,0.5813953488372093,99.4186046511628,31.1046511627907,68.31395348837209
12625,12,625,1114,216,0,216,86,130,19.389587073608617,0.0,100.0,39.81481481481482,60.18518518518518
12626,12,626,1191,317,1,316,116,200,26.616288832913522,0.31545741324921134,99.6845425867508,36.59305993690852,63.09148264984227
121A,12,1A,0,455,2,453,171,282,inf,0.43956043956043955,99.56043956043956,37.582417582417584,61.97802197802198
121B,12,1B,0,0,0,0,0,0,0.0,0.0,0.0,0.0,0.0
121C,12,1C,0,368,1,367,171,196,inf,0.2717391304347826,99.72826086956522,46.46739130434783,53.2608695652174
121D,12,1D,0,0,0,0,0,0,0.0,0.0,0.0,0.0,0.0
121E,12,1E,0,485,0,485,178,307,inf,0.0,100.0,36.70103092783505,63.298969072164944
121F,12,1F,0,0,0,0,0,0,0.0,0.0,0.0,0.0,0.0
121G,12,1G,0,497,1,496,178,318,inf,0.2012072434607646,99.79879275653923,35.8148893360161,63.983903420523134
121H,12,1H,0,0,0,0,0,0,0.0,0.0,0.0,0.0,0.0
121I,12,1I,0,469,1,468,233,235,inf,0.21321961620469082,99.7867803837953,49.68017057569296,50.10660980810234
121J,12,1J,0,0,0,0,0,0,0.0,0.0,0.0,0.0,0.0
121K,12,1K,0,787,4,783,388,395,inf,0.5082592121982211,99.49174078780177,49.30114358322745,50.19059720457433
121L,12,1L,0,0,0,0,0,0,0.0,0.0,0.0,0.0,0.0
121M,12,1M,0,0,0,0,0,0,0.0,0.0,0.0,0.0,0.0
122A,12,2A,0,645,0,645,211,434,inf,0.0,100.0,32.713178294573645,67.28682170542636
122B,12,2B,0,0,0,0,0,0,0.0,0.0,0.0,0.0,0.0
122C,12,2C,0,469,0,469,141,328,inf,0.0,100.0,30.06396588486141,69.9360341151386
122D,12,2D,0,0,0,0,0,0,0.0,0.0,0.0,0.0,0.0
122E,12,2E,0,593,0,593,218,375,inf,0.0,100.0,36.76222596964587,63.23777403035413
122F,12,2F,0,0,0,0,0,0,0.0,0.0,0.0,0.0,0.0
122G,12,2G,0,688,3,685,200,485,inf,0.436046511627907,99.56395348837209,29.069767441860467,70.49418604651163
122H,12,2H,0,0,0,0,0,0,0.0,0.0,0.0,0.0,0.0
122I,12,2I,0,431,1,430,164,266,inf,0.23201856148491878,99.76798143851508,38.05104408352668,61.7169373549884
122J,12,2J,0,0,0,0,0,0,0.0,0.0,0.0,0.0,0.0
122K,12,2K,0,707,2,705,249,456,inf,0.2828854314002829,99.71711456859971,35.21923620933522,64.49787835926449
122L,12,2L,0,0,0,0,0,0,0.0,0.0,0.0,0.0,0.0
122M,12,2M,0,0,0,0,0,0,0.0,0.0,0.0,0.0,0.0
123A,12,3A,0,695,1,694,185,509,inf,0.14388489208633093,99.85611510791367,26.618705035971225,73.23741007194245
123B,12,3B,0,0,0,0,0,0,0.0,0.0,0.0,0.0,0.0
123C,12,3C,0,848,1,847,248,599,inf,0.1179245283018868,99.88207547169812,29.245283018867923,70.63679245283019
123D,12,3D,0,931,5,926,327,599,inf,0.5370569280343717,99.46294307196563,35.12352309344791,64.33941997851772
123E,12,3E,0,0,0,0,0,0,0.0,0.0,0.0,0.0,0.0
123F,12,3F,0,880,1,879,249,630,inf,0.11363636363636363,99.88636363636364,28.295454545454547,71.5909090909091
123G,12,3G,0,0,0,0,0,0,0.0,0.0,0.0,0.0,0.0
123H,12,3H,0,0,0,0,0,0,0.0,0.0,0.0,0.0,0.0
123I,12,3I,0,0,0,0,0,0,0.0,0.0,0.0,0.0,0.0
123J,12,3J,0,599,3,596,261,335,inf,0.5008347245409015,99.4991652754591,43.572621035058425,55.926544240400666
123K,12,3K,0,732,0,732,245,487,inf,0.0,100.0,33.46994535519126,66.53005464480874
123L,12,3L,0,0,0,0,0,0,0.0,0.0,0.0,0.0,0.0
123M,12,3M,0,0,0,0,0,0,0.0,0.0,0.0,0.0,0.0
123N,12,3N,0,0,0,0,0,0,0.0,0.0,0.0,0.0,0.0
123P,12,3P,0,703,3,700,218,482,inf,0.42674253200568996,99.57325746799431,31.0099573257468,68.56330014224751
124A,12,4A,0,892,2,890,374,516,inf,0.2242152466367713,99.77578475336323,41.92825112107623,57.847533632286996
124B,12,4B,0,597,1,596,200,396,inf,0.16750418760469013,99.83249581239531,33.50083752093803,66.33165829145729
124C,12,4C,0,0,0,0,0,0,0.0,0.0,0.0,0.0,0.0
124D,12,4D,0,895,1,894,319,575,inf,0.11173184357541899,99.88826815642457,35.64245810055866,64.24581005586593
124E,12,4E,0,0,0,0,0,0,0.0,0.0,0.0,0.0,0.0
124F,12,4F,0,0,0,0,0,0,0.0,0.0,0.0,0.0,0.0
124G,12,4G,0,706,2,704,246,458,inf,0.28328611898017,99.71671388101983,34.844192634560905,64.87252124645893
124H,12,4H,0,0,0,0,0,0,0.0,0.0,0.0,0.0,0.0
124I,12,4I,0,750,1,749,316,433,inf,0.13333333333333333,99.86666666666667,42.13333333333333,57.733333333333334
124J,12,4J,0,548,1,547,180,367,inf,0.18248175182481752,99.81751824817519,32.846715328467155,66.97080291970804
124K,12,4K,0,576,0,576,197,379,inf,0.0,100.0,34.20138888888889,65.79861111111111
124L,12,4L,0,0,0,0,0,0,0.0,0.0,0.0,0.0,0.0
124M,12,4M,0,0,0,0,0,0,0.0,0.0,0.0,0.0,0.0
124N,12,4N,0,0,0,0,0,0,0.0,0.0,0.0,0.0,0.0
125A,12,5A,0,855,2,853,241,612,inf,0.23391812865497078,99.76608187134502,28.18713450292398,71.57894736842105
125B,12,5B,0,0,0,0,0,0,0.0,0.0,0.0,0.0,0.0
125C,12,5C,0,472,1,471,113,358,inf,0.211864406779661,99.78813559322035,23.940677966101696,75.84745762711864
125D,12,5D,0,0,0,0,0,0,0.0,0.0,0.0,0.0,0.0
125E,12,5E,0,357,0,357,129,228,inf,0.0,100.0,36.134453781512605,63.86554621848739
125F,12,5F,0,384,0,384,116,268,inf,0.0,100.0,30.208333333333332,69.79166666666666
125G,12,5G,0,0,0,0,0,0,0.0,0.0,0.0,0.0,0.0
125H,12,5H,0,681,2,679,184,495,inf,0.2936857562408223,99.70631424375918,27.019089574155654,72.68722466960352
125I,12,5I,0,0,0,0,0,0,0.0,0.0,0.0,0.0,0.0
125J,12,5J,0,0,0,0,0,0,0.0,0.0,0.0,0.0,0.0
126A,12,6A,0,590,1,589,189,400,inf,0.1694915254237288,99.83050847457628,32.03389830508475,67.79661016949152
126B,12,6B,0,0,0,0,0,0,0.0,0.0,0.0,0.0,0.0
126C,12,6C,0,671,1,670,219,451,inf,0.14903129657228018,99.85096870342772,32.63785394932936,67.21311475409836
126D,12,6D,0,412,1,411,145,266,inf,0.24271844660194172,99.75728155339806,35.19417475728155,64.56310679611651
126E,12,6E,0,0,0,0,0,0,0.0,0.0,0.0,0.0,0.0
126F,12,6F,0,500,3,497,144,353,inf,0.6,99.4,28.799999999999997,70.6
126G,12,6G,0,0,0,0,0,0,0.0,0.0,0.0,0.0,0.0
126H,12,6H,0,561,0,561,192,369,inf,0.0,100.0,34.22459893048128,65.77540106951871
126I,12,6I,0,0,0,0,0,0,0.0,0.0,0.0,0.0,0.0
126J,12,6J,0,0,0,0,0,0,0.0,0.0,0.0,0.0,0.0
126K,12,6K,0,536,1,535,197,338,inf,0.18656716417910446,99.81343283582089,36.75373134328358,63.059701492537314
126L,12,6L,0,0,0,0,0,0,0.0,0.0,0.0,0.0,0.0
126M,12,6M,0,519,1,518,175,343,inf,0.1926782273603083,99.8073217726397,33.71868978805395,66.08863198458575
126N,12,6N,0,425,0,425,148,277,inf,0.0,100.0,34.8235294117647,65.17647058823529
126P,12,6P,0,0,0,0,0,0,0.0,0.0,0.0,0.0,0.0
126Q,12,6Q,0,461,5,456,185,271,inf,1.0845986984815619,98.91540130151843,40.130151843817785,58.78524945770065
126R,12,6R,0,0,0,0,0,0,0.0,0.0,0.0,0.0,0.0
126S,12,6S,0,617,1,616,204,412,inf,0.1620745542949757,99.83792544570503,33.06320907617504,66.77471636952998
126T,12,6T,0,0,0,0,0,0,0.0,0.0,0.0,0.0,0.0
126U,12,6U,0,380,3,377,124,253,inf,0.7894736842105263,99.21052631578947,32.631578947368425,66.57894736842105
126V,12,6V,0,0,0,0,0,0,0.0,0.0,0.0,0.0,0.0
126W,12,6W,0,0,0,0,0,0,0.0,0.0,0.0,0.0,0.0
