id,district_id,electoral_district_id,eligible_voters,voters,invalid_votes,valid_votes,vote_yes,vote_no,voter_turnout,invalid_votes_percentage,valid_votes_percentage,vote_yes_percentage,vote_no_percentage
01100,01,100,1651,231,0,231,150,81,0.1399152029073289,0.0,1.0,0.6493506493506493,0.35064935064935066
01101,01,101,1966,334,1,333,225,108,0.1698880976602238,0.0029940119760479044,0.9970059880239521,0.6736526946107785,0.32335329341317365
01102,01,102,1242,199,2,197,128,69,0.16022544283413848,0.010050251256281407,0.9899497487437185,0.6432160804020101,0.34673366834170855
01103,01,103,0,0,0,0,0,0,0.0,0.0,0.0,0.0,0.0
01104,01,104,1246,279,1,278,191,87,0.22391653290529695,0.0035842293906810036,0.996415770609319,0.6845878136200717,0.3118279569892473
01105,01,105,2022,436,0,436,329,107,0.21562809099901087,0.0,1.0,0.7545871559633027,0.24541284403669725
01106,01,106,1437,288,0,288,185,103,0.20041753653444677,0.0,1.0,0.6423611111111112,0.3576388888888889
01107,01,107,2151,373,4,369,255,114,0.17340771734077173,0.010723860589812333,0.9892761394101877,0.6836461126005362,0.30563002680965146
01108,01,108,0,0,0,0,0,0,0.0,0.0,0.0,0.0,0.0
01109,01,109,1079,142,1,141,73,68,0.13160333642261354,0.007042253521126761,0.9929577464788732,0.5140845070422535,0.4788732394366197
01110,01,110,1243,324,3,321,241,80,0.2606596942880129,0.009259259259259259,0.9907407407407407,0.7438271604938271,0.24691358024691357
01111,01,111,0,0,0,0,0,0,0.0,0.0,0.0,0.0,0.0
01112,01,112,1159,287,0,287,214,73,0.24762726488352027,0.0,1.0,0.7456445993031359,0.25435540069686413
01113,01,113,1443,400,0,400,293,107,0.2772002772002772,0.0,1.0,0.7325,0.2675
01114,01,114,1425,339,1,338,271,67,0.23789473684210527,0.0029498525073746312,0.9970501474926253,0.799410029498525,0.1976401179941003
01115,01,115,1560,342,1,341,218,123,0.21923076923076923,0.0029239766081871343,0.9970760233918129,0.6374269005847953,0.35964912280701755
01116,01,116,0,0,0,0,0,0,0.0,0.0,0.0,0.0,0.0
01117,01,117,1324,362,2,360,293,67,0.27341389728096677,0.0055248618784530384,0.994475138121547,0.8093922651933702,0.1850828729281768
01118,01,118,1353,337,2,335,263,72,0.24907612712490762,0.005934718100890208,0.9940652818991098,0.7804154302670623,0.21364985163204747
01119,01,119,1913,454,1,453,334,119,0.23732357553580763,0.0022026431718061676,0.9977973568281938,0.73568281938326,0.2621145374449339
01120,01,120,1011,250,0,250,187,63,0.24727992087042533,0.0,1.0,0.748,0.252
01121,01,121,0,0,0,0,0,0,0.0,0.0,0.0,0.0,0.0
01122,01,122,2027,466,0,466,344,122,0.22989639861864825,0.0,1.0,0.7381974248927039,0.26180257510729615
01123,01,123,0,0,0,0,0,0,0.0,0.0,0.0,0.0,0.0
01124,01,124,1267,194,0,194,118,76,0.15311760063141278,0.0,1.0,0.6082474226804123,0.3917525773195876
01125,01,125,1463,257,2,255,181,74,0.17566643882433355,0.007782101167315175,0.9922178988326849,0.7042801556420234,0.28793774319066145
01200,01,200,2052,359,2,357,143,214,0.17495126705653022,0.005571030640668524,0.9944289693593314,0.3983286908077994,0.596100278551532
01201,01,201,0,0,0,0,0,0,0.0,0.0,0.0,0.0,0.0
01202,01,202,1129,192,1,191,85,106,0.17006200177147918,0.005208333333333333,0.9947916666666666,0.4427083333333333,0.5520833333333334
01203,01,203,1543,195,2,193,92,101,0.12637718729747247,0.010256410256410256,0.9897435897435898,0.4717948717948718,0.517948717948718
01204,01,204,1546,224,0,224,109,115,0.1448900388098318,0.0,1.0,0.48660714285714285,0.5133928571428571
01205,01,205,2010,356,2,354,202,152,0.1771144278606965,0.0056179775280898875,0.9943820224719101,0.5674157303370787,0.42696629213483145
01206,01,206,1294,203,1,202,108,94,0.15687789799072643,0.0049261083743842365,0.9950738916256158,0.5320197044334976,0.4630541871921182
01207,01,207,1967,368,1,367,249,118,0.18708693441789528,0.002717391304347826,0.9972826086956522,0.6766304347826086,0.32065217391304346
01208,01,208,0,0,0,0,0,0,0.0,0.0,0.0,0.0,0.0
01209,01,209,1152,275,0,275,212,63,0.2387152777777778,0.0,1.0,0.7709090909090909,0.2290909090909091
01210,01,210,1982,410,5,405,312,93,0.20686175580222,0.012195121951219513,0.9878048780487805,0.7609756097560976,0.22682926829268293
01211,01,211,0,0,0,0,0,0,0.0,0.0,0.0,0.0,0.0
01212,01,212,1457,298,0,298,202,96,0.20452985586822237,0.0,1.0,0.6778523489932886,0.3221476510067114
01213,01,213,0,0,0,0,0,0,0.0,0.0,0.0,0.0,0.0
01214,01,214,815,96,0,96,55,41,0.11779141104294479,0.0,1.0,0.5729166666666666,0.4270833333333333
01215,01,215,1843,382,0,382,169,213,0.20727075420510038,0.0,1.0,0.4424083769633508,0.5575916230366492
01216,01,216,0,0,0,0,0,0,0.0,0.0,0.0,0.0,0.0
01217,01,217,1750,266,0,266,130,136,0.152,0.0,1.0,0.48872180451127817,0.5112781954887218
01218,01,218,936,173,0,173,75,98,0.18482905982905984,0.0,1.0,0.43352601156069365,0.5664739884393064
01219,01,219,0,0,0,0,0,0,0.0,0.0,0.0,0.0,0.0
01220,01,220,1798,260,0,260,145,115,0.1446051167964405,0.0,1.0,0.5576923076923077,0.4423076923076923
01221,01,221,1432,265,1,264,152,112,0.18505586592178772,0.0037735849056603774,0.9962264150943396,0.5735849056603773,0.4226415094339623
01222,01,222,0,0,0,0,0,0,0.0,0.0,0.0,0.0,0.0
01223,01,223,1542,313,1,312,200,112,0.20298313878080415,0.003194888178913738,0.9968051118210862,0.6389776357827476,0.35782747603833864
01224,01,224,1280,213,0,213,110,103,0.16640625,0.0,1.0,0.5164319248826291,0.4835680751173709
01225,01,225,1323,226,0,226,119,107,0.1708238851095994,0.0,1.0,0.5265486725663717,0.47345132743362833
01226,01,226,0,0,0,0,0,0,0.0,0.0,0.0,0.0,0.0
01227,01,227,1487,329,1,328,227,101,0.22125084061869535,0.00303951367781155,0.9969604863221885,0.6899696048632219,0.3069908814589666
01228,01,228,1194,211,0,211,112,99,0.17671691792294808,0.0,1.0,0.5308056872037915,0.46919431279620855
01229,01,229,1053,222,0,222,150,72,0.21082621082621084,0.0,1.0,0.6756756756756757,0.32432432432432434
01300,01,300,2144,385,4,381,289,92,0.17957089552238806,0.01038961038961039,0.9896103896103896,0.7506493506493507,0.23896103896103896
01301,01,301,0,0,0,0,0,0,0.0,0.0,0.0,0.0,0.0
01302,01,302,2005,343,2,341,218,123,0.171072319201995,0.0058309037900874635,0.9941690962099126,0.6355685131195336,0.358600583090379
01303,01,303,0,0,0,0,0,0,0.0,0.0,0.0,0.0,0.0
01304,01,304,873,241,1,240,158,82,0.27605956471935855,0.004149377593360996,0.995850622406639,0.6556016597510373,0.34024896265560167
01305,01,305,2172,447,2,445,279,166,0.2058011049723757,0.0044742729306487695,0.9955257270693513,0.6241610738255033,0.3713646532438479
01306,01,306,1322,334,1,333,255,78,0.2526475037821483,0.0029940119760479044,0.9970059880239521,0.7634730538922155,0.23353293413173654
01307,01,307,0,0,0,0,0,0,0.0,0.0,0.0,0.0,0.0
01308,01,308,1116,276,0,276,204,72,0.24731182795698925,0.0,1.0,0.7391304347826086,0.2608695652173913
01309,01,309,2183,554,0,554,385,169,0.25377920293174533,0.0,1.0,0.6949458483754513,0.30505415162454874
01310,01,310,0,0,0,0,0,0,0.0,0.0,0.0,0.0,0.0
01311,01,311,1772,380,6,374,279,95,0.2144469525959368,0.015789473684210527,0.9842105263157894,0.7342105263157894,0.25
01312,01,312,0,0,0,0,0,0,0.0,0.0,0.0,0.0,0.0
01313,01,313,825,160,1,159,105,54,0.19393939393939394,0.00625,0.99375,0.65625,0.3375
01314,01,314,1853,381,3,378,238,140,0.20561252023745277,0.007874015748031496,0.9921259842519685,0.6246719160104987,0.3674540682414698
01315,01,315,0,0,0,0,0,0,0.0,0.0,0.0,0.0,0.0
01316,01,316,1310,178,0,178,71,107,0.13587786259541984,0.0,1.0,0.398876404494382,0.601123595505618
01317,01,317,1973,429,3,426,274,152,0.21743537759756715,0.006993006993006993,0.993006993006993,0.6386946386946387,0.3543123543123543
01318,01,318,0,0,0,0,0,0,0.0,0.0,0.0,0.0,0.0
01319,01,319,1535,431,2,429,282,147,0.2807817589576547,0.004640371229698376,0.9953596287703016,0.654292343387471,0.34106728538283065
01320,01,320,0,0,0,0,0,0,0.0,0.0,0.0,0.0,0.0
01321,01,321,2148,308,0,308,146,162,0.14338919925512103,0.0,1.0,0.474025974025974,0.525974025974026
01322,01,322,0,0,0,0,0,0,0.0,0.0,0.0,0.0,0.0
01323,01,323,1136,257,1,256,120,136,0.2262323943661972,0.0038910505836575876,0.9961089494163424,0.4669260700389105,0.5291828793774319
01324,01,324,1494,180,2,178,84,94,0.12048192771084337,0.011111111111111112,0.9888888888888889,0.4666666666666667,0.5222222222222223
01325,01,325,1022,180,2,178,110,68,0.1761252446183953,0.011111111111111112,0.9888888888888889,0.6111111111111112,0.37777777777777777
01326,01,326,1501,303,3,300,205,95,0.20186542305129915,0.009900990099009901,0.9900990099009901,0.6765676567656765,0.31353135313531355
01327,01,327,1517,306,0,306,221,85,0.2017139090309822,0.0,1.0,0.7222222222222222,0.2777777777777778
01400,01,400,2110,404,0,404,311,93,0.19146919431279621,0.0,1.0,0.7698019801980198,0.2301980198019802
01401,01,401,0,0,0,0,0,0,0.0,0.0,0.0,0.0,0.0
01402,01,402,2200,412,0,412,316,96,0.18727272727272729,0.0,1.0,0.7669902912621359,0.23300970873786409
01403,01,403,1642,323,0,323,244,79,0.1967113276492083,0.0,1.0,0.7554179566563467,0.24458204334365324
01404,01,404,0,0,0,0,0,0,0.0,0.0,0.0,0.0,0.0
01405,01,405,0,0,0,0,0,0,0.0,0.0,0.0,0.0,0.0
01406,01,406,1952,379,0,379,291,88,0.19415983606557377,0.0,1.0,0.7678100263852242,0.23218997361477572
01407,01,407,0,0,0,0,0,0,0.0,0.0,0.0,0.0,0.0
01408,01,408,963,254,1,253,200,53,0.26375908618899274,0.003937007874015748,0.9960629921259843,0.7874015748031497,0.20866141732283464
01409,01,409,951,224,1,223,157,66,0.23554153522607782,0.004464285714285714,0.9955357142857143,0.7008928571428571,0.29464285714285715
01410,01,410,1265,286,0,286,230,56,0.22608695652173913,0.0,1.0,0.8041958041958042,0.1958041958041958
01411,01,411,1094,205,0,205,149,56,0.18738574040219377,0.0,1.0,0.7268292682926829,0.2731707317073171
01412,01,412,1654,375,1,374,267,107,0.2267230955259976,0.0026666666666666666,0.9973333333333333,0.712,0.2853333333333333
01413,01,413,0,0,0,0,0,0,0.0,0.0,0.0,0.0,0.0
01414,01,414,1801,414,3,411,324,87,0.22987229317046085,0.007246376811594203,0.9927536231884058,0.782608695652174,0.21014492753623187
01415,01,415,1820,409,1,408,304,104,0.22472527472527473,0.0024449877750611247,0.9975550122249389,0.7432762836185819,0.254278728606357
01416,01,416,0,0,0,0,0,0,0.0,0.0,0.0,0.0,0.0
01417,01,417,1115,195,0,195,140,55,0.17488789237668162,0.0,1.0,0.717948717948718,0.28205128205128205
01418,01,418,1137,195,1,194,136,58,0.17150395778364116,0.005128205128205128,0.9948717948717949,0.6974358974358974,0.29743589743589743
01419,01,419,1237,295,4,291,233,58,0.23848019401778497,0.013559322033898305,0.9864406779661017,0.7898305084745763,0.19661016949152543
01420,01,420,1667,334,1,333,220,113,0.20035992801439712,0.0029940119760479044,0.9970059880239521,0.6586826347305389,0.3383233532934132
01421,01,421,0,0,0,0,0,0,0.0,0.0,0.0,0.0,0.0
01422,01,422,0,0,0,0,0,0,0.0,0.0,0.0,0.0,0.0
01423,01,423,928,173,1,172,97,75,0.18642241379310345,0.005780346820809248,0.9942196531791907,0.5606936416184971,0.43352601156069365
01424,01,424,1207,243,2,241,170,71,0.20132560066280034,0.00823045267489712,0.9917695473251029,0.6995884773662552,0.29218106995884774
01425,01,425,1268,299,1,298,225,73,0.2358044164037855,0.0033444816053511705,0.9966555183946488,0.7525083612040134,0.24414715719063546
01426,01,426,1205,234,0,234,190,44,0.1941908713692946,0.0,1.0,0.811965811965812,0.18803418803418803
01427,01,427,1694,360,3,357,290,67,0.21251475796930341,0.008333333333333333,0.9916666666666667,0.8055555555555556,0.18611111111111112
01428,01,428,0,0,0,0,0,0,0.0,0.0,0.0,0.0,0.0
01500,01,500,1721,262,1,261,109,152,0.15223707147007554,0.003816793893129771,0.9961832061068703,0.41603053435114506,0.5801526717557252
01501,01,501,0,0,0,0,0,0,0.0,0.0,0.0,0.0,0.0
01502,01,502,1341,227,1,226,119,107,0.16927665920954513,0.004405286343612335,0.9955947136563876,0.5242290748898678,0.4713656387665198
01503,01,503,1607,220,0,220,75,145,0.13690105787181084,0.0,1.0,0.3409090909090909,0.6590909090909091
01504,01,504,0,0,0,0,0,0,0.0,0.0,0.0,0.0,0.0
01505,01,505,0,0,0,0,0,0,0.0,0.0,0.0,0.0,0.0
01506,01,506,951,180,1,179,62,117,0.1892744479495268,0.005555555555555556,0.9944444444444445,0.34444444444444444,0.65
01507,01,507,1341,211,1,210,104,106,0.15734526472781507,0.004739336492890996,0.995260663507109,0.4928909952606635,0.5023696682464455
01508,01,508,1127,261,2,259,122,137,0.2315882874889086,0.007662835249042145,0.9923371647509579,0.4674329501915709,0.524904214559387
01509,01,509,1099,173,0,173,81,92,0.15741583257506825,0.0,1.0,0.4682080924855491,0.5317919075144508
01510,01,510,989,121,0,121,50,71,0.12234580384226491,0.0,1.0,0.4132231404958678,0.5867768595041323
01511,01,511,1050,138,0,138,44,94,0.13142857142857142,0.0,1.0,0.3188405797101449,0.6811594202898551
01512,01,512,2073,194,1,193,110,83,0.09358417752050169,0.005154639175257732,0.9948453608247423,0.5670103092783505,0.42783505154639173
01513,01,513,1285,277,2,275,204,71,0.21556420233463036,0.007220216606498195,0.9927797833935018,0.7364620938628159,0.2563176895306859
01514,01,514,1882,318,0,318,206,112,0.1689691817215728,0.0,1.0,0.6477987421383647,0.3522012578616352
01515,01,515,1228,212,2,210,129,81,0.17263843648208468,0.009433962264150943,0.9905660377358491,0.6084905660377359,0.38207547169811323
01516,01,516,0,0,0,0,0,0,0.0,0.0,0.0,0.0,0.0
01517,01,517,1271,222,0,222,144,78,0.17466561762391816,0.0,1.0,0.6486486486486487,0.35135135135135137
01518,01,518,1256,175,2,173,146,27,0.1393312101910828,0.011428571428571429,0.9885714285714285,0.8342857142857143,0.15428571428571428
01519,01,519,1364,290,2,288,225,63,0.2126099706744868,0.006896551724137931,0.993103448275862,0.7758620689655172,0.21724137931034482
01520,01,520,1322,263,0,263,220,43,0.1989409984871407,0.0,1.0,0.8365019011406845,0.1634980988593156
01521,01,521,0,0,0,0,0,0,0.0,0.0,0.0,0.0,0.0
01522,01,522,1492,267,1,266,144,122,0.1789544235924933,0.003745318352059925,0.9962546816479401,0.5393258426966292,0.45692883895131087
01523,01,523,0,0,0,0,0,0,0.0,0.0,0.0,0.0,0.0
01524,01,524,1627,301,1,300,227,73,0.18500307314074985,0.0033222591362126247,0.9966777408637874,0.7541528239202658,0.2425249169435216
01525,01,525,0,0,0,0,0,0,0.0,0.0,0.0,0.0,0.0
01526,01,526,1410,262,0,262,214,48,0.18581560283687942,0.0,1.0,0.816793893129771,0.183206106870229
01600,01,600,1323,204,0,204,157,47,0.15419501133786848,0.0,1.0,0.7696078431372549,0.23039215686274508
01601,01,601,1911,417,1,416,269,147,0.21821036106750394,0.002398081534772182,0.9976019184652278,0.645083932853717,0.35251798561151076
01602,01,602,0,0,0,0,0,0,0.0,0.0,0.0,0.0,0.0
01603,01,603,1681,247,0,247,193,54,0.14693634741225461,0.0,1.0,0.7813765182186235,0.21862348178137653
01604,01,604,0,0,0,0,0,0,0.0,0.0,0.0,0.0,0.0
01605,01,605,1770,266,3,263,180,83,0.15028248587570622,0.011278195488721804,0.9887218045112782,0.6766917293233082,0.31203007518796994
01606,01,606,0,0,0,0,0,0,0.0,0.0,0.0,0.0,0.0
01607,01,607,1780,228,0,228,195,33,0.12808988764044943,0.0,1.0,0.8552631578947368,0.14473684210526316
01608,01,608,999,158,1,157,133,24,0.15815815815815815,0.006329113924050633,0.9936708860759493,0.8417721518987342,0.1518987341772152
01609,01,609,1120,170,1,169,135,34,0.15178571428571427,0.0058823529411764705,0.9941176470588236,0.7941176470588235,0.2
01610,01,610,1149,153,0,153,115,38,0.13315926892950392,0.0,1.0,0.7516339869281046,0.24836601307189543
01611,01,611,1295,199,0,199,150,49,0.15366795366795366,0.0,1.0,0.7537688442211056,0.24623115577889448
01612,01,612,0,0,0,0,0,0,0.0,0.0,0.0,0.0,0.0
01613,01,613,1352,239,1,238,193,45,0.17677514792899407,0.0041841004184100415,0.99581589958159,0.8075313807531381,0.18828451882845187
01614,01,614,1145,252,2,250,142,108,0.2200873362445415,0.007936507936507936,0.9920634920634921,0.5634920634920635,0.42857142857142855
01615,01,615,881,100,0,100,82,18,0.11350737797956867,0.0,1.0,0.82,0.18
01616,01,616,1953,352,1,351,296,55,0.18023553507424475,0.002840909090909091,0.9971590909090909,0.8409090909090909,0.15625
01617,01,617,0,0,0,0,0,0,0.0,0.0,0.0,0.0,0.0
01618,01,618,1438,295,1,294,225,69,0.2051460361613352,0.003389830508474576,0.9966101694915255,0.7627118644067796,0.23389830508474577
01619,01,619,1127,218,2,216,150,66,0.19343389529724933,0.009174311926605505,0.9908256880733946,0.6880733944954128,0.30275229357798167
01620,01,620,1022,145,0,145,114,31,0.14187866927592954,0.0,1.0,0.7862068965517242,0.21379310344827587
01621,01,621,972,111,0,111,100,11,0.11419753086419752,0.0,1.0,0.9009009009009009,0.0990990990990991
01622,01,622,1543,217,0,217,168,49,0.1406351263771873,0.0,1.0,0.7741935483870968,0.22580645161290322
01623,01,623,0,0,0,0,0,0,0.0,0.0,0.0,0.0,0.0
01624,01,624,1233,152,3,149,108,41,0.12327656123276562,0.019736842105263157,0.9802631578947368,0.7105263157894737,0.26973684210526316
01625,01,625,972,140,0,140,103,37,0.1440329218106996,0.0,1.0,0.7357142857142858,0.2642857142857143
01700,01,700,2068,371,0,371,293,78,0.17940038684719536,0.0,1.0,0.7897574123989218,0.21024258760107817
01701,01,701,0,0,0,0,0,0,0.0,0.0,0.0,0.0,0.0
01702,01,702,1029,178,0,178,133,45,0.1729834791059281,0.0,1.0,0.7471910112359551,0.25280898876404495
01703,01,703,1056,195,0,195,131,64,0.1846590909090909,0.0,1.0,0.6717948717948717,0.3282051282051282
01704,01,704,1717,355,3,352,294,58,0.20675596971461851,0.008450704225352112,0.9915492957746479,0.828169014084507,0.16338028169014085
01705,01,705,0,0,0,0,0,0,0.0,0.0,0.0,0.0,0.0
01706,01,706,1168,268,1,267,219,48,0.22945205479452055,0.0037313432835820895,0.996268656716418,0.8171641791044776,0.1791044776119403
01707,01,707,1160,266,0,266,205,61,0.2293103448275862,0.0,1.0,0.7706766917293233,0.22932330827067668
01708,01,708,1053,202,1,201,155,46,0.19183285849952517,0.0049504950495049506,0.995049504950495,0.7673267326732673,0.22772277227722773
01709,01,709,1148,229,2,227,181,46,0.1994773519163763,0.008733624454148471,0.9912663755458515,0.7903930131004366,0.20087336244541484
01710,01,710,1292,220,1,219,158,61,0.17027863777089783,0.004545454545454545,0.9954545454545455,0.7181818181818181,0.2772727272727273
01711,01,711,1170,192,1,191,156,35,0.1641025641025641,0.005208333333333333,0.9947916666666666,0.8125,0.18229166666666666
01712,01,712,1389,216,0,216,158,58,0.15550755939524838,0.0,1.0,0.7314814814814815,0.26851851851851855
01713,01,713,1948,287,1,286,189,97,0.1473305954825462,0.003484320557491289,0.9965156794425087,0.6585365853658537,0.33797909407665505
01714,01,714,0,0,0,0,0,0,0.0,0.0,0.0,0.0,0.0
01715,01,715,1151,163,0,163,96,67,0.1416159860990443,0.0,1.0,0.588957055214724,0.4110429447852761
01716,01,716,948,150,0,150,60,90,0.15822784810126583,0.0,1.0,0.4,0.6
01717,01,717,1129,180,0,180,84,96,0.15943312666076173,0.0,1.0,0.4666666666666667,0.5333333333333333
01718,01,718,850,102,0,102,60,42,0.12,0.0,1.0,0.5882352941176471,0.4117647058823529
01719,01,719,944,94,1,93,35,58,0.09957627118644068,0.010638297872340425,0.9893617021276596,0.3723404255319149,0.6170212765957447
01720,01,720,1329,265,3,262,160,102,0.19939804364183597,0.011320754716981131,0.9886792452830189,0.6037735849056604,0.3849056603773585
01721,01,721,1498,239,1,238,161,77,0.1595460614152203,0.0041841004184100415,0.99581589958159,0.6736401673640168,0.32217573221757323
01722,01,722,987,155,0,155,108,47,0.15704154002026344,0.0,1.0,0.6967741935483871,0.3032258064516129
01723,01,723,1303,231,1,230,142,88,0.1772831926323868,0.004329004329004329,0.9956709956709957,0.6147186147186147,0.38095238095238093
01724,01,724,1932,253,0,253,142,111,0.13095238095238096,0.0,1.0,0.5612648221343873,0.43873517786561267
01725,01,725,0,0,0,0,0,0,0.0,0.0,0.0,0.0,0.0
011A,01,1A,0,514,0,514,326,188,inf,0.0,1.0,0.6342412451361867,0.3657587548638132
011B,01,1B,0,954,1,953,602,351,inf,0.0010482180293501049,0.9989517819706499,0.6310272536687631,0.36792452830188677
011C,01,1C,0,0,0,0,0,0,0.0,0.0,0.0,0.0,0.0
011D,01,1D,0,940,21,919,622,297,inf,0.022340425531914895,0.9776595744680852,0.6617021276595745,0.3159574468085106
011E,01,1E,0,940,3,937,556,381,inf,0.0031914893617021275,0.9968085106382979,0.5914893617021276,0.4053191489361702
011F,01,1F,0,0,0,0,0,0,0.0,0.0,0.0,0.0,0.0
011G,01,1G,0,425,0,425,247,178,inf,0.0,1.0,0.5811764705882353,0.4188235294117647
011H,01,1H,0,0,0,0,0,0,0.0,0.0,0.0,0.0,0.0
011I,01,1I,0,966,0,966,703,263,inf,0.0,1.0,0.727743271221532,0.2722567287784679
011J,01,1J,0,229,0,229,129,100,inf,0.0,1.0,0.5633187772925764,0.4366812227074236
011K,01,1K,0,0,0,0,0,0,0.0,0.0,0.0,0.0,0.0
011L,01,1L,0,721,0,721,525,196,inf,0.0,1.0,0.7281553398058253,0.27184466019417475
011M,01,1M,0,0,0,0,0,0,0.0,0.0,0.0,0.0,0.0
012A,01,2A,0,835,2,833,347,486,inf,0.0023952095808383233,0.9976047904191617,0.4155688622754491,0.5820359281437125
012B,01,2B,0,0,0,0,0,0,0.0,0.0,0.0,0.0,0.0
012C,01,2C,0,884,0,884,432,452,inf,0.0,1.0,0.48868778280542985,0.5113122171945701
012D,01,2D,0,705,0,705,459,246,inf,0.0,1.0,0.6510638297872341,0.34893617021276596
012E,01,2E,0,0,0,0,0,0,0.0,0.0,0.0,0.0,0.0
012F,01,2F,0,679,1,678,443,235,inf,0.0014727540500736377,0.9985272459499264,0.6524300441826215,0.34609720176730485
012G,01,2G,0,0,0,0,0,0,0.0,0.0,0.0,0.0,0.0
012H,01,2H,0,673,1,672,309,363,inf,0.0014858841010401188,0.9985141158989599,0.4591381872213967,0.5393759286775631
012I,01,2I,0,0,0,0,0,0,0.0,0.0,0.0,0.0,0.0
012J,01,2J,0,846,1,845,533,312,inf,0.001182033096926714,0.9988179669030733,0.6300236406619385,0.36879432624113473
012K,01,2K,0,0,0,0,0,0,0.0,0.0,0.0,0.0,0.0
012L,01,2L,0,588,0,588,349,239,inf,0.0,1.0,0.5935374149659864,0.4064625850340136
012M,01,2M,0,492,1,491,229,262,inf,0.0020325203252032522,0.9979674796747967,0.4654471544715447,0.532520325203252
012N,01,2N,0,0,0,0,0,0,0.0,0.0,0.0,0.0,0.0
013A,01,3A,0,727,1,726,533,193,inf,0.001375515818431912,0.9986244841815681,0.7331499312242091,0.265474552957359
013B,01,3B,0,0,0,0,0,0,0.0,0.0,0.0,0.0,0.0
013C,01,3C,0,940,3,937,631,306,inf,0.0031914893617021275,0.9968085106382979,0.6712765957446809,0.32553191489361705
013D,01,3D,0,0,0,0,0,0,0.0,0.0,0.0,0.0,0.0
013E,01,3E,0,935,1,934,634,300,inf,0.0010695187165775401,0.9989304812834224,0.6780748663101605,0.32085561497326204
013F,01,3F,0,0,0,0,0,0,0.0,0.0,0.0,0.0,0.0
013G,01,3G,0,616,1,615,328,287,inf,0.0016233766233766235,0.9983766233766234,0.5324675324675324,0.4659090909090909
013H,01,3H,0,0,0,0,0,0,0.0,0.0,0.0,0.0,0.0
013I,01,3I,0,961,2,959,560,399,inf,0.002081165452653486,0.9979188345473465,0.5827263267429761,0.41519250780437045
013J,01,3J,0,0,0,0,0,0,0.0,0.0,0.0,0.0,0.0
013K,01,3K,0,541,11,530,315,215,inf,0.02033271719038817,0.9796672828096118,0.5822550831792976,0.3974121996303142
013L,01,3L,0,351,0,351,221,130,inf,0.0,1.0,0.6296296296296297,0.37037037037037035
014A,01,4A,0,588,1,587,454,133,inf,0.0017006802721088435,0.9982993197278912,0.7721088435374149,0.2261904761904762
014B,01,4B,0,0,0,0,0,0,0.0,0.0,0.0,0.0,0.0
014C,01,4C,0,761,5,756,574,182,inf,0.006570302233902759,0.9934296977660972,0.7542706964520368,0.23915900131406045
014D,01,4D,0,0,0,0,0,0,0.0,0.0,0.0,0.0,0.0
014E,01,4E,0,830,2,828,664,164,inf,0.0024096385542168677,0.9975903614457832,0.8,0.19759036144578312
014F,01,4F,0,0,0,0,0,0,0.0,0.0,0.0,0.0,0.0
014G,01,4G,0,534,1,533,415,118,inf,0.0018726591760299626,0.99812734082397,0.7771535580524345,0.2209737827715356
014H,01,4H,0,652,0,652,488,164,inf,0.0,1.0,0.7484662576687117,0.25153374233128833
014I,01,4I,0,0,0,0,0,0,0.0,0.0,0.0,0.0,0.0
014J,01,4J,0,0,0,0,0,0,0.0,0.0,0.0,0.0,0.0
014K,01,4K,0,257,1,256,185,71,inf,0.0038910505836575876,0.9961089494163424,0.7198443579766537,0.27626459143968873
014L,01,4L,0,946,2,944,747,197,inf,0.0021141649048625794,0.9978858350951374,0.7896405919661733,0.20824524312896406
014M,01,4M,0,0,0,0,0,0,0.0,0.0,0.0,0.0,0.0
015A,01,5A,0,604,3,601,289,312,inf,0.004966887417218543,0.9950331125827815,0.478476821192053,0.5165562913907285
015B,01,5B,0,0,0,0,0,0,0.0,0.0,0.0,0.0,0.0
015C,01,5C,0,641,3,638,307,331,inf,0.0046801872074883,0.9953198127925117,0.4789391575663027,0.516380655226209
015D,01,5D,0,0,0,0,0,0,0.0,0.0,0.0,0.0,0.0
015E,01,5E,0,643,2,641,457,184,inf,0.003110419906687403,0.9968895800933126,0.7107309486780715,0.28615863141524106
015F,01,5F,0,540,1,539,374,165,inf,0.001851851851851852,0.9981481481481481,0.6925925925925925,0.3055555555555556
015G,01,5G,0,0,0,0,0,0,0.0,0.0,0.0,0.0,0.0
015H,01,5H,0,576,1,575,392,183,inf,0.001736111111111111,0.9982638888888888,0.6805555555555556,0.3177083333333333
015I,01,5I,0,0,0,0,0,0,0.0,0.0,0.0,0.0,0.0
015J,01,5J,0,0,0,0,0,0,0.0,0.0,0.0,0.0,0.0
015K,01,5K,0,883,6,877,625,252,inf,0.006795016987542469,0.9932049830124575,0.7078142695356738,0.2853907134767837
015L,01,5L,0,0,0,0,0,0,0.0,0.0,0.0,0.0,0.0
016A,01,6A,0,473,0,473,365,108,inf,0.0,1.0,0.7716701902748414,0.22832980972515857
016B,01,6B,0,460,0,460,345,115,inf,0.0,1.0,0.75,0.25
016C,01,6C,0,0,0,0,0,0,0.0,0.0,0.0,0.0,0.0
016D,01,6D,0,0,0,0,0,0,0.0,0.0,0.0,0.0,0.0
016E,01,6E,0,490,0,490,389,101,inf,0.0,1.0,0.7938775510204081,0.20612244897959184
016F,01,6F,0,670,0,670,537,133,inf,0.0,1.0,0.8014925373134328,0.19850746268656716
016G,01,6G,0,0,0,0,0,0,0.0,0.0,0.0,0.0,0.0
016H,01,6H,0,0,0,0,0,0,0.0,0.0,0.0,0.0,0.0
016I,01,6I,0,584,1,583,451,132,inf,0.0017123287671232876,0.9982876712328768,0.7722602739726028,0.22602739726027396
016J,01,6J,0,0,0,0,0,0,0.0,0.0,0.0,0.0,0.0
016K,01,6K,0,274,1,273,224,49,inf,0.0036496350364963502,0.9963503649635036,0.8175182481751825,0.17883211678832117
016L,01,6L,0,481,2,479,370,109,inf,0.004158004158004158,0.9958419958419958,0.7692307692307693,0.22661122661122662
016M,01,6M,0,0,0,0,0,0,0.0,0.0,0.0,0.0,0.0
017A,01,7A,0,629,1,628,488,140,inf,0.001589825119236884,0.9984101748807631,0.7758346581875993,0.22257551669316375
017B,01,7B,0,0,0,0,0,0,0.0,0.0,0.0,0.0,0.0
017C,01,7C,0,713,1,712,566,146,inf,0.001402524544179523,0.9985974754558204,0.7938288920056101,0.20476858345021037
017D,01,7D,0,0,0,0,0,0,0.0,0.0,0.0,0.0,0.0
017E,01,7E,0,667,1,666,529,137,inf,0.0014992503748125937,0.9985007496251874,0.7931034482758621,0.20539730134932535
017F,01,7F,0,0,0,0,0,0,0.0,0.0,0.0,0.0,0.0
017G,01,7G,0,575,5,570,415,155,inf,0.008695652173913044,0.991304347826087,0.7217391304347827,0.26956521739130435
017H,01,7H,0,0,0,0,0,0,0.0,0.0,0.0,0.0,0.0
017I,01,7I,0,415,1,414,272,142,inf,0.0024096385542168677,0.9975903614457832,0.655421686746988,0.3421686746987952
017J,01,7J,0,0,0,0,0,0,0.0,0.0,0.0,0.0,0.0
017K,01,7K,0,143,0,143,94,49,inf,0.0,1.0,0.6573426573426573,0.34265734265734266
017L,01,7L,0,470,0,470,321,149,inf,0.0,1.0,0.6829787234042554,0.3170212765957447
017M,01,7M,0,0,0,0,0,0,0.0,0.0,0.0,0.0,0.0
02101,02,101,1059,173,0,173,110,63,0.16336166194523136,0.0,1.0,0.6358381502890174,0.36416184971098264
02102,02,102,1208,148,3,145,93,52,0.12251655629139073,0.02027027027027027,0.9797297297297297,0.6283783783783784,0.35135135135135137
02103,02,103,1029,95,0,95,52,43,0.0923226433430515,0.0,1.0,0.5473684210526316,0.45263157894736844
02104,02,104,704,96,1,95,59,36,0.13636363636363635,0.010416666666666666,0.9895833333333334,0.6145833333333334,0.375
02105,02,105,1015,145,0,145,85,60,0.14285714285714285,0.0,1.0,0.5862068965517241,0.41379310344827586
02106,02,106,1472,175,1,174,121,53,0.11888586956521739,0.005714285714285714,0.9942857142857143,0.6914285714285714,0.3028571428571429
02107,02,107,610,138,1,137,106,31,0.2262295081967213,0.007246376811594203,0.9927536231884058,0.7681159420289855,0.2246376811594203
02108,02,108,762,115,3,112,80,32,0.15091863517060367,0.02608695652173913,0.9739130434782609,0.6956521739130435,0.2782608695652174
02109,02,109,1182,274,1,273,220,53,0.23181049069373943,0.0036496350364963502,0.9963503649635036,0.8029197080291971,0.19343065693430658
02110,02,110,1088,219,0,219,181,38,0.20128676470588236,0.0,1.0,0.8264840182648402,0.1735159817351598
02111,02,111,1121,245,0,245,211,34,0.21855486173059768,0.0,1.0,0.8612244897959184,0.13877551020408163
02112,02,112,1302,281,0,281,218,63,0.21582181259600614,0.0,1.0,0.7758007117437722,0.22419928825622776
02113,02,113,942,281,4,277,222,55,0.29830148619957536,0.014234875444839857,0.9857651245551602,0.7900355871886121,0.19572953736654805
02114,02,114,805,247,5,242,200,42,0.306832298136646,0.020242914979757085,0.979757085020243,0.8097165991902834,0.1700404858299595
02115,02,115,816,240,1,239,195,44,0.29411764705882354,0.004166666666666667,0.9958333333333333,0.8125,0.18333333333333332
02116,02,116,1015,282,1,281,222,59,0.27783251231527095,0.0035460992907801418,0.9964539007092199,0.7872340425531915,0.20921985815602837
02117,02,117,1047,272,1,271,222,49,0.2597898758357211,0.003676470588235294,0.9963235294117647,0.8161764705882353,0.1801470588235294
02118,02,118,662,149,0,149,110,39,0.22507552870090636,0.0,1.0,0.738255033557047,0.26174496644295303
02119,02,119,831,202,3,199,146,53,0.2430806257521059,0.01485148514851485,0.9851485148514851,0.7227722772277227,0.2623762376237624
02120,02,120,797,202,1,201,159,42,0.2534504391468005,0.0049504950495049506,0.995049504950495,0.7871287128712872,0.2079207920792079
02121,02,121,847,257,3,254,199,55,0.30342384887839435,0.011673151750972763,0.9883268482490273,0.77431906614786,0.2140077821011673
02122,02,122,1019,284,0,284,233,51,0.2787046123650638,0.0,1.0,0.8204225352112676,0.1795774647887324
02123,02,123,719,194,1,193,153,40,0.2698191933240612,0.005154639175257732,0.9948453608247423,0.788659793814433,0.20618556701030927
02124,02,124,1290,354,3,351,287,64,0.2744186046511628,0.00847457627118644,0.9915254237288136,0.8107344632768362,0.1807909604519774
02125,02,125,1325,451,5,446,377,69,0.34037735849056605,0.011086474501108648,0.9889135254988913,0.835920177383592,0.15299334811529933
02126,02,126,904,287,1,286,237,49,0.3174778761061947,0.003484320557491289,0.9965156794425087,0.8257839721254355,0.17073170731707318
02127,02,127,852,206,2,204,178,26,0.24178403755868544,0.009708737864077669,0.9902912621359223,0.8640776699029126,0.1262135922330097
02128,02,128,1219,287,4,283,233,50,0.23543888433141918,0.013937282229965157,0.9860627177700348,0.8118466898954704,0.17421602787456447
02129,02,129,1222,302,1,301,217,84,0.24713584288052373,0.0033112582781456954,0.9966887417218543,0.7185430463576159,0.2781456953642384
02201,02,201,851,236,1,235,187,48,0.2773207990599295,0.00423728813559322,0.9957627118644068,0.7923728813559322,0.2033898305084746
02202,02,202,1054,310,0,310,261,49,0.29411764705882354,0.0,1.0,0.8419354838709677,0.15806451612903225
02203,02,203,890,252,2,250,213,37,0.28314606741573034,0.007936507936507936,0.9920634920634921,0.8452380952380952,0.14682539682539683
02204,02,204,1030,252,1,251,222,29,0.2446601941747573,0.003968253968253968,0.996031746031746,0.8809523809523809,0.11507936507936507
02205,02,205,993,225,1,224,192,32,0.22658610271903323,0.0044444444444444444,0.9955555555555555,0.8533333333333334,0.14222222222222222
02206,02,206,949,266,1,265,223,42,0.2802950474183351,0.0037593984962406013,0.9962406015037594,0.8383458646616542,0.15789473684210525
02207,02,207,1332,366,3,363,295,68,0.2747747747747748,0.00819672131147541,0.9918032786885246,0.8060109289617486,0.18579234972677597
02208,02,208,1115,320,0,320,256,64,0.28699551569506726,0.0,1.0,0.8,0.2
02209,02,209,1115,274,2,272,218,54,0.24573991031390136,0.0072992700729927005,0.9927007299270073,0.7956204379562044,0.19708029197080293
02210,02,210,1111,276,2,274,240,34,0.24842484248424843,0.007246376811594203,0.9927536231884058,0.8695652173913043,0.12318840579710146
02211,02,211,1110,287,0,287,239,48,0.2585585585585586,0.0,1.0,0.8327526132404182,0.1672473867595819
02212,02,212,903,276,3,273,232,41,0.30564784053156147,0.010869565217391304,0.9891304347826086,0.8405797101449275,0.14855072463768115
02213,02,213,1092,283,1,282,244,38,0.2591575091575092,0.0035335689045936395,0.9964664310954063,0.8621908127208481,0.13427561837455831
02214,02,214,920,170,0,170,129,41,0.18478260869565216,0.0,1.0,0.7588235294117647,0.2411764705882353
02215,02,215,896,160,0,160,88,72,0.17857142857142858,0.0,1.0,0.55,0.45
02216,02,216,840,294,1,293,245,48,0.35,0.003401360544217687,0.9965986394557823,0.8333333333333334,0.16326530612244897
02217,02,217,1045,269,2,267,239,28,0.2574162679425837,0.007434944237918215,0.9925650557620818,0.8884758364312267,0.10408921933085502
02218,02,218,1145,350,3,347,307,40,0.3056768558951965,0.008571428571428572,0.9914285714285714,0.8771428571428571,0.11428571428571428
02219,02,219,935,241,2,239,210,29,0.25775401069518716,0.008298755186721992,0.991701244813278,0.8713692946058091,0.12033195020746888
02220,02,220,1120,306,3,303,257,46,0.2732142857142857,0.00980392156862745,0.9901960784313726,0.8398692810457516,0.1503267973856209
02221,02,221,894,207,1,206,180,26,0.23154362416107382,0.004830917874396135,0.9951690821256038,0.8695652173913043,0.12560386473429952
02222,02,222,1095,285,4,281,216,65,0.2602739726027397,0.014035087719298246,0.9859649122807017,0.7578947368421053,0.22807017543859648
02223,02,223,840,123,0,123,86,37,0.14642857142857144,0.0,1.0,0.6991869918699187,0.3008130081300813
02224,02,224,917,214,0,214,177,37,0.23336968375136313,0.0,1.0,0.8271028037383178,0.17289719626168223
02225,02,225,700,177,0,177,134,43,0.25285714285714284,0.0,1.0,0.7570621468926554,0.24293785310734464
02226,02,226,1293,375,0,375,284,91,0.2900232018561485,0.0,1.0,0.7573333333333333,0.24266666666666667
02301,02,301,1083,358,1,357,315,42,0.33056325023084027,0.002793296089385475,0.9972067039106145,0.8798882681564246,0.11731843575418995
02302,02,302,1203,369,0,369,288,81,0.30673316708229426,0.0,1.0,0.7804878048780488,0.21951219512195122
02303,02,303,1179,300,1,299,237,62,0.2544529262086514,0.0033333333333333335,0.9966666666666667,0.79,0.20666666666666667
02304,02,304,1091,290,1,289,243,46,0.26581118240146656,0.0034482758620689655,0.996551724137931,0.8379310344827586,0.15862068965517243
02305,02,305,1100,340,0,340,285,55,0.3090909090909091,0.0,1.0,0.8382352941176471,0.16176470588235295
02306,02,306,1032,263,1,262,211,51,0.2548449612403101,0.0038022813688212928,0.9961977186311787,0.8022813688212928,0.19391634980988592
02307,02,307,809,117,0,117,78,39,0.1446229913473424,0.0,1.0,0.6666666666666666,0.3333333333333333
02308,02,308,1192,200,1,199,134,65,0.16778523489932887,0.005,0.995,0.67,0.325
02309,02,309,810,144,1,143,101,42,0.17777777777777778,0.006944444444444444,0.9930555555555556,0.7013888888888888,0.2916666666666667
02310,02,310,1236,216,0,216,132,84,0.17475728155339806,0.0,1.0,0.6111111111111112,0.3888888888888889
02311,02,311,1168,184,1,183,115,68,0.15753424657534246,0.005434782608695652,0.9945652173913043,0.625,0.3695652173913043
02312,02,312,766,116,0,116,70,46,0.1514360313315927,0.0,1.0,0.603448275862069,0.39655172413793105
02313,02,313,829,95,0,95,56,39,0.11459589867310012,0.0,1.0,0.5894736842105263,0.4105263157894737
02314,02,314,1178,120,0,120,48,72,0.10186757215619695,0.0,1.0,0.4,0.6
02315,02,315,947,115,0,115,76,39,0.12143611404435058,0.0,1.0,0.6608695652173913,0.3391304347826087
02316,02,316,1206,139,0,139,77,62,0.11525704809286899,0.0,1.0,0.5539568345323741,0.4460431654676259
02317,02,317,1260,246,1,245,213,32,0.19523809523809524,0.0040650406504065045,0.9959349593495935,0.8658536585365854,0.13008130081300814
02318,02,318,914,172,1,171,140,31,0.18818380743982493,0.005813953488372093,0.9941860465116279,0.813953488372093,0.18023255813953487
02319,02,319,943,264,1,263,225,38,0.2799575821845175,0.003787878787878788,0.9962121212121212,0.8522727272727273,0.14393939393939395
02320,02,320,1028,190,0,190,161,29,0.18482490272373542,0.0,1.0,0.8473684210526315,0.15263157894736842
02321,02,321,908,208,1,207,176,31,0.2290748898678414,0.004807692307692308,0.9951923076923077,0.8461538461538461,0.14903846153846154
02322,02,322,983,166,3,163,126,37,0.1688708036622584,0.018072289156626505,0.9819277108433735,0.7590361445783133,0.22289156626506024
02323,02,323,1111,307,0,307,231,76,0.2763276327632763,0.0,1.0,0.752442996742671,0.247557003257329
02324,02,324,1137,321,2,319,271,48,0.28232189973614774,0.006230529595015576,0.9937694704049844,0.8442367601246106,0.14953271028037382
02325,02,325,1109,206,0,206,145,61,0.18575293056807934,0.0,1.0,0.7038834951456311,0.2961165048543689
02326,02,326,1071,316,1,315,268,47,0.2950513538748833,0.0031645569620253164,0.9968354430379747,0.8481012658227848,0.14873417721518986
02327,02,327,880,244,3,241,197,44,0.2772727272727273,0.012295081967213115,0.9877049180327869,0.8073770491803278,0.18032786885245902
02401,02,401,1107,164,0,164,76,88,0.14814814814814814,0.0,1.0,0.4634146341463415,0.5365853658536586
02402,02,402,1099,209,0,209,89,120,0.19017288444040037,0.0,1.0,0.4258373205741627,0.5741626794258373
02403,02,403,1248,144,2,142,83,59,0.11538461538461539,0.013888888888888888,0.9861111111111112,0.5763888888888888,0.4097222222222222
02404,02,404,1072,172,0,172,89,83,0.16044776119402984,0.0,1.0,0.5174418604651163,0.48255813953488375
02405,02,405,861,189,0,189,115,74,0.21951219512195122,0.0,1.0,0.6084656084656085,0.3915343915343915
02406,02,406,978,216,0,216,146,70,0.22085889570552147,0.0,1.0,0.6759259259259259,0.32407407407407407
02407,02,407,784,181,0,181,121,60,0.2308673469387755,0.0,1.0,0.6685082872928176,0.3314917127071823
02408,02,408,874,178,1,177,134,43,0.2036613272311213,0.0056179775280898875,0.9943820224719101,0.7528089887640449,0.24157303370786518
02409,02,409,1060,174,0,174,108,66,0.1641509433962264,0.0,1.0,0.6206896551724138,0.3793103448275862
02410,02,410,1022,287,2,285,193,92,0.2808219178082192,0.006968641114982578,0.9930313588850174,0.6724738675958188,0.3205574912891986
02411,02,411,1132,234,1,233,150,83,0.2067137809187279,0.004273504273504274,0.9957264957264957,0.6410256410256411,0.3547008547008547
02412,02,412,1062,252,2,250,181,69,0.23728813559322035,0.007936507936507936,0.9920634920634921,0.7182539682539683,0.27380952380952384
02413,02,413,911,194,2,192,136,56,0.21295279912184412,0.010309278350515464,0.9896907216494846,0.7010309278350515,0.28865979381443296
02414,02,414,947,206,1,205,164,41,0.21752903907074975,0.0048543689320388345,0.9951456310679612,0.7961165048543689,0.19902912621359223
02415,02,415,1160,282,0,282,193,89,0.24310344827586206,0.0,1.0,0.6843971631205674,0.31560283687943264
02416,02,416,1300,301,2,299,185,114,0.23153846153846153,0.006644518272425249,0.9933554817275747,0.6146179401993356,0.3787375415282392
02417,02,417,1045,251,2,249,169,80,0.24019138755980862,0.00796812749003984,0.9920318725099602,0.6733067729083665,0.3187250996015936
02418,02,418,1154,139,0,139,64,75,0.12045060658578856,0.0,1.0,0.460431654676259,0.539568345323741
02419,02,419,1281,228,0,228,129,99,0.17798594847775176,0.0,1.0,0.5657894736842105,0.4342105263157895
02420,02,420,779,139,0,139,73,66,0.17843388960205392,0.0,1.0,0.5251798561151079,0.4748201438848921
02421,02,421,926,144,0,144,76,68,0.15550755939524838,0.0,1.0,0.5277777777777778,0.4722222222222222
02422,02,422,827,169,0,169,93,76,0.20435308343409916,0.0,1.0,0.5502958579881657,0.44970414201183434
02423,02,423,1095,135,0,135,82,53,0.1232876712328767,0.0,1.0,0.6074074074074074,0.3925925925925926
02424,02,424,852,172,1,171,109,62,0.20187793427230047,0.005813953488372093,0.9941860465116279,0.6337209302325582,0.36046511627906974
02425,02,425,1160,309,0,309,248,61,0.2663793103448276,0.0,1.0,0.8025889967637541,0.19741100323624594
02426,02,426,1131,318,2,316,250,66,0.28116710875331563,0.006289308176100629,0.9937106918238994,0.7861635220125787,0.20754716981132076
02427,02,427,1058,177,0,177,114,63,0.16729678638941398,0.0,1.0,0.6440677966101694,0.3559322033898305
02501,02,501,911,224,2,222,168,54,0.24588364434687157,0.008928571428571428,0.9910714285714286,0.75,0.24107142857142858
02502,02,502,1269,258,0,258,197,61,0.2033096926713948,0.0,1.0,0.7635658914728682,0.2364341085271318
02503,02,503,1217,232,0,232,186,46,0.19063270336894,0.0,1.0,0.8017241379310345,0.19827586206896552
02504,02,504,1057,261,0,261,191,70,0.2469252601702933,0.0,1.0,0.7318007662835249,0.2681992337164751
02505,02,505,1237,312,2,310,244,66,0.25222312045270817,0.00641025641025641,0.9935897435897436,0.782051282051282,0.21153846153846154
02506,02,506,1115,229,1,228,176,52,0.20538116591928252,0.004366812227074236,0.9956331877729258,0.7685589519650655,0.22707423580786026
02507,02,507,1202,259,1,258,203,55,0.21547420965058237,0.003861003861003861,0.9961389961389961,0.7837837837837838,0.21235521235521235
02508,02,508,1278,280,2,278,201,77,0.2190923317683881,0.007142857142857143,0.9928571428571429,0.7178571428571429,0.275
02509,02,509,1004,279,2,277,200,77,0.2778884462151394,0.007168458781362007,0.992831541218638,0.7168458781362007,0.27598566308243727
02510,02,510,935,190,1,189,140,49,0.20320855614973263,0.005263157894736842,0.9947368421052631,0.7368421052631579,0.2578947368421053
02511,02,511,788,169,0,169,145,24,0.21446700507614214,0.0,1.0,0.8579881656804734,0.14201183431952663
02512,02,512,934,271,1,270,216,54,0.29014989293361887,0.0036900369003690036,0.996309963099631,0.7970479704797048,0.1992619926199262
02513,02,513,1205,321,1,320,269,51,0.26639004149377593,0.003115264797507788,0.9968847352024922,0.838006230529595,0.1588785046728972
02514,02,514,969,248,1,247,207,40,0.25593395252837975,0.004032258064516129,0.9959677419354839,0.8346774193548387,0.16129032258064516
02515,02,515,1031,232,0,232,204,28,0.22502424830261883,0.0,1.0,0.8793103448275862,0.1206896551724138
02516,02,516,979,185,0,185,158,27,0.18896833503575078,0.0,1.0,0.8540540540540541,0.14594594594594595
02517,02,517,1229,311,1,310,257,53,0.2530512611879577,0.003215434083601286,0.9967845659163987,0.8263665594855305,0.17041800643086816
02518,02,518,1196,247,2,245,191,54,0.20652173913043478,0.008097165991902834,0.9919028340080972,0.7732793522267206,0.21862348178137653
02519,02,519,1020,255,1,254,199,55,0.25,0.00392156862745098,0.996078431372549,0.7803921568627451,0.21568627450980393
02520,02,520,1202,308,1,307,230,77,0.2562396006655574,0.003246753246753247,0.9967532467532467,0.7467532467532467,0.25
02521,02,521,1022,267,1,266,209,57,0.26125244618395305,0.003745318352059925,0.9962546816479401,0.7827715355805244,0.21348314606741572
02522,02,522,1181,238,1,237,181,56,0.20152413209144793,0.004201680672268907,0.9957983193277311,0.7605042016806722,0.23529411764705882
02523,02,523,1041,242,1,241,185,56,0.23246878001921228,0.004132231404958678,0.9958677685950413,0.7644628099173554,0.23140495867768596
02524,02,524,1033,238,1,237,171,66,0.23039690222652467,0.004201680672268907,0.9957983193277311,0.7184873949579832,0.2773109243697479
02525,02,525,988,237,1,236,186,50,0.23987854251012145,0.004219409282700422,0.9957805907172996,0.7848101265822784,0.2109704641350211
02526,02,526,1153,312,0,312,254,58,0.27059843885516044,0.0,1.0,0.8141025641025641,0.1858974358974359
02601,02,601,1309,317,0,317,213,104,0.24216959511077157,0.0,1.0,0.6719242902208202,0.3280757097791798
02602,02,602,885,222,0,222,140,82,0.25084745762711863,0.0,1.0,0.6306306306306306,0.36936936936936937
02603,02,603,1098,289,1,288,220,68,0.26320582877959925,0.0034602076124567475,0.9965397923875432,0.7612456747404844,0.23529411764705882
02604,02,604,999,197,0,197,119,78,0.1971971971971972,0.0,1.0,0.6040609137055838,0.39593908629441626
02605,02,605,1215,264,0,264,212,52,0.21728395061728395,0.0,1.0,0.803030303030303,0.19696969696969696
02606,02,606,795,194,0,194,164,30,0.2440251572327044,0.0,1.0,0.845360824742268,0.15463917525773196
02607,02,607,854,281,2,279,217,62,0.32903981264637,0.0071174377224199285,0.9928825622775801,0.7722419928825622,0.2206405693950178
02608,02,608,1181,295,0,295,236,59,0.2497883149872989,0.0,1.0,0.8,0.2
02609,02,609,1094,245,0,245,205,40,0.22394881170018283,0.0,1.0,0.8367346938775511,0.16326530612244897
02610,02,610,1245,338,0,338,252,86,0.2714859437751004,0.0,1.0,0.7455621301775148,0.25443786982248523
02611,02,611,959,257,1,256,205,51,0.26798748696558916,0.0038910505836575876,0.9961089494163424,0.7976653696498055,0.19844357976653695
02612,02,612,1038,284,0,284,237,47,0.27360308285163776,0.0,1.0,0.8345070422535211,0.16549295774647887
02613,02,613,1177,288,2,286,253,33,0.24468988954970264,0.006944444444444444,0.9930555555555556,0.8784722222222222,0.11458333333333333
02614,02,614,1198,316,0,316,249,67,0.2637729549248748,0.0,1.0,0.7879746835443038,0.2120253164556962
02615,02,615,731,160,0,160,133,27,0.2188782489740082,0.0,1.0,0.83125,0.16875
02616,02,616,1177,293,0,293,224,69,0.24893797790994052,0.0,1.0,0.764505119453925,0.2354948805460751
02617,02,617,1133,267,0,267,219,48,0.235657546337158,0.0,1.0,0.8202247191011236,0.1797752808988764
02618,02,618,962,239,0,239,203,36,0.24844074844074845,0.0,1.0,0.8493723849372385,0.1506276150627615
02619,02,619,812,205,1,204,174,30,0.2524630541871921,0.004878048780487805,0.9951219512195122,0.848780487804878,0.14634146341463414
02620,02,620,1033,192,2,190,159,31,0.18586640851887706,0.010416666666666666,0.9895833333333334,0.828125,0.16145833333333334
02621,02,621,788,171,0,171,141,30,0.217005076142132,0.0,1.0,0.8245614035087719,0.17543859649122806
02622,02,622,981,194,0,194,148,46,0.19775739041794088,0.0,1.0,0.7628865979381443,0.23711340206185566
02623,02,623,888,209,1,208,175,33,0.23536036036036037,0.004784688995215311,0.9952153110047847,0.8373205741626795,0.15789473684210525
02624,02,624,883,201,1,200,178,22,0.2276330690826727,0.004975124378109453,0.9950248756218906,0.8855721393034826,0.10945273631840796
02625,02,625,691,195,0,195,157,38,0.2821997105643994,0.0,1.0,0.8051282051282052,0.19487179487179487
02626,02,626,977,255,2,253,207,46,0.2610030706243603,0.00784313725490196,0.9921568627450981,0.8117647058823529,0.1803921568627451
02627,02,627,758,196,0,196,147,49,0.25857519788918204,0.0,1.0,0.75,0.25
02628,02,628,903,205,1,204,161,43,0.22702104097452935,0.004878048780487805,0.9951219512195122,0.7853658536585366,0.2097560975609756
021A,02,1A,0,362,0,362,294,68,inf,0.0,1.0,0.8121546961325967,0.1878453038674033
021AA,02,1AA,0,283,0,283,224,59,inf,0.0,1.0,0.7915194346289752,0.20848056537102475
021AB,02,1AB,0,306,0,306,215,91,inf,0.0,1.0,0.7026143790849673,0.2973856209150327
021B,02,1B,0,114,2,112,78,34,inf,0.017543859649122806,0.9824561403508771,0.6842105263157895,0.2982456140350877
021C,02,1C,0,73,2,71,46,25,inf,0.0273972602739726,0.9726027397260274,0.6301369863013698,0.3424657534246575
021D,02,1D,0,76,0,76,54,22,inf,0.0,1.0,0.7105263157894737,0.2894736842105263
021E,02,1E,0,84,1,83,56,27,inf,0.011904761904761904,0.9880952380952381,0.6666666666666666,0.32142857142857145
021F,02,1F,0,170,0,170,105,65,inf,0.0,1.0,0.6176470588235294,0.38235294117647056
021G,02,1G,0,293,0,293,189,104,inf,0.0,1.0,0.6450511945392492,0.35494880546075086
021H,02,1H,0,224,0,224,171,53,inf,0.0,1.0,0.7633928571428571,0.23660714285714285
021J,02,1J,0,240,0,240,187,53,inf,0.0,1.0,0.7791666666666667,0.22083333333333333
021K,02,1K,0,210,1,209,172,37,inf,0.004761904761904762,0.9952380952380953,0.819047619047619,0.1761904761904762
021L,02,1L,0,234,0,234,185,49,inf,0.0,1.0,0.7905982905982906,0.2094017094017094
021M,02,1M,0,194,0,194,152,42,inf,0.0,1.0,0.7835051546391752,0.21649484536082475
021N,02,1N,0,316,1,315,248,67,inf,0.0031645569620253164,0.9968354430379747,0.7848101265822784,0.2120253164556962
021P,02,1P,0,190,0,190,145,45,inf,0.0,1.0,0.7631578947368421,0.23684210526315788
021Q,02,1Q,0,191,0,191,158,33,inf,0.0,1.0,0.8272251308900523,0.17277486910994763
021R,02,1R,0,232,0,232,178,54,inf,0.0,1.0,0.7672413793103449,0.23275862068965517
021S,02,1S,0,181,0,181,130,51,inf,0.0,1.0,0.7182320441988951,0.281767955801105
021T,02,1T,0,130,0,130,108,22,inf,0.0,1.0,0.8307692307692308,0.16923076923076924
021U,02,1U,0,122,0,122,97,25,inf,0.0,1.0,0.7950819672131147,0.20491803278688525
021V,02,1V,0,168,1,167,140,27,inf,0.005952380952380952,0.9940476190476191,0.8333333333333334,0.16071428571428573
021W,02,1W,0,255,1,254,189,65,inf,0.00392156862745098,0.996078431372549,0.7411764705882353,0.2549019607843137
021X,02,1X,0,294,1,293,254,39,inf,0.003401360544217687,0.9965986394557823,0.8639455782312925,0.1326530612244898
021Y,02,1Y,0,166,1,165,119,46,inf,0.006024096385542169,0.9939759036144579,0.7168674698795181,0.27710843373493976
021Z,02,1Z,0,146,1,145,123,22,inf,0.00684931506849315,0.9931506849315068,0.8424657534246576,0.1506849315068493
022A,02,2A,0,116,1,115,94,21,inf,0.008620689655172414,0.9913793103448276,0.8103448275862069,0.1810344827586207
022B,02,2B,0,183,1,182,156,26,inf,0.00546448087431694,0.994535519125683,0.8524590163934426,0.14207650273224043
022C,02,2C,0,153,0,153,129,24,inf,0.0,1.0,0.8431372549019608,0.1568627450980392
022D,02,2D,0,158,0,158,138,20,inf,0.0,1.0,0.8734177215189873,0.12658227848101267
022E,02,2E,0,150,0,150,135,15,inf,0.0,1.0,0.9,0.1
022F,02,2F,0,149,1,148,130,18,inf,0.006711409395973154,0.9932885906040269,0.87248322147651,0.12080536912751678
022G,02,2G,0,189,0,189,164,25,inf,0.0,1.0,0.8677248677248677,0.13227513227513227
022H,02,2H,0,191,0,191,155,36,inf,0.0,1.0,0.8115183246073299,0.18848167539267016
022J,02,2J,0,182,1,181,156,25,inf,0.005494505494505495,0.9945054945054945,0.8571428571428571,0.13736263736263737
022K,02,2K,0,208,1,207,189,18,inf,0.004807692307692308,0.9951923076923077,0.9086538461538461,0.08653846153846154
022L,02,2L,0,180,0,180,156,24,inf,0.0,1.0,0.8666666666666667,0.13333333333333333
022M,02,2M,0,169,2,167,141,26,inf,0.011834319526627219,0.9881656804733728,0.834319526627219,0.15384615384615385
022N,02,2N,0,173,0,173,144,29,inf,0.0,1.0,0.8323699421965318,0.1676300578034682
022P,02,2P,0,114,0,114,97,17,inf,0.0,1.0,0.8508771929824561,0.14912280701754385
022Q,02,2Q,0,216,0,216,181,35,inf,0.0,1.0,0.8379629629629629,0.16203703703703703
022R,02,2R,0,209,2,207,175,32,inf,0.009569377990430622,0.9904306220095693,0.8373205741626795,0.15311004784688995
022S,02,2S,0,208,1,207,181,26,inf,0.004807692307692308,0.9951923076923077,0.8701923076923077,0.125
022T,02,2T,0,154,0,154,115,39,inf,0.0,1.0,0.7467532467532467,0.2532467532467532
022U,02,2U,0,198,0,198,165,33,inf,0.0,1.0,0.8333333333333334,0.16666666666666666
022V,02,2V,0,142,1,141,121,20,inf,0.007042253521126761,0.9929577464788732,0.852112676056338,0.14084507042253522
022W,02,2W,0,173,0,173,150,23,inf,0.0,1.0,0.8670520231213873,0.1329479768786127
022X,02,2X,0,73,0,73,57,16,inf,0.0,1.0,0.7808219178082192,0.2191780821917808
022Y,02,2Y,0,364,2,362,285,77,inf,0.005494505494505495,0.9945054945054945,0.782967032967033,0.21153846153846154
022Z,02,2Z,0,292,5,287,216,71,inf,0.017123287671232876,0.9828767123287672,0.7397260273972602,0.24315068493150685
023A,02,3A,0,171,0,171,138,33,inf,0.0,1.0,0.8070175438596491,0.19298245614035087
023AA,02,3AA,0,193,0,193,176,17,inf,0.0,1.0,0.9119170984455959,0.08808290155440414
023AB,02,3AB,0,143,0,143,120,23,inf,0.0,1.0,0.8391608391608392,0.16083916083916083
023B,02,3B,0,265,0,265,211,54,inf,0.0,1.0,0.7962264150943397,0.2037735849056604
023C,02,3C,0,224,1,223,173,50,inf,0.004464285714285714,0.9955357142857143,0.7723214285714286,0.22321428571428573
023D,02,3D,0,210,1,209,170,39,inf,0.004761904761904762,0.9952380952380953,0.8095238095238095,0.18571428571428572
023E,02,3E,0,199,3,196,158,38,inf,0.01507537688442211,0.9849246231155779,0.7939698492462312,0.19095477386934673
023F,02,3F,0,171,0,171,132,39,inf,0.0,1.0,0.7719298245614035,0.22807017543859648
023G,02,3G,0,60,1,59,46,13,inf,0.016666666666666666,0.9833333333333333,0.7666666666666667,0.21666666666666667
023H,02,3H,0,139,0,139,100,39,inf,0.0,1.0,0.7194244604316546,0.2805755395683453
023J,02,3J,0,106,0,106,70,36,inf,0.0,1.0,0.660377358490566,0.33962264150943394
023K,02,3K,0,153,0,153,94,59,inf,0.0,1.0,0.6143790849673203,0.38562091503267976
023L,02,3L,0,143,8,135,98,37,inf,0.055944055944055944,0.9440559440559441,0.6853146853146853,0.25874125874125875
023M,02,3M,0,165,2,163,128,35,inf,0.012121212121212121,0.9878787878787879,0.7757575757575758,0.21212121212121213
023N,02,3N,0,112,0,112,64,48,inf,0.0,1.0,0.5714285714285714,0.42857142857142855
023P,02,3P,0,96,0,96,76,20,inf,0.0,1.0,0.7916666666666666,0.20833333333333334
023Q,02,3Q,0,85,0,85,50,35,inf,0.0,1.0,0.5882352941176471,0.4117647058823529
023R,02,3R,0,178,0,178,158,20,inf,0.0,1.0,0.8876404494382022,0.11235955056179775
023S,02,3S,0,128,0,128,100,28,inf,0.0,1.0,0.78125,0.21875
023T,02,3T,0,177,1,176,150,26,inf,0.005649717514124294,0.9943502824858758,0.847457627118644,0.14689265536723164
023U,02,3U,0,159,0,159,145,14,inf,0.0,1.0,0.9119496855345912,0.0880503144654088
023V,02,3V,0,108,0,108,90,18,inf,0.0,1.0,0.8333333333333334,0.16666666666666666
023W,02,3W,0,99,0,99,84,15,inf,0.0,1.0,0.8484848484848485,0.15151515151515152
023X,02,3X,0,155,0,155,125,30,inf,0.0,1.0,0.8064516129032258,0.1935483870967742
023Y,02,3Y,0,188,1,187,152,35,inf,0.005319148936170213,0.9946808510638298,0.8085106382978723,0.18617021276595744
023Z,02,3Z,0,127,0,127,94,33,inf,0.0,1.0,0.7401574803149606,0.25984251968503935
024A,02,4A,0,129,1,128,67,61,inf,0.007751937984496124,0.9922480620155039,0.5193798449612403,0.4728682170542636
024AA,02,4AA,0,246,0,246,193,53,inf,0.0,1.0,0.7845528455284553,0.21544715447154472
024AB,02,4AB,0,241,0,241,180,61,inf,0.0,1.0,0.7468879668049793,0.25311203319502074
024AC,02,4AC,0,184,0,184,129,55,inf,0.0,1.0,0.7010869565217391,0.29891304347826086
024B,02,4B,0,157,0,157,77,80,inf,0.0,1.0,0.49044585987261147,0.5095541401273885
024C,02,4C,0,151,0,151,75,76,inf,0.0,1.0,0.4966887417218543,0.5033112582781457
024D,02,4D,0,167,1,166,87,79,inf,0.005988023952095809,0.9940119760479041,0.5209580838323353,0.47305389221556887
024E,02,4E,0,185,0,185,117,68,inf,0.0,1.0,0.6324324324324324,0.3675675675675676
024F,02,4F,0,170,0,170,123,47,inf,0.0,1.0,0.7235294117647059,0.27647058823529413
024G,02,4G,0,135,0,135,95,40,inf,0.0,1.0,0.7037037037037037,0.2962962962962963
024H,02,4H,0,194,0,194,134,60,inf,0.0,1.0,0.6907216494845361,0.30927835051546393
024J,02,4J,0,189,0,189,115,74,inf,0.0,1.0,0.6084656084656085,0.3915343915343915
024K,02,4K,0,252,0,252,177,75,inf,0.0,1.0,0.7023809523809523,0.2976190476190476
024L,02,4L,0,160,0,160,85,75,inf,0.0,1.0,0.53125,0.46875
024M,02,4M,0,173,0,173,123,50,inf,0.0,1.0,0.7109826589595376,0.28901734104046245
024N,02,4N,0,189,0,189,147,42,inf,0.0,1.0,0.7777777777777778,0.2222222222222222
024P,02,4P,0,190,1,189,130,59,inf,0.005263157894736842,0.9947368421052631,0.6842105263157895,0.3105263157894737
024Q,02,4Q,0,219,0,219,161,58,inf,0.0,1.0,0.7351598173515982,0.2648401826484018
024R,02,4R,0,233,1,232,137,95,inf,0.004291845493562232,0.9957081545064378,0.5879828326180258,0.40772532188841204
024S,02,4S,0,166,0,166,113,53,inf,0.0,1.0,0.6807228915662651,0.3192771084337349
024T,02,4T,0,142,0,142,68,74,inf,0.0,1.0,0.4788732394366197,0.5211267605633803
024U,02,4U,0,186,2,184,102,82,inf,0.010752688172043012,0.989247311827957,0.5483870967741935,0.44086021505376344
024V,02,4V,0,102,1,101,51,50,inf,0.00980392156862745,0.9901960784313726,0.5,0.49019607843137253
024W,02,4W,0,108,0,108,53,55,inf,0.0,1.0,0.49074074074074076,0.5092592592592593
024X,02,4X,0,135,0,135,89,46,inf,0.0,1.0,0.6592592592592592,0.34074074074074073
024Y,02,4Y,0,141,0,141,77,64,inf,0.0,1.0,0.5460992907801419,0.45390070921985815
024Z,02,4Z,0,153,0,153,94,59,inf,0.0,1.0,0.6143790849673203,0.38562091503267976
025A,02,5A,0,163,0,163,136,27,inf,0.0,1.0,0.8343558282208589,0.1656441717791411
025AA,02,5AA,0,198,0,198,158,40,inf,0.0,1.0,0.797979797979798,0.20202020202020202
025B,02,5B,0,266,0,266,197,69,inf,0.0,1.0,0.7406015037593985,0.2593984962406015
025C,02,5C,0,233,0,233,179,54,inf,0.0,1.0,0.7682403433476395,0.2317596566523605
025D,02,5D,0,214,1,213,172,41,inf,0.004672897196261682,0.9953271028037384,0.8037383177570093,0.19158878504672897
025E,02,5E,0,275,0,275,230,45,inf,0.0,1.0,0.8363636363636363,0.16363636363636364
025F,02,5F,0,213,0,213,171,42,inf,0.0,1.0,0.8028169014084507,0.19718309859154928
025G,02,5G,0,275,0,275,224,51,inf,0.0,1.0,0.8145454545454546,0.18545454545454546
025H,02,5H,0,193,0,193,144,49,inf,0.0,1.0,0.7461139896373057,0.2538860103626943
025J,02,5J,0,171,0,171,140,31,inf,0.0,1.0,0.8187134502923976,0.18128654970760233
025K,02,5K,0,168,0,168,139,29,inf,0.0,1.0,0.8273809523809523,0.17261904761904762
025L,02,5L,0,364,1,363,292,71,inf,0.0027472527472527475,0.9972527472527473,0.8021978021978022,0.19505494505494506
025M,02,5M,0,253,0,253,219,34,inf,0.0,1.0,0.8656126482213439,0.13438735177865613
025N,02,5N,0,184,0,184,152,32,inf,0.0,1.0,0.8260869565217391,0.17391304347826086
025P,02,5P,0,213,1,212,177,35,inf,0.004694835680751174,0.9953051643192489,0.8309859154929577,0.1643192488262911
025Q,02,5Q,0,210,2,208,154,54,inf,0.009523809523809525,0.9904761904761905,0.7333333333333333,0.2571428571428571
025R,02,5R,0,244,1,243,189,54,inf,0.004098360655737705,0.9959016393442623,0.7745901639344263,0.22131147540983606
025S,02,5S,0,279,0,279,212,67,inf,0.0,1.0,0.7598566308243727,0.24014336917562723
025T,02,5T,0,237,0,237,180,57,inf,0.0,1.0,0.759493670886076,0.24050632911392406
025U,02,5U,0,237,0,237,180,57,inf,0.0,1.0,0.759493670886076,0.24050632911392406
025V,02,5V,0,204,0,204,159,45,inf,0.0,1.0,0.7794117647058824,0.22058823529411764
025W,02,5W,0,227,0,227,179,48,inf,0.0,1.0,0.788546255506608,0.21145374449339208
025X,02,5X,0,169,0,169,130,39,inf,0.0,1.0,0.7692307692307693,0.23076923076923078
025Y,02,5Y,0,161,1,160,119,41,inf,0.006211180124223602,0.9937888198757764,0.7391304347826086,0.2546583850931677
025Z,02,5Z,0,162,1,161,131,30,inf,0.006172839506172839,0.9938271604938271,0.808641975308642,0.18518518518518517
026A,02,6A,0,230,0,230,164,66,inf,0.0,1.0,0.7130434782608696,0.28695652173913044
026AA,02,6AA,0,349,0,349,290,59,inf,0.0,1.0,0.830945558739255,0.16905444126074498
026AB,02,6AB,0,221,0,221,155,66,inf,0.0,1.0,0.7013574660633484,0.2986425339366516
026B,02,6B,0,188,0,188,111,77,inf,0.0,1.0,0.5904255319148937,0.4095744680851064
026C,02,6C,0,207,0,207,164,43,inf,0.0,1.0,0.7922705314009661,0.20772946859903382
026D,02,6D,0,129,1,128,80,48,inf,0.007751937984496124,0.9922480620155039,0.6201550387596899,0.37209302325581395
026E,02,6E,0,235,6,229,191,38,inf,0.02553191489361702,0.9744680851063829,0.8127659574468085,0.16170212765957448
026F,02,6F,0,160,0,160,130,30,inf,0.0,1.0,0.8125,0.1875
026G,02,6G,0,315,0,315,240,75,inf,0.0,1.0,0.7619047619047619,0.23809523809523808
026H,02,6H,0,247,0,247,207,40,inf,0.0,1.0,0.8380566801619433,0.16194331983805668
026J,02,6J,0,232,0,232,189,43,inf,0.0,1.0,0.8146551724137931,0.1853448275862069
026K,02,6K,0,235,0,235,174,61,inf,0.0,1.0,0.7404255319148936,0.25957446808510637
026L,02,6L,0,214,0,214,178,36,inf,0.0,1.0,0.8317757009345794,0.16822429906542055
026M,02,6M,0,212,0,212,171,41,inf,0.0,1.0,0.8066037735849056,0.19339622641509435
026N,02,6N,0,305,1,304,255,49,inf,0.003278688524590164,0.9967213114754099,0.8360655737704918,0.16065573770491803
026P,02,6P,0,226,0,226,180,46,inf,0.0,1.0,0.7964601769911505,0.20353982300884957
026Q,02,6Q,0,126,0,126,99,27,inf,0.0,1.0,0.7857142857142857,0.21428571428571427
026R,02,6R,0,202,1,201,164,37,inf,0.0049504950495049506,0.995049504950495,0.8118811881188119,0.18316831683168316
026S,02,6S,0,235,0,235,194,41,inf,0.0,1.0,0.825531914893617,0.17446808510638298
026T,02,6T,0,174,0,174,151,23,inf,0.0,1.0,0.867816091954023,0.13218390804597702
026U,02,6U,0,167,0,167,137,30,inf,0.0,1.0,0.8203592814371258,0.17964071856287425
026V,02,6V,0,223,1,222,181,41,inf,0.004484304932735426,0.9955156950672646,0.8116591928251121,0.18385650224215247
026W,02,6W,0,180,0,180,153,27,inf,0.0,1.0,0.85,0.15
026X,02,6X,0,199,0,199,170,29,inf,0.0,1.0,0.8542713567839196,0.1457286432160804
026Y,02,6Y,0,206,0,206,169,37,inf,0.0,1.0,0.8203883495145631,0.1796116504854369
026Z,02,6Z,0,214,0,214,165,49,inf,0.0,1.0,0.7710280373831776,0.22897196261682243
03100,03,100,1364,299,0,299,164,135,0.21920821114369501,0.0,1.0,0.5484949832775919,0.451505016722408
03101,03,101,880,157,1,156,72,84,0.1784090909090909,0.006369426751592357,0.9936305732484076,0.4585987261146497,0.535031847133758
03102,03,102,1667,284,1,283,121,162,0.17036592681463708,0.0035211267605633804,0.9964788732394366,0.426056338028169,0.5704225352112676
03103,03,103,1515,158,1,157,44,113,0.1042904290429043,0.006329113924050633,0.9936708860759493,0.27848101265822783,0.7151898734177216
03104,03,104,1449,148,0,148,53,95,0.10213940648723258,0.0,1.0,0.3581081081081081,0.6418918918918919
03105,03,105,1043,225,3,222,72,150,0.21572387344199426,0.013333333333333334,0.9866666666666667,0.32,0.6666666666666666
03106,03,106,1295,131,0,131,31,100,0.10115830115830116,0.0,1.0,0.2366412213740458,0.7633587786259542
03107,03,107,878,153,1,152,39,113,0.17425968109339407,0.006535947712418301,0.9934640522875817,0.2549019607843137,0.738562091503268
03108,03,108,1326,203,0,203,74,129,0.15309200603318251,0.0,1.0,0.3645320197044335,0.6354679802955665
03109,03,109,1455,338,0,338,78,260,0.2323024054982818,0.0,1.0,0.23076923076923078,0.7692307692307693
03110,03,110,1404,231,1,230,87,143,0.16452991452991453,0.004329004329004329,0.9956709956709957,0.37662337662337664,0.6190476190476191
03111,03,111,1366,268,0,268,75,193,0.19619326500732065,0.0,1.0,0.2798507462686567,0.7201492537313433
03112,03,112,1169,241,1,240,83,157,0.20615911035072712,0.004149377593360996,0.995850622406639,0.34439834024896265,0.6514522821576764
03113,03,113,1483,338,2,336,103,233,0.22791638570465272,0.005917159763313609,0.9940828402366864,0.3047337278106509,0.6893491124260355
03114,03,114,998,272,2,270,75,195,0.2725450901803607,0.007352941176470588,0.9926470588235294,0.2757352941176471,0.7169117647058824
03115,03,115,987,272,1,271,100,171,0.2755825734549139,0.003676470588235294,0.9963235294117647,0.36764705882352944,0.6286764705882353
03116,03,116,1548,296,1,295,90,205,0.19121447028423771,0.0033783783783783786,0.9966216216216216,0.30405405405405406,0.6925675675675675
03117,03,117,1379,223,1,222,65,157,0.16171138506163887,0.004484304932735426,0.9955156950672646,0.2914798206278027,0.7040358744394619
03118,03,118,1365,328,1,327,117,210,0.2402930402930403,0.003048780487804878,0.9969512195121951,0.3567073170731707,0.6402439024390244
03119,03,119,1399,258,0,258,56,202,0.18441744102930666,0.0,1.0,0.21705426356589147,0.7829457364341085
03120,03,120,1157,279,0,279,85,194,0.2411408815903198,0.0,1.0,0.3046594982078853,0.6953405017921147
03121,03,121,1259,286,2,284,90,194,0.22716441620333597,0.006993006993006993,0.993006993006993,0.3146853146853147,0.6783216783216783
03122,03,122,1262,342,0,342,95,247,0.27099841521394613,0.0,1.0,0.2777777777777778,0.7222222222222222
03123,03,123,1282,354,0,354,102,252,0.27613104524180965,0.0,1.0,0.288135593220339,0.711864406779661
03124,03,124,1105,317,0,317,116,201,0.2868778280542986,0.0,1.0,0.3659305993690852,0.6340694006309149
03125,03,125,1276,347,0,347,69,278,0.2719435736677116,0.0,1.0,0.1988472622478386,0.8011527377521613
03126,03,126,1090,274,0,274,66,208,0.25137614678899084,0.0,1.0,0.24087591240875914,0.7591240875912408
03200,03,200,1399,366,0,366,116,250,0.26161543959971406,0.0,1.0,0.31693989071038253,0.6830601092896175
03201,03,201,635,231,1,230,21,209,0.3637795275590551,0.004329004329004329,0.9956709956709957,0.09090909090909091,0.9047619047619048
03202,03,202,853,248,1,247,76,171,0.29073856975381007,0.004032258064516129,0.9959677419354839,0.3064516129032258,0.6895161290322581
03203,03,203,1358,247,0,247,61,186,0.18188512518409425,0.0,1.0,0.24696356275303644,0.7530364372469636
03204,03,204,1152,190,0,190,47,143,0.16493055555555555,0.0,1.0,0.24736842105263157,0.7526315789473684
03205,03,205,1423,261,1,260,76,184,0.18341531974701336,0.0038314176245210726,0.9961685823754789,0.29118773946360155,0.7049808429118773
03206,03,206,1426,322,0,322,101,221,0.22580645161290322,0.0,1.0,0.3136645962732919,0.6863354037267081
03207,03,207,1204,258,1,257,91,166,0.21428571428571427,0.003875968992248062,0.9961240310077519,0.35271317829457366,0.6434108527131783
03208,03,208,1453,257,2,255,88,167,0.17687543014452856,0.007782101167315175,0.9922178988326849,0.3424124513618677,0.6498054474708171
03209,03,209,1500,311,1,310,140,170,0.20733333333333334,0.003215434083601286,0.9967845659163987,0.45016077170418006,0.5466237942122186
03210,03,210,1207,261,1,260,123,137,0.21623860811930407,0.0038314176245210726,0.9961685823754789,0.47126436781609193,0.524904214559387
03211,03,211,1405,324,0,324,123,201,0.23060498220640568,0.0,1.0,0.37962962962962965,0.6203703703703703
03212,03,212,1419,319,1,318,191,127,0.2248062015503876,0.003134796238244514,0.9968652037617555,0.5987460815047022,0.3981191222570533
03213,03,213,1476,380,3,377,203,174,0.25745257452574527,0.007894736842105263,0.9921052631578947,0.5342105263157895,0.45789473684210524
03214,03,214,1393,277,1,276,152,124,0.19885139985642497,0.0036101083032490976,0.9963898916967509,0.5487364620938628,0.44765342960288806
03215,03,215,1333,273,0,273,68,205,0.204801200300075,0.0,1.0,0.2490842490842491,0.7509157509157509
03216,03,216,1520,296,1,295,127,168,0.19473684210526315,0.0033783783783783786,0.9966216216216216,0.42905405405405406,0.5675675675675675
03217,03,217,1358,313,2,311,149,162,0.23048600883652431,0.006389776357827476,0.9936102236421726,0.476038338658147,0.5175718849840255
03218,03,218,1217,259,1,258,99,159,0.21281840591618734,0.003861003861003861,0.9961389961389961,0.38223938223938225,0.6138996138996139
03219,03,219,1455,339,0,339,127,212,0.2329896907216495,0.0,1.0,0.3746312684365782,0.6253687315634219
03220,03,220,1443,358,4,354,188,166,0.2480942480942481,0.0111731843575419,0.9888268156424581,0.5251396648044693,0.46368715083798884
03221,03,221,1225,260,0,260,113,147,0.21224489795918366,0.0,1.0,0.4346153846153846,0.5653846153846154
03222,03,222,1310,271,0,271,71,200,0.20687022900763358,0.0,1.0,0.26199261992619927,0.7380073800738007
03223,03,223,1351,307,0,307,110,197,0.22723908216136196,0.0,1.0,0.3583061889250814,0.6416938110749185
03224,03,224,1209,266,1,265,121,144,0.22001654259718775,0.0037593984962406013,0.9962406015037594,0.4548872180451128,0.5413533834586466
03300,03,300,1296,262,0,262,87,175,0.2021604938271605,0.0,1.0,0.3320610687022901,0.6679389312977099
03301,03,301,1322,328,1,327,148,179,0.2481089258698941,0.003048780487804878,0.9969512195121951,0.45121951219512196,0.5457317073170732
03302,03,302,1529,206,3,203,87,116,0.13472858077174624,0.014563106796116505,0.9854368932038835,0.4223300970873786,0.5631067961165048
03303,03,303,1335,168,0,168,61,107,0.1258426966292135,0.0,1.0,0.3630952380952381,0.6369047619047619
03304,03,304,1341,295,0,295,105,190,0.21998508575689785,0.0,1.0,0.3559322033898305,0.6440677966101694
03305,03,305,1459,359,4,355,180,175,0.24605894448252227,0.011142061281337047,0.9888579387186629,0.5013927576601671,0.48746518105849584
03306,03,306,1784,389,1,388,197,191,0.21804932735426008,0.002570694087403599,0.9974293059125964,0.506426735218509,0.4910025706940874
03307,03,307,1373,326,0,326,191,135,0.23743627093954844,0.0,1.0,0.5858895705521472,0.41411042944785276
03308,03,308,1441,331,1,330,189,141,0.22970159611380986,0.0030211480362537764,0.9969788519637462,0.5709969788519638,0.4259818731117825
03309,03,309,1337,314,3,311,192,119,0.23485415108451757,0.009554140127388535,0.9904458598726115,0.6114649681528662,0.37898089171974525
03310,03,310,1395,338,0,338,226,112,0.24229390681003585,0.0,1.0,0.6686390532544378,0.33136094674556216
03311,03,311,1535,325,0,325,222,103,0.21172638436482086,0.0,1.0,0.683076923076923,0.3169230769230769
03312,03,312,1385,383,0,383,284,99,0.27653429602888085,0.0,1.0,0.741514360313316,0.2584856396866841
03313,03,313,1432,374,3,371,213,158,0.2611731843575419,0.008021390374331552,0.9919786096256684,0.56951871657754,0.42245989304812837
03314,03,314,1443,289,0,289,223,66,0.20027720027720028,0.0,1.0,0.7716262975778547,0.22837370242214533
03315,03,315,1192,355,2,353,264,89,0.2978187919463087,0.005633802816901409,0.9943661971830986,0.7436619718309859,0.2507042253521127
03316,03,316,1255,323,2,321,225,96,0.25737051792828686,0.006191950464396285,0.9938080495356038,0.6965944272445821,0.29721362229102166
03317,03,317,1654,405,1,404,304,100,0.24486094316807738,0.0024691358024691358,0.9975308641975309,0.7506172839506173,0.24691358024691357
03318,03,318,1203,313,2,311,238,73,0.2601828761429759,0.006389776357827476,0.9936102236421726,0.7603833865814696,0.23322683706070288
03319,03,319,1413,263,0,263,127,136,0.18612880396319886,0.0,1.0,0.4828897338403042,0.5171102661596958
03320,03,320,1310,289,3,286,194,92,0.22061068702290076,0.010380622837370242,0.9896193771626297,0.671280276816609,0.31833910034602075
03321,03,321,1292,317,1,316,171,145,0.2453560371517028,0.0031545741324921135,0.9968454258675079,0.5394321766561514,0.45741324921135645
03322,03,322,1216,328,0,328,236,92,0.26973684210526316,0.0,1.0,0.7195121951219512,0.2804878048780488
03323,03,323,1109,279,0,279,194,85,0.2515779981965735,0.0,1.0,0.6953405017921147,0.3046594982078853
03400,03,400,1569,267,0,267,111,156,0.1701720841300191,0.0,1.0,0.4157303370786517,0.5842696629213483
03401,03,401,1411,288,3,285,132,153,0.20411055988660523,0.010416666666666666,0.9895833333333334,0.4583333333333333,0.53125
03402,03,402,1445,304,3,301,127,174,0.21038062283737025,0.009868421052631578,0.9901315789473685,0.41776315789473684,0.5723684210526315
03403,03,403,1504,315,2,313,195,118,0.20944148936170212,0.006349206349206349,0.9936507936507937,0.6190476190476191,0.3746031746031746
03404,03,404,1505,364,1,363,230,133,0.24186046511627907,0.0027472527472527475,0.9972527472527473,0.6318681318681318,0.36538461538461536
03405,03,405,1542,270,1,269,139,130,0.17509727626459143,0.003703703703703704,0.9962962962962963,0.5148148148148148,0.48148148148148145
03406,03,406,1717,273,2,271,134,137,0.15899825276645313,0.007326007326007326,0.9926739926739927,0.4908424908424908,0.5018315018315018
03407,03,407,1475,246,1,245,77,168,0.16677966101694916,0.0040650406504065045,0.9959349593495935,0.3130081300813008,0.6829268292682927
03408,03,408,1665,256,0,256,94,162,0.15375375375375375,0.0,1.0,0.3671875,0.6328125
03409,03,409,1605,310,2,308,119,189,0.19314641744548286,0.0064516129032258064,0.9935483870967742,0.38387096774193546,0.6096774193548387
03410,03,410,1292,248,0,248,146,102,0.19195046439628483,0.0,1.0,0.5887096774193549,0.4112903225806452
03411,03,411,1633,329,0,329,88,241,0.20146968769136558,0.0,1.0,0.2674772036474164,0.7325227963525835
03412,03,412,1512,358,1,357,119,238,0.23677248677248677,0.002793296089385475,0.9972067039106145,0.3324022346368715,0.664804469273743
03413,03,413,1455,353,0,353,81,272,0.24261168384879725,0.0,1.0,0.22946175637393768,0.7705382436260623
03414,03,414,1496,401,0,401,92,309,0.268048128342246,0.0,1.0,0.22942643391521197,0.770573566084788
03415,03,415,1369,327,1,326,74,252,0.23886048210372535,0.0030581039755351682,0.9969418960244648,0.22629969418960244,0.7706422018348624
03416,03,416,1324,268,1,267,127,140,0.20241691842900303,0.0037313432835820895,0.996268656716418,0.47388059701492535,0.5223880597014925
03417,03,417,1546,208,0,208,77,131,0.13454075032341525,0.0,1.0,0.3701923076923077,0.6298076923076923
03418,03,418,1420,309,0,309,78,231,0.2176056338028169,0.0,1.0,0.2524271844660194,0.7475728155339806
03500,03,500,1322,273,0,273,165,108,0.2065052950075643,0.0,1.0,0.6043956043956044,0.3956043956043956
03501,03,501,1655,334,1,333,165,168,0.20181268882175227,0.0029940119760479044,0.9970059880239521,0.4940119760479042,0.5029940119760479
03502,03,502,1300,337,2,335,223,112,0.2592307692307692,0.005934718100890208,0.9940652818991098,0.6617210682492581,0.3323442136498516
03503,03,503,1358,328,1,327,208,119,0.24153166421207659,0.003048780487804878,0.9969512195121951,0.6341463414634146,0.3628048780487805
03504,03,504,1376,366,2,364,271,93,0.26598837209302323,0.00546448087431694,0.994535519125683,0.7404371584699454,0.2540983606557377
03505,03,505,1390,281,1,280,180,100,0.20215827338129497,0.0035587188612099642,0.99644128113879,0.6405693950177936,0.35587188612099646
03506,03,506,1710,333,1,332,212,120,0.19473684210526315,0.003003003003003003,0.996996996996997,0.6366366366366366,0.36036036036036034
03507,03,507,1570,288,3,285,149,136,0.18343949044585986,0.010416666666666666,0.9895833333333334,0.5173611111111112,0.4722222222222222
03508,03,508,1427,282,1,281,156,125,0.19761737911702873,0.0035460992907801418,0.9964539007092199,0.5531914893617021,0.4432624113475177
03509,03,509,1460,232,3,229,120,109,0.1589041095890411,0.01293103448275862,0.9870689655172413,0.5172413793103449,0.4698275862068966
03510,03,510,1439,291,0,291,124,167,0.20222376650451704,0.0,1.0,0.4261168384879725,0.5738831615120275
03511,03,511,1328,320,1,319,215,104,0.24096385542168675,0.003125,0.996875,0.671875,0.325
03512,03,512,1427,302,2,300,157,143,0.21163279607568325,0.006622516556291391,0.9933774834437086,0.5198675496688742,0.4735099337748344
03513,03,513,1416,343,1,342,174,168,0.2422316384180791,0.0029154518950437317,0.9970845481049563,0.5072886297376094,0.4897959183673469
03514,03,514,1459,229,0,229,112,117,0.15695681973954764,0.0,1.0,0.4890829694323144,0.5109170305676856
03515,03,515,1498,344,1,343,148,195,0.22963951935914553,0.0029069767441860465,0.997093023255814,0.43023255813953487,0.5668604651162791
03516,03,516,1618,416,5,411,139,272,0.25710754017305315,0.01201923076923077,0.9879807692307693,0.33413461538461536,0.6538461538461539
03517,03,517,1414,372,0,372,106,266,0.26308345120226306,0.0,1.0,0.2849462365591398,0.7150537634408602
03518,03,518,1251,270,0,270,182,88,0.2158273381294964,0.0,1.0,0.674074074074074,0.32592592592592595
03519,03,519,1351,289,0,289,193,96,0.21391561806069578,0.0,1.0,0.6678200692041523,0.33217993079584773
03520,03,520,1361,297,0,297,201,96,0.21822189566495223,0.0,1.0,0.6767676767676768,0.32323232323232326
03600,03,600,1194,315,1,314,239,75,0.2638190954773869,0.0031746031746031746,0.9968253968253968,0.7587301587301587,0.23809523809523808
03601,03,601,1304,226,0,226,167,59,0.17331288343558282,0.0,1.0,0.7389380530973452,0.2610619469026549
03602,03,602,1499,333,2,331,249,82,0.22214809873248834,0.006006006006006006,0.993993993993994,0.7477477477477478,0.24624624624624625
03603,03,603,1137,302,1,301,216,85,0.26561125769569044,0.0033112582781456954,0.9966887417218543,0.7152317880794702,0.2814569536423841
03604,03,604,1384,406,0,406,307,99,0.29335260115606937,0.0,1.0,0.7561576354679803,0.2438423645320197
03605,03,605,1122,300,0,300,243,57,0.26737967914438504,0.0,1.0,0.81,0.19
03606,03,606,1225,322,2,320,245,75,0.26285714285714284,0.006211180124223602,0.9937888198757764,0.7608695652173914,0.2329192546583851
03607,03,607,1365,360,2,358,297,61,0.26373626373626374,0.005555555555555556,0.9944444444444445,0.825,0.16944444444444445
03608,03,608,1576,423,1,422,362,60,0.2684010152284264,0.002364066193853428,0.9976359338061466,0.8557919621749409,0.14184397163120568
03609,03,609,938,217,1,216,163,53,0.23134328358208955,0.004608294930875576,0.9953917050691244,0.7511520737327189,0.24423963133640553
03610,03,610,1090,297,1,296,205,91,0.2724770642201835,0.003367003367003367,0.9966329966329966,0.6902356902356902,0.3063973063973064
03611,03,611,1239,272,0,272,206,66,0.2195318805488297,0.0,1.0,0.7573529411764706,0.2426470588235294
03612,03,612,1324,343,0,343,270,73,0.2590634441087613,0.0,1.0,0.7871720116618076,0.21282798833819241
03613,03,613,1481,358,1,357,276,81,0.24172856178257934,0.002793296089385475,0.9972067039106145,0.770949720670391,0.22625698324022347
03614,03,614,1190,315,1,314,256,58,0.2647058823529412,0.0031746031746031746,0.9968253968253968,0.8126984126984127,0.18412698412698414
03615,03,615,899,242,0,242,207,35,0.26918798665183535,0.0,1.0,0.8553719008264463,0.1446280991735537
03616,03,616,772,195,0,195,157,38,0.25259067357512954,0.0,1.0,0.8051282051282052,0.19487179487179487
03617,03,617,1577,387,0,387,315,72,0.24540266328471783,0.0,1.0,0.813953488372093,0.18604651162790697
03618,03,618,813,209,2,207,167,40,0.2570725707257073,0.009569377990430622,0.9904306220095693,0.7990430622009569,0.19138755980861244
03619,03,619,944,233,2,231,179,52,0.2468220338983051,0.008583690987124463,0.9914163090128756,0.7682403433476395,0.22317596566523606
03620,03,620,1404,367,0,367,295,72,0.2613960113960114,0.0,1.0,0.8038147138964578,0.19618528610354224
03621,03,621,1291,271,1,270,199,71,0.2099147947327653,0.0036900369003690036,0.996309963099631,0.7343173431734318,0.26199261992619927
03622,03,622,1190,263,1,262,216,46,0.22100840336134453,0.0038022813688212928,0.9961977186311787,0.8212927756653993,0.17490494296577946
03623,03,623,1190,326,0,326,253,73,0.2739495798319328,0.0,1.0,0.7760736196319018,0.22392638036809817
03624,03,624,1352,343,2,341,279,62,0.253698224852071,0.0058309037900874635,0.9941690962099126,0.8134110787172012,0.18075801749271136
03700,03,700,1239,308,1,307,231,76,0.24858757062146894,0.003246753246753247,0.9967532467532467,0.75,0.24675324675324675
03701,03,701,1353,271,0,271,172,99,0.20029563932002956,0.0,1.0,0.6346863468634686,0.36531365313653136
03702,03,702,1105,270,1,269,161,108,0.24434389140271492,0.003703703703703704,0.9962962962962963,0.5962962962962963,0.4
03703,03,703,1353,299,1,298,189,109,0.22099039172209903,0.0033444816053511705,0.9966555183946488,0.6321070234113713,0.36454849498327757
03704,03,704,1332,271,0,271,161,110,0.20345345345345345,0.0,1.0,0.5940959409594095,0.4059040590405904
03705,03,705,1101,279,0,279,179,100,0.25340599455040874,0.0,1.0,0.6415770609318996,0.35842293906810035
03706,03,706,1332,206,0,206,115,91,0.15465465465465467,0.0,1.0,0.558252427184466,0.441747572815534
03707,03,707,1453,277,2,275,205,70,0.19064005505849965,0.007220216606498195,0.9927797833935018,0.740072202166065,0.2527075812274368
03708,03,708,1338,307,3,304,224,80,0.22944693572496264,0.009771986970684038,0.990228013029316,0.7296416938110749,0.26058631921824105
03709,03,709,1458,303,1,302,235,67,0.20781893004115226,0.0033003300330033004,0.9966996699669967,0.7755775577557755,0.22112211221122113
03710,03,710,1555,325,0,325,197,128,0.2090032154340836,0.0,1.0,0.6061538461538462,0.39384615384615385
03711,03,711,1459,237,1,236,155,81,0.16244002741603839,0.004219409282700422,0.9957805907172996,0.6540084388185654,0.34177215189873417
03712,03,712,1492,291,0,291,207,84,0.1950402144772118,0.0,1.0,0.711340206185567,0.28865979381443296
03713,03,713,1157,297,2,295,234,61,0.2566983578219533,0.006734006734006734,0.9932659932659933,0.7878787878787878,0.2053872053872054
03714,03,714,1142,267,2,265,181,84,0.23380035026269702,0.00749063670411985,0.9925093632958801,0.6779026217228464,0.3146067415730337
03715,03,715,1053,254,0,254,173,81,0.24121557454890788,0.0,1.0,0.6811023622047244,0.3188976377952756
03716,03,716,1319,302,1,301,229,72,0.22896133434420016,0.0033112582781456954,0.9966887417218543,0.7582781456953642,0.23841059602649006
03717,03,717,1275,274,0,274,193,81,0.21490196078431373,0.0,1.0,0.7043795620437956,0.2956204379562044
03718,03,718,1359,332,2,330,220,110,0.24429727740986018,0.006024096385542169,0.9939759036144579,0.6626506024096386,0.3313253012048193
03719,03,719,1285,285,2,283,196,87,0.22178988326848248,0.007017543859649123,0.9929824561403509,0.6877192982456141,0.30526315789473685
03720,03,720,1317,315,1,314,242,72,0.23917995444191345,0.0031746031746031746,0.9968253968253968,0.7682539682539683,0.22857142857142856
03721,03,721,1112,256,1,255,178,77,0.2302158273381295,0.00390625,0.99609375,0.6953125,0.30078125
03722,03,722,995,214,0,214,138,76,0.2150753768844221,0.0,1.0,0.6448598130841121,0.35514018691588783
03800,03,800,1663,329,2,327,153,174,0.1978352375225496,0.0060790273556231,0.993920972644377,0.46504559270516715,0.5288753799392097
03801,03,801,1018,242,1,241,188,53,0.23772102161100198,0.004132231404958678,0.9958677685950413,0.7768595041322314,0.2190082644628099
03802,03,802,1126,279,4,275,218,57,0.2477797513321492,0.014336917562724014,0.985663082437276,0.7813620071684588,0.20430107526881722
03803,03,803,1277,356,1,355,274,81,0.278778386844166,0.0028089887640449437,0.9971910112359551,0.7696629213483146,0.22752808988764045
03804,03,804,768,221,0,221,170,51,0.2877604166666667,0.0,1.0,0.7692307692307693,0.23076923076923078
03805,03,805,827,217,1,216,181,35,0.2623941958887545,0.004608294930875576,0.9953917050691244,0.8341013824884793,0.16129032258064516
03806,03,806,1342,329,0,329,268,61,0.2451564828614009,0.0,1.0,0.8145896656534954,0.18541033434650456
03807,03,807,1038,303,0,303,243,60,0.29190751445086704,0.0,1.0,0.801980198019802,0.19801980198019803
03808,03,808,1165,270,0,270,217,53,0.2317596566523605,0.0,1.0,0.8037037037037037,0.1962962962962963
03809,03,809,1196,218,1,217,111,106,0.18227424749163879,0.0045871559633027525,0.9954128440366973,0.5091743119266054,0.48623853211009177
03810,03,810,1329,306,2,304,247,57,0.23024830699774265,0.006535947712418301,0.9934640522875817,0.8071895424836601,0.18627450980392157
03811,03,811,1383,309,0,309,222,87,0.22342733188720174,0.0,1.0,0.7184466019417476,0.2815533980582524
03812,03,812,1151,280,1,279,202,77,0.24326672458731538,0.0035714285714285713,0.9964285714285714,0.7214285714285714,0.275
03813,03,813,1117,258,1,257,179,78,0.23097582811101164,0.003875968992248062,0.9961240310077519,0.6937984496124031,0.3023255813953488
03814,03,814,1514,394,0,394,318,76,0.26023778071334214,0.0,1.0,0.8071065989847716,0.19289340101522842
03815,03,815,1567,414,1,413,338,75,0.26419910657306955,0.0024154589371980675,0.9975845410628019,0.8164251207729468,0.18115942028985507
03816,03,816,1001,280,0,280,221,59,0.27972027972027974,0.0,1.0,0.7892857142857143,0.21071428571428572
03817,03,817,1287,272,2,270,206,64,0.21134421134421136,0.007352941176470588,0.9926470588235294,0.7573529411764706,0.23529411764705882
03818,03,818,1290,249,1,248,192,56,0.1930232558139535,0.004016064257028112,0.9959839357429718,0.7710843373493976,0.2248995983935743
03819,03,819,959,213,0,213,180,33,0.22210636079249219,0.0,1.0,0.8450704225352113,0.15492957746478872
03820,03,820,1132,279,0,279,221,58,0.24646643109540636,0.0,1.0,0.7921146953405018,0.2078853046594982
03821,03,821,1070,268,2,266,215,51,0.2504672897196262,0.007462686567164179,0.9925373134328358,0.8022388059701493,0.19029850746268656
03822,03,822,1255,251,1,250,176,74,0.2,0.00398406374501992,0.9960159362549801,0.701195219123506,0.2948207171314741
03823,03,823,1294,359,2,357,265,92,0.27743431221020093,0.005571030640668524,0.9944289693593314,0.7381615598885793,0.2562674094707521
03900,03,900,1264,320,2,318,193,125,0.25316455696202533,0.00625,0.99375,0.603125,0.390625
03901,03,901,1314,357,1,356,238,118,0.271689497716895,0.0028011204481792717,0.9971988795518207,0.6666666666666666,0.33053221288515405
03902,03,902,1378,317,0,317,134,183,0.23004354136429608,0.0,1.0,0.4227129337539432,0.5772870662460567
03903,03,903,1276,319,1,318,218,100,0.25,0.003134796238244514,0.9968652037617555,0.6833855799373041,0.31347962382445144
03904,03,904,1341,359,1,358,238,120,0.2677106636838181,0.002785515320334262,0.9972144846796658,0.6629526462395543,0.3342618384401114
03905,03,905,1240,218,0,218,101,117,0.17580645161290323,0.0,1.0,0.463302752293578,0.536697247706422
03906,03,906,1032,177,0,177,59,118,0.17151162790697674,0.0,1.0,0.3333333333333333,0.6666666666666666
03907,03,907,1061,180,0,180,53,127,0.1696512723845429,0.0,1.0,0.29444444444444445,0.7055555555555556
03908,03,908,1469,248,1,247,120,127,0.1688223281143635,0.004032258064516129,0.9959677419354839,0.4838709677419355,0.5120967741935484
03909,03,909,971,236,0,236,108,128,0.243048403707518,0.0,1.0,0.4576271186440678,0.5423728813559322
03910,03,910,1076,128,1,127,70,57,0.11895910780669144,0.0078125,0.9921875,0.546875,0.4453125
03911,03,911,1325,258,1,257,173,84,0.19471698113207547,0.003875968992248062,0.9961240310077519,0.6705426356589147,0.32558139534883723
03912,03,912,1412,280,0,280,187,93,0.19830028328611898,0.0,1.0,0.6678571428571428,0.33214285714285713
03913,03,913,864,177,2,175,105,70,0.2048611111111111,0.011299435028248588,0.9887005649717514,0.5932203389830508,0.3954802259887006
03914,03,914,1153,233,2,231,179,52,0.202081526452732,0.008583690987124463,0.9914163090128756,0.7682403433476395,0.22317596566523606
03915,03,915,839,177,1,176,117,59,0.21096543504171633,0.005649717514124294,0.9943502824858758,0.6610169491525424,0.3333333333333333
03916,03,916,1290,339,2,337,261,76,0.2627906976744186,0.0058997050147492625,0.9941002949852508,0.7699115044247787,0.22418879056047197
03917,03,917,1511,363,1,362,285,77,0.2402382528127068,0.0027548209366391185,0.9972451790633609,0.7851239669421488,0.21212121212121213
03918,03,918,1410,344,2,342,271,71,0.24397163120567375,0.005813953488372093,0.9941860465116279,0.7877906976744186,0.2063953488372093
03919,03,919,1161,323,2,321,250,71,0.27820844099913866,0.006191950464396285,0.9938080495356038,0.7739938080495357,0.21981424148606812
03920,03,920,1084,163,0,163,55,108,0.1503690036900369,0.0,1.0,0.3374233128834356,0.6625766871165644
03921,03,921,1086,204,2,202,120,82,0.1878453038674033,0.00980392156862745,0.9901960784313726,0.5882352941176471,0.4019607843137255
03922,03,922,1673,461,1,460,314,146,0.2755528989838613,0.0021691973969631237,0.9978308026030369,0.6811279826464208,0.31670281995661603
03923,03,923,602,49,1,48,23,25,0.08139534883720931,0.02040816326530612,0.9795918367346939,0.46938775510204084,0.5102040816326531
03924,03,924,1338,279,1,278,216,62,0.2085201793721973,0.0035842293906810036,0.996415770609319,0.7741935483870968,0.2222222222222222
03925,03,925,1253,268,0,268,198,70,0.21388667198723066,0.0,1.0,0.7388059701492538,0.26119402985074625
03926,03,926,1370,318,1,317,229,88,0.2321167883211679,0.0031446540880503146,0.9968553459119497,0.720125786163522,0.27672955974842767
031A,03,1A,0,997,1,996,392,604,inf,0.0010030090270812437,0.9989969909729187,0.39317953861584753,0.6058174523570712
031B,03,1B,0,797,4,793,248,545,inf,0.005018820577164366,0.9949811794228356,0.3111668757841907,0.6838143036386449
031C,03,1C,0,656,0,656,204,452,inf,0.0,1.0,0.31097560975609756,0.6890243902439024
031D,03,1D,0,805,3,802,238,564,inf,0.0037267080745341614,0.9962732919254659,0.2956521739130435,0.7006211180124223
031E,03,1E,0,584,0,584,218,366,inf,0.0,1.0,0.3732876712328767,0.6267123287671232
031F,03,1F,0,783,3,780,254,526,inf,0.0038314176245210726,0.9961685823754789,0.3243933588761175,0.6717752234993615
031G,03,1G,0,0,0,0,0,0,0.0,0.0,0.0,0.0,0.0
031H,03,1H,0,709,1,708,213,495,inf,0.0014104372355430183,0.998589562764457,0.3004231311706629,0.6981664315937941
031I,03,1I,0,0,0,0,0,0,0.0,0.0,0.0,0.0,0.0
031K,03,1K,0,0,0,0,0,0,0.0,0.0,0.0,0.0,0.0
031L,03,1L,0,0,0,0,0,0,0.0,0.0,0.0,0.0,0.0
031M,03,1M,0,0,0,0,0,0,0.0,0.0,0.0,0.0,0.0
031N,03,1N,0,0,0,0,0,0,0.0,0.0,0.0,0.0,0.0
032A,03,2A,0,1064,0,1064,436,628,inf,0.0,1.0,0.40977443609022557,0.5902255639097744
032B,03,2B,0,857,2,855,341,514,inf,0.002333722287047841,0.9976662777129521,0.39789964994165694,0.5997666277712952
032C,03,2C,0,917,0,917,342,575,inf,0.0,1.0,0.37295528898582336,0.6270447110141767
032D,03,2D,0,1082,0,1082,406,676,inf,0.0,1.0,0.3752310536044362,0.6247689463955638
032E,03,2E,0,1084,1,1083,487,596,inf,0.0009225092250922509,0.9990774907749077,0.4492619926199262,0.5498154981549815
032F,03,2F,0,1029,2,1027,443,584,inf,0.001943634596695821,0.9980563654033042,0.4305150631681244,0.5675413022351797
032G,03,2G,0,0,0,0,0,0,0.0,0.0,0.0,0.0,0.0
032H,03,2H,0,0,0,0,0,0,0.0,0.0,0.0,0.0,0.0
032I,03,2I,0,0,0,0,0,0,0.0,0.0,0.0,0.0,0.0
032K,03,2K,0,0,0,0,0,0,0.0,0.0,0.0,0.0,0.0
032L,03,2L,0,0,0,0,0,0,0.0,0.0,0.0,0.0,0.0
032M,03,2M,0,0,0,0,0,0,0.0,0.0,0.0,0.0,0.0
032N,03,2N,0,0,0,0,0,0,0.0,0.0,0.0,0.0,0.0
033A,03,3A,0,1061,0,1061,571,490,inf,0.0,1.0,0.5381715362865221,0.46182846371347785
033B,03,3B,0,1081,2,1079,698,381,inf,0.0018501387604070306,0.9981498612395929,0.6456984273820536,0.3524514338575393
033C,03,3C,0,1016,1,1015,633,382,inf,0.000984251968503937,0.9990157480314961,0.6230314960629921,0.37598425196850394
033D,03,3D,0,1184,4,1180,754,426,inf,0.0033783783783783786,0.9966216216216216,0.6368243243243243,0.3597972972972973
033E,03,3E,0,967,1,966,580,386,inf,0.001034126163391934,0.9989658738366081,0.5997931747673216,0.39917269906928643
033F,03,3F,0,981,4,977,575,402,inf,0.004077471967380225,0.9959225280326198,0.5861365953109072,0.40978593272171254
033G,03,3G,0,0,0,0,0,0,0.0,0.0,0.0,0.0,0.0
033H,03,3H,0,0,0,0,0,0,0.0,0.0,0.0,0.0,0.0
033I,03,3I,0,0,0,0,0,0,0.0,0.0,0.0,0.0,0.0
033K,03,3K,0,0,0,0,0,0,0.0,0.0,0.0,0.0,0.0
033L,03,3L,0,0,0,0,0,0,0.0,0.0,0.0,0.0,0.0
033M,03,3M,0,0,0,0,0,0,0.0,0.0,0.0,0.0,0.0
034A,03,4A,0,686,0,686,246,440,inf,0.0,1.0,0.358600583090379,0.641399416909621
034B,03,4B,0,1131,2,1129,361,768,inf,0.0017683465959328027,0.9982316534040672,0.3191865605658709,0.6790450928381963
034C,03,4C,0,1048,2,1046,486,560,inf,0.0019083969465648854,0.9980916030534351,0.4637404580152672,0.5343511450381679
034D,03,4D,0,1022,24,998,433,565,inf,0.023483365949119372,0.9765166340508806,0.42367906066536204,0.5528375733855186
034E,03,4E,0,888,3,885,497,388,inf,0.0033783783783783786,0.9966216216216216,0.5596846846846847,0.4369369369369369
034F,03,4F,0,0,0,0,0,0,0.0,0.0,0.0,0.0,0.0
034G,03,4G,0,0,0,0,0,0,0.0,0.0,0.0,0.0,0.0
034H,03,4H,0,0,0,0,0,0,0.0,0.0,0.0,0.0,0.0
034I,03,4I,0,0,0,0,0,0,0.0,0.0,0.0,0.0,0.0
034K,03,4K,0,0,0,0,0,0,0.0,0.0,0.0,0.0,0.0
034L,03,4L,0,0,0,0,0,0,0.0,0.0,0.0,0.0,0.0
035A,03,5A,0,922,4,918,485,433,inf,0.004338394793926247,0.9956616052060737,0.5260303687635575,0.46963123644251625
035B,03,5B,0,834,0,834,319,515,inf,0.0,1.0,0.3824940047961631,0.617505995203837
035C,03,5C,0,952,3,949,611,338,inf,0.0031512605042016808,0.9968487394957983,0.6418067226890757,0.3550420168067227
035D,03,5D,0,1007,1,1006,669,337,inf,0.0009930486593843098,0.9990069513406157,0.6643495531281033,0.3346573982125124
035E,03,5E,0,1013,4,1009,629,380,inf,0.003948667324777887,0.9960513326752222,0.6209279368213229,0.3751233958538993
035F,03,5F,0,878,4,874,458,416,inf,0.004555808656036446,0.9954441913439636,0.5216400911161732,0.47380410022779046
035G,03,5G,0,0,0,0,0,0,0.0,0.0,0.0,0.0,0.0
035H,03,5H,0,0,0,0,0,0,0.0,0.0,0.0,0.0,0.0
035I,03,5I,0,0,0,0,0,0,0.0,0.0,0.0,0.0,0.0
035K,03,5K,0,0,0,0,0,0,0.0,0.0,0.0,0.0,0.0
035L,03,5L,0,0,0,0,0,0,0.0,0.0,0.0,0.0,0.0
035M,03,5M,0,0,0,0,0,0,0.0,0.0,0.0,0.0,0.0
036A,03,6A,0,906,0,906,820,86,inf,0.0,1.0,0.9050772626931567,0.09492273730684327
036B,03,6B,0,1029,2,1027,799,228,inf,0.001943634596695821,0.9980563654033042,0.7764820213799806,0.22157434402332363
036C,03,6C,0,921,2,919,717,202,inf,0.002171552660152009,0.997828447339848,0.7785016286644951,0.21932681867535286
036D,03,6D,0,842,0,842,654,188,inf,0.0,1.0,0.7767220902612827,0.22327790973871733
036E,03,6E,0,1130,2,1128,855,273,inf,0.0017699115044247787,0.9982300884955753,0.7566371681415929,0.2415929203539823
036F,03,6F,0,771,1,770,590,180,inf,0.0012970168612191958,0.9987029831387808,0.7652399481193255,0.23346303501945526
036G,03,6G,0,755,0,755,596,159,inf,0.0,1.0,0.7894039735099337,0.21059602649006623
036H,03,6H,0,0,0,0,0,0,0.0,0.0,0.0,0.0,0.0
036I,03,6I,0,0,0,0,0,0,0.0,0.0,0.0,0.0,0.0
036K,03,6K,0,0,0,0,0,0,0.0,0.0,0.0,0.0,0.0
036L,03,6L,0,0,0,0,0,0,0.0,0.0,0.0,0.0,0.0
036M,03,6M,0,0,0,0,0,0,0.0,0.0,0.0,0.0,0.0
036N,03,6N,0,0,0,0,0,0,0.0,0.0,0.0,0.0,0.0
036P,03,6P,0,0,0,0,0,0,0.0,0.0,0.0,0.0,0.0
037A,03,7A,0,967,1,966,671,295,inf,0.001034126163391934,0.9989658738366081,0.6938986556359876,0.3050672182006205
037B,03,7B,0,774,2,772,491,281,inf,0.002583979328165375,0.9974160206718347,0.6343669250645995,0.36304909560723514
037C,03,7C,0,847,2,845,558,287,inf,0.0023612750885478157,0.9976387249114522,0.6587957497048406,0.33884297520661155
037D,03,7D,0,878,1,877,544,333,inf,0.0011389521640091116,0.9988610478359908,0.6195899772209568,0.3792710706150342
037E,03,7E,0,1083,1,1082,817,265,inf,0.0009233610341643582,0.9990766389658357,0.7543859649122807,0.24469067405355494
037F,03,7F,0,992,0,992,695,297,inf,0.0,1.0,0.7006048387096774,0.29939516129032256
037G,03,7G,0,0,0,0,0,0,0.0,0.0,0.0,0.0,0.0
037H,03,7H,0,0,0,0,0,0,0.0,0.0,0.0,0.0,0.0
037I,03,7I,0,0,0,0,0,0,0.0,0.0,0.0,0.0,0.0
037K,03,7K,0,0,0,0,0,0,0.0,0.0,0.0,0.0,0.0
037L,03,7L,0,0,0,0,0,0,0.0,0.0,0.0,0.0,0.0
037M,03,7M,0,0,0,0,0,0,0.0,0.0,0.0,0.0,0.0
038A,03,8A,0,886,1,885,599,286,inf,0.001128668171557562,0.9988713318284425,0.6760722347629797,0.3227990970654628
038B,03,8B,0,683,1,682,522,160,inf,0.0014641288433382138,0.9985358711566618,0.7642752562225475,0.2342606149341142
038C,03,8C,0,913,3,910,681,229,inf,0.0032858707557502738,0.9967141292442497,0.7458926615553122,0.2508214676889376
038D,03,8D,0,801,0,801,613,188,inf,0.0,1.0,0.7652933832709113,0.23470661672908863
038E,03,8E,0,891,0,891,653,238,inf,0.0,1.0,0.7328843995510662,0.2671156004489338
038F,03,8F,0,960,0,960,647,313,inf,0.0,1.0,0.6739583333333333,0.3260416666666667
038G,03,8G,0,578,2,576,464,112,inf,0.0034602076124567475,0.9965397923875432,0.8027681660899654,0.19377162629757785
038H,03,8H,0,0,0,0,0,0,0.0,0.0,0.0,0.0,0.0
038I,03,8I,0,0,0,0,0,0,0.0,0.0,0.0,0.0,0.0
038K,03,8K,0,0,0,0,0,0,0.0,0.0,0.0,0.0,0.0
038L,03,8L,0,0,0,0,0,0,0.0,0.0,0.0,0.0,0.0
038M,03,8M,0,0,0,0,0,0,0.0,0.0,0.0,0.0,0.0
038N,03,8N,0,0,0,0,0,0,0.0,0.0,0.0,0.0,0.0
038P,03,8P,0,0,0,0,0,0,0.0,0.0,0.0,0.0,0.0
039A,03,9A,0,823,1,822,547,275,inf,0.001215066828675577,0.9987849331713244,0.6646415552855407,0.33414337788578374
039B,03,9B,0,1099,6,1093,788,305,inf,0.00545950864422202,0.9945404913557779,0.7170154686078253,0.2775250227479527
039C,03,9C,0,1012,0,1012,646,366,inf,0.0,1.0,0.6383399209486166,0.3616600790513834
039D,03,9D,0,727,1,726,494,232,inf,0.001375515818431912,0.9986244841815681,0.6795048143053645,0.31911966987620355
039E,03,9E,0,672,1,671,403,268,inf,0.001488095238095238,0.9985119047619048,0.5997023809523809,0.39880952380952384
039F,03,9F,0,741,0,741,458,283,inf,0.0,1.0,0.6180836707152496,0.38191632928475033
039G,03,9G,0,692,1,691,394,297,inf,0.001445086705202312,0.9985549132947977,0.569364161849711,0.4291907514450867
039H,03,9H,0,0,0,0,0,0,0.0,0.0,0.0,0.0,0.0
039I,03,9I,0,0,0,0,0,0,0.0,0.0,0.0,0.0,0.0
039K,03,9K,0,0,0,0,0,0,0.0,0.0,0.0,0.0,0.0
039L,03,9L,0,0,0,0,0,0,0.0,0.0,0.0,0.0,0.0
039M,03,9M,0,0,0,0,0,0,0.0,0.0,0.0,0.0,0.0
039N,03,9N,0,0,0,0,0,0,0.0,0.0,0.0,0.0,0.0
039P,03,9P,0,0,0,0,0,0,0.0,0.0,0.0,0.0,0.0
039Q,03,9Q,0,0,0,0,0,0,0.0,0.0,0.0,0.0,0.0
04101,04,101,1114,143,0,143,59,84,0.12836624775583483,0.0,1.0,0.4125874125874126,0.5874125874125874
04102,04,102,659,72,1,71,42,29,0.10925644916540213,0.013888888888888888,0.9861111111111112,0.5833333333333334,0.4027777777777778
04103,04,103,1238,219,1,218,77,141,0.17689822294022617,0.0045662100456621,0.9954337899543378,0.3515981735159817,0.6438356164383562
04104,04,104,1039,115,1,114,30,84,0.11068334937439846,0.008695652173913044,0.991304347826087,0.2608695652173913,0.7304347826086957
04105,04,105,1112,137,1,136,50,86,0.12320143884892086,0.0072992700729927005,0.9927007299270073,0.36496350364963503,0.6277372262773723
04106,04,106,986,120,0,120,48,72,0.12170385395537525,0.0,1.0,0.4,0.6
04107,04,107,1132,143,0,143,27,116,0.12632508833922262,0.0,1.0,0.1888111888111888,0.8111888111888111
04108,04,108,460,70,0,70,24,46,0.15217391304347827,0.0,1.0,0.34285714285714286,0.6571428571428571
04109,04,109,1057,122,0,122,45,77,0.11542100283822138,0.0,1.0,0.36885245901639346,0.6311475409836066
04110,04,110,1147,166,0,166,47,119,0.14472537053182213,0.0,1.0,0.28313253012048195,0.7168674698795181
04111,04,111,987,128,0,128,36,92,0.12968591691995948,0.0,1.0,0.28125,0.71875
04112,04,112,1136,226,0,226,124,102,0.198943661971831,0.0,1.0,0.5486725663716814,0.45132743362831856
04113,04,113,1301,288,0,288,167,121,0.22136817832436587,0.0,1.0,0.5798611111111112,0.4201388888888889
04114,04,114,1148,217,0,217,133,84,0.18902439024390244,0.0,1.0,0.6129032258064516,0.3870967741935484
04115,04,115,1127,233,0,233,148,85,0.2067435669920142,0.0,1.0,0.6351931330472103,0.3648068669527897
04116,04,116,1239,274,0,274,175,99,0.22114608555286522,0.0,1.0,0.6386861313868614,0.3613138686131387
04117,04,117,1049,172,0,172,100,72,0.16396568160152525,0.0,1.0,0.5813953488372093,0.4186046511627907
04118,04,118,1153,183,1,182,112,70,0.15871639202081528,0.00546448087431694,0.994535519125683,0.6120218579234973,0.3825136612021858
04119,04,119,1201,231,3,228,153,75,0.19233971690258117,0.012987012987012988,0.987012987012987,0.6623376623376623,0.3246753246753247
04201,04,201,920,196,1,195,86,109,0.21304347826086956,0.00510204081632653,0.9948979591836735,0.4387755102040816,0.5561224489795918
04202,04,202,1076,234,5,229,120,109,0.2174721189591078,0.021367521367521368,0.9786324786324786,0.5128205128205128,0.4658119658119658
04203,04,203,983,157,0,157,71,86,0.15971515768056968,0.0,1.0,0.45222929936305734,0.5477707006369427
04204,04,204,1307,184,1,183,54,129,0.1407804131599082,0.005434782608695652,0.9945652173913043,0.29347826086956524,0.7010869565217391
04205,04,205,923,178,1,177,74,103,0.19284940411700974,0.0056179775280898875,0.9943820224719101,0.4157303370786517,0.5786516853932584
04206,04,206,1149,235,2,233,87,146,0.20452567449956485,0.00851063829787234,0.9914893617021276,0.3702127659574468,0.6212765957446809
04207,04,207,1175,247,0,247,125,122,0.2102127659574468,0.0,1.0,0.5060728744939271,0.4939271255060729
04208,04,208,1235,103,1,102,64,38,0.08340080971659919,0.009708737864077669,0.9902912621359223,0.6213592233009708,0.36893203883495146
04209,04,209,977,236,0,236,122,114,0.24155578300921188,0.0,1.0,0.5169491525423728,0.4830508474576271
04210,04,210,1163,284,2,282,113,169,0.24419604471195186,0.007042253521126761,0.9929577464788732,0.397887323943662,0.5950704225352113
04211,04,211,1088,264,2,262,130,132,0.2426470588235294,0.007575757575757576,0.9924242424242424,0.49242424242424243,0.5
04212,04,212,1214,289,0,289,133,156,0.23805601317957167,0.0,1.0,0.4602076124567474,0.5397923875432526
04213,04,213,822,183,0,183,66,117,0.22262773722627738,0.0,1.0,0.36065573770491804,0.639344262295082
04214,04,214,1255,214,0,214,126,88,0.17051792828685258,0.0,1.0,0.5887850467289719,0.411214953271028
04215,04,215,1038,197,0,197,132,65,0.18978805394990367,0.0,1.0,0.6700507614213198,0.3299492385786802
04216,04,216,1289,273,2,271,128,143,0.2117920868890613,0.007326007326007326,0.9926739926739927,0.46886446886446886,0.5238095238095238
04217,04,217,1242,279,1,278,158,120,0.2246376811594203,0.0035842293906810036,0.996415770609319,0.5663082437275986,0.43010752688172044
04218,04,218,1234,274,3,271,134,137,0.22204213938411668,0.010948905109489052,0.9890510948905109,0.48905109489051096,0.5
04219,04,219,1178,249,0,249,112,137,0.21137521222410866,0.0,1.0,0.4497991967871486,0.5502008032128514
04220,04,220,1155,320,1,319,174,145,0.27705627705627706,0.003125,0.996875,0.54375,0.453125
04221,04,221,1220,229,2,227,124,103,0.18770491803278688,0.008733624454148471,0.9912663755458515,0.5414847161572053,0.4497816593886463
04222,04,222,1208,225,1,224,137,87,0.18625827814569537,0.0044444444444444444,0.9955555555555555,0.6088888888888889,0.38666666666666666
04223,04,223,1094,198,0,198,107,91,0.1809872029250457,0.0,1.0,0.5404040404040404,0.4595959595959596
04224,04,224,1050,353,2,351,178,173,0.3361904761904762,0.0056657223796034,0.9943342776203966,0.5042492917847026,0.49008498583569404
04225,04,225,1586,223,0,223,145,78,0.14060529634300126,0.0,1.0,0.6502242152466368,0.34977578475336324
04226,04,226,1088,220,2,218,115,103,0.20220588235294118,0.00909090909090909,0.990909090909091,0.5227272727272727,0.4681818181818182
04227,04,227,1062,245,2,243,99,144,0.23069679849340866,0.00816326530612245,0.9918367346938776,0.40408163265306124,0.5877551020408164
04301,04,301,1270,242,1,241,162,79,0.19055118110236222,0.004132231404958678,0.9958677685950413,0.6694214876033058,0.32644628099173556
04302,04,302,1051,247,1,246,146,100,0.23501427212178877,0.004048582995951417,0.9959514170040485,0.5910931174089069,0.4048582995951417
04303,04,303,1165,279,1,278,183,95,0.23948497854077253,0.0035842293906810036,0.996415770609319,0.6559139784946236,0.34050179211469533
04304,04,304,1030,261,7,254,162,92,0.25339805825242717,0.02681992337164751,0.9731800766283525,0.6206896551724138,0.3524904214559387
04305,04,305,929,213,1,212,145,67,0.22927879440258342,0.004694835680751174,0.9953051643192489,0.6807511737089202,0.3145539906103286
04306,04,306,1030,272,1,271,206,65,0.26407766990291265,0.003676470588235294,0.9963235294117647,0.7573529411764706,0.23897058823529413
04307,04,307,1192,314,1,313,197,116,0.2634228187919463,0.0031847133757961785,0.9968152866242038,0.6273885350318471,0.36942675159235666
04308,04,308,750,183,2,181,82,99,0.244,0.01092896174863388,0.9890710382513661,0.44808743169398907,0.5409836065573771
04309,04,309,1296,247,0,247,127,120,0.19058641975308643,0.0,1.0,0.5141700404858299,0.48582995951417
04310,04,310,1135,267,0,267,169,98,0.23524229074889869,0.0,1.0,0.6329588014981273,0.36704119850187267
04311,04,311,967,207,0,207,144,63,0.2140641158221303,0.0,1.0,0.6956521739130435,0.30434782608695654
04312,04,312,794,202,2,200,145,55,0.25440806045340053,0.009900990099009901,0.9900990099009901,0.7178217821782178,0.2722772277227723
04313,04,313,1173,215,3,212,141,71,0.18329070758738278,0.013953488372093023,0.986046511627907,0.6558139534883721,0.3302325581395349
04314,04,314,1127,255,1,254,193,61,0.22626441881100265,0.00392156862745098,0.996078431372549,0.7568627450980392,0.23921568627450981
04315,04,315,1110,253,4,249,169,80,0.22792792792792793,0.015810276679841896,0.9841897233201581,0.6679841897233202,0.31620553359683795
04316,04,316,1161,263,3,260,148,112,0.22652885443583118,0.011406844106463879,0.9885931558935361,0.5627376425855514,0.42585551330798477
04317,04,317,991,268,4,264,154,110,0.2704339051463169,0.014925373134328358,0.9850746268656716,0.5746268656716418,0.41044776119402987
04318,04,318,1117,300,4,296,206,90,0.26857654431512984,0.013333333333333334,0.9866666666666667,0.6866666666666666,0.3
04319,04,319,906,255,1,254,176,78,0.2814569536423841,0.00392156862745098,0.996078431372549,0.6901960784313725,0.3058823529411765
04320,04,320,1012,174,2,172,112,60,0.17193675889328064,0.011494252873563218,0.9885057471264368,0.6436781609195402,0.3448275862068966
04321,04,321,1102,261,1,260,164,96,0.23684210526315788,0.0038314176245210726,0.9961685823754789,0.6283524904214559,0.367816091954023
04322,04,322,1196,314,4,310,198,112,0.2625418060200669,0.012738853503184714,0.9872611464968153,0.6305732484076433,0.35668789808917195
04323,04,323,1107,201,2,199,111,88,0.18157181571815717,0.009950248756218905,0.9900497512437811,0.5522388059701493,0.43781094527363185
04324,04,324,1080,209,0,209,125,84,0.1935185185185185,0.0,1.0,0.5980861244019139,0.4019138755980861
04325,04,325,697,92,0,92,60,32,0.13199426111908177,0.0,1.0,0.6521739130434783,0.34782608695652173
04326,04,326,912,193,0,193,120,73,0.21162280701754385,0.0,1.0,0.6217616580310881,0.37823834196891193
04327,04,327,971,207,0,207,142,65,0.21318228630278063,0.0,1.0,0.6859903381642513,0.3140096618357488
04328,04,328,976,226,0,226,129,97,0.23155737704918034,0.0,1.0,0.5707964601769911,0.42920353982300885
04329,04,329,1207,324,1,323,224,99,0.26843413421706713,0.0030864197530864196,0.9969135802469136,0.691358024691358,0.3055555555555556
04401,04,401,1319,291,2,289,179,110,0.22062168309325247,0.006872852233676976,0.993127147766323,0.6151202749140894,0.37800687285223367
04402,04,402,1136,199,1,198,115,83,0.17517605633802816,0.005025125628140704,0.9949748743718593,0.5778894472361809,0.41708542713567837
04403,04,403,537,61,0,61,39,22,0.11359404096834265,0.0,1.0,0.639344262295082,0.36065573770491804
04404,04,404,1033,237,3,234,142,92,0.22942884801548888,0.012658227848101266,0.9873417721518988,0.5991561181434599,0.3881856540084388
04405,04,405,1119,244,2,242,164,78,0.21805183199285075,0.00819672131147541,0.9918032786885246,0.6721311475409836,0.319672131147541
04406,04,406,1137,182,0,182,96,86,0.1600703605980651,0.0,1.0,0.5274725274725275,0.4725274725274725
04407,04,407,957,186,0,186,135,51,0.19435736677115986,0.0,1.0,0.7258064516129032,0.27419354838709675
04408,04,408,1149,188,2,186,104,82,0.16362053959965187,0.010638297872340425,0.9893617021276596,0.5531914893617021,0.43617021276595747
04409,04,409,1271,255,1,254,156,98,0.2006294256490952,0.00392156862745098,0.996078431372549,0.611764705882353,0.3843137254901961
04410,04,410,1203,247,1,246,169,77,0.2053200332502078,0.004048582995951417,0.9959514170040485,0.6842105263157895,0.3117408906882591
04411,04,411,1172,235,2,233,142,91,0.20051194539249148,0.00851063829787234,0.9914893617021276,0.6042553191489362,0.3872340425531915
04412,04,412,1028,204,1,203,128,75,0.19844357976653695,0.004901960784313725,0.9950980392156863,0.6274509803921569,0.36764705882352944
04413,04,413,1116,255,0,255,158,97,0.22849462365591397,0.0,1.0,0.6196078431372549,0.3803921568627451
04414,04,414,1017,179,0,179,125,54,0.176007866273353,0.0,1.0,0.6983240223463687,0.3016759776536313
04415,04,415,977,181,2,179,114,65,0.18526100307062435,0.011049723756906077,0.988950276243094,0.6298342541436464,0.35911602209944754
04416,04,416,866,162,0,162,109,53,0.18706697459584296,0.0,1.0,0.6728395061728395,0.3271604938271605
04417,04,417,1103,214,2,212,126,86,0.19401631912964643,0.009345794392523364,0.9906542056074766,0.5887850467289719,0.40186915887850466
04418,04,418,843,199,0,199,105,94,0.23606168446026096,0.0,1.0,0.5276381909547738,0.4723618090452261
04419,04,419,1234,282,0,282,185,97,0.22852512155591573,0.0,1.0,0.6560283687943262,0.34397163120567376
04420,04,420,799,127,0,127,71,56,0.15894868585732166,0.0,1.0,0.5590551181102362,0.4409448818897638
04421,04,421,964,163,0,163,100,63,0.1690871369294606,0.0,1.0,0.6134969325153374,0.38650306748466257
04422,04,422,1256,208,3,205,124,81,0.16560509554140126,0.014423076923076924,0.9855769230769231,0.5961538461538461,0.3894230769230769
04423,04,423,839,77,2,75,33,42,0.09177592371871275,0.025974025974025976,0.974025974025974,0.42857142857142855,0.5454545454545454
04424,04,424,1181,245,0,245,140,105,0.20745131244707873,0.0,1.0,0.5714285714285714,0.42857142857142855
04425,04,425,1146,192,0,192,92,100,0.16753926701570682,0.0,1.0,0.4791666666666667,0.5208333333333334
04426,04,426,1052,203,2,201,135,66,0.19296577946768062,0.009852216748768473,0.9901477832512315,0.6650246305418719,0.3251231527093596
04427,04,427,1293,183,0,183,104,79,0.14153132250580047,0.0,1.0,0.5683060109289617,0.43169398907103823
04428,04,428,1210,295,0,295,187,108,0.24380165289256198,0.0,1.0,0.6338983050847458,0.36610169491525424
04429,04,429,874,200,2,198,129,69,0.2288329519450801,0.01,0.99,0.645,0.345
04430,04,430,796,138,0,138,84,54,0.17336683417085427,0.0,1.0,0.6086956521739131,0.391304347826087
04501,04,501,1105,207,1,206,68,138,0.18733031674208145,0.004830917874396135,0.9951690821256038,0.3285024154589372,0.6666666666666666
04502,04,502,1073,227,1,226,83,143,0.21155638397017706,0.004405286343612335,0.9955947136563876,0.3656387665198238,0.6299559471365639
04503,04,503,1089,187,0,187,75,112,0.1717171717171717,0.0,1.0,0.40106951871657753,0.5989304812834224
04504,04,504,1226,228,6,222,118,104,0.1859706362153344,0.02631578947368421,0.9736842105263158,0.5175438596491229,0.45614035087719296
04505,04,505,1131,177,0,177,102,75,0.15649867374005305,0.0,1.0,0.576271186440678,0.423728813559322
04506,04,506,1158,184,0,184,109,75,0.15889464594127806,0.0,1.0,0.592391304347826,0.4076086956521739
04507,04,507,895,170,1,169,90,79,0.18994413407821228,0.0058823529411764705,0.9941176470588236,0.5294117647058824,0.4647058823529412
04508,04,508,826,204,0,204,113,91,0.2469733656174334,0.0,1.0,0.553921568627451,0.44607843137254904
04509,04,509,1153,136,0,136,85,51,0.11795316565481354,0.0,1.0,0.625,0.375
04510,04,510,1112,176,1,175,98,77,0.15827338129496402,0.005681818181818182,0.9943181818181818,0.5568181818181818,0.4375
04511,04,511,1177,178,1,177,63,114,0.15123194562446898,0.0056179775280898875,0.9943820224719101,0.3539325842696629,0.6404494382022472
04512,04,512,1119,171,2,169,83,86,0.15281501340482573,0.011695906432748537,0.9883040935672515,0.4853801169590643,0.5029239766081871
04513,04,513,885,154,0,154,68,86,0.17401129943502824,0.0,1.0,0.44155844155844154,0.5584415584415584
04514,04,514,879,154,1,153,88,65,0.1751990898748578,0.006493506493506494,0.9935064935064936,0.5714285714285714,0.42207792207792205
04515,04,515,848,157,1,156,85,71,0.18514150943396226,0.006369426751592357,0.9936305732484076,0.5414012738853503,0.45222929936305734
04516,04,516,972,216,0,216,128,88,0.2222222222222222,0.0,1.0,0.5925925925925926,0.4074074074074074
04517,04,517,752,130,0,130,68,62,0.17287234042553193,0.0,1.0,0.5230769230769231,0.47692307692307695
04518,04,518,977,127,0,127,69,58,0.1299897645854657,0.0,1.0,0.5433070866141733,0.4566929133858268
04519,04,519,1219,220,1,219,96,123,0.1804757998359311,0.004545454545454545,0.9954545454545455,0.43636363636363634,0.5590909090909091
04520,04,520,1275,246,0,246,122,124,0.19294117647058823,0.0,1.0,0.4959349593495935,0.5040650406504065
04521,04,521,966,158,3,155,47,108,0.16356107660455488,0.0189873417721519,0.9810126582278481,0.2974683544303797,0.6835443037974683
04522,04,522,1127,222,0,222,83,139,0.19698314108251996,0.0,1.0,0.3738738738738739,0.6261261261261262
04523,04,523,1088,237,2,235,92,143,0.21783088235294118,0.008438818565400843,0.9915611814345991,0.3881856540084388,0.6033755274261603
04524,04,524,1174,148,0,148,41,107,0.1260647359454855,0.0,1.0,0.27702702702702703,0.722972972972973
04525,04,525,1124,178,4,174,79,95,0.1583629893238434,0.02247191011235955,0.9775280898876404,0.4438202247191011,0.5337078651685393
04526,04,526,1030,155,3,152,67,85,0.15048543689320387,0.01935483870967742,0.9806451612903225,0.432258064516129,0.5483870967741935
04527,04,527,815,128,0,128,58,70,0.1570552147239264,0.0,1.0,0.453125,0.546875
04528,04,528,773,163,0,163,83,80,0.2108667529107374,0.0,1.0,0.50920245398773,0.49079754601226994
04529,04,529,1108,146,0,146,82,64,0.13176895306859207,0.0,1.0,0.5616438356164384,0.4383561643835616
04601,04,601,1036,220,0,220,129,91,0.21235521235521235,0.0,1.0,0.5863636363636363,0.41363636363636364
04602,04,602,1052,222,0,222,139,83,0.21102661596958175,0.0,1.0,0.6261261261261262,0.3738738738738739
04603,04,603,1140,216,0,216,104,112,0.18947368421052632,0.0,1.0,0.48148148148148145,0.5185185185185185
04604,04,604,1008,152,0,152,81,71,0.15079365079365079,0.0,1.0,0.5328947368421053,0.46710526315789475
04605,04,605,1047,190,1,189,111,78,0.18147086914995225,0.005263157894736842,0.9947368421052631,0.5842105263157895,0.4105263157894737
04606,04,606,1231,268,0,268,144,124,0.21770917952883834,0.0,1.0,0.5373134328358209,0.4626865671641791
04607,04,607,1101,205,1,204,128,76,0.18619436875567666,0.004878048780487805,0.9951219512195122,0.624390243902439,0.37073170731707317
04608,04,608,1185,190,0,190,117,73,0.16033755274261605,0.0,1.0,0.6157894736842106,0.38421052631578945
04609,04,609,1115,215,0,215,105,110,0.19282511210762332,0.0,1.0,0.4883720930232558,0.5116279069767442
04610,04,610,1140,281,4,277,160,117,0.24649122807017543,0.014234875444839857,0.9857651245551602,0.5693950177935944,0.41637010676156583
04611,04,611,1033,255,2,253,149,104,0.2468538238141336,0.00784313725490196,0.9921568627450981,0.5843137254901961,0.40784313725490196
04612,04,612,1329,240,2,238,115,123,0.18058690744920994,0.008333333333333333,0.9916666666666667,0.4791666666666667,0.5125
04613,04,613,1291,205,0,205,146,59,0.15879163439194424,0.0,1.0,0.7121951219512195,0.28780487804878047
04614,04,614,1109,188,5,183,110,73,0.16952209197475204,0.026595744680851064,0.973404255319149,0.5851063829787234,0.3882978723404255
04615,04,615,1105,209,1,208,126,82,0.18914027149321266,0.004784688995215311,0.9952153110047847,0.6028708133971292,0.3923444976076555
04616,04,616,1027,245,1,244,170,74,0.2385589094449854,0.004081632653061225,0.9959183673469387,0.6938775510204082,0.3020408163265306
04617,04,617,1307,283,2,281,169,112,0.21652639632746748,0.007067137809187279,0.9929328621908127,0.5971731448763251,0.3957597173144876
04618,04,618,1130,229,5,224,142,82,0.20265486725663717,0.021834061135371178,0.9781659388646288,0.6200873362445415,0.35807860262008734
04619,04,619,1081,244,3,241,144,97,0.22571692876965774,0.012295081967213115,0.9877049180327869,0.5901639344262295,0.3975409836065574
04620,04,620,1254,177,2,175,112,63,0.14114832535885166,0.011299435028248588,0.9887005649717514,0.632768361581921,0.3559322033898305
04621,04,621,1260,270,1,269,171,98,0.21428571428571427,0.003703703703703704,0.9962962962962963,0.6333333333333333,0.362962962962963
04622,04,622,1290,276,0,276,168,108,0.21395348837209302,0.0,1.0,0.6086956521739131,0.391304347826087
04623,04,623,1221,308,3,305,176,129,0.25225225225225223,0.00974025974025974,0.9902597402597403,0.5714285714285714,0.41883116883116883
04624,04,624,1238,320,4,316,190,126,0.25848142164781907,0.0125,0.9875,0.59375,0.39375
04625,04,625,1196,296,0,296,180,116,0.24749163879598662,0.0,1.0,0.6081081081081081,0.3918918918918919
04626,04,626,1091,237,0,237,161,76,0.21723189734188816,0.0,1.0,0.679324894514768,0.3206751054852321
04627,04,627,929,126,1,125,64,61,0.1356297093649085,0.007936507936507936,0.9920634920634921,0.5079365079365079,0.48412698412698413
04701,04,701,1229,253,2,251,122,129,0.20585842148087877,0.007905138339920948,0.9920948616600791,0.48221343873517786,0.5098814229249012
04702,04,702,1126,212,0,212,102,110,0.1882770870337478,0.0,1.0,0.4811320754716981,0.5188679245283019
04703,04,703,1227,286,1,285,181,104,0.2330888345558272,0.0034965034965034965,0.9965034965034965,0.6328671328671329,0.36363636363636365
04704,04,704,1177,218,0,218,103,115,0.18521665250637212,0.0,1.0,0.4724770642201835,0.5275229357798165
04705,04,705,1058,270,2,268,169,99,0.2551984877126654,0.007407407407407408,0.9925925925925926,0.6259259259259259,0.36666666666666664
04706,04,706,1168,379,3,376,225,151,0.324486301369863,0.0079155672823219,0.9920844327176781,0.5936675461741425,0.39841688654353563
04707,04,707,986,190,0,190,106,84,0.1926977687626775,0.0,1.0,0.5578947368421052,0.4421052631578947
04708,04,708,1225,289,2,287,159,128,0.23591836734693877,0.006920415224913495,0.9930795847750865,0.5501730103806228,0.4429065743944637
04709,04,709,1244,161,0,161,73,88,0.12942122186495178,0.0,1.0,0.453416149068323,0.546583850931677
04710,04,710,1282,324,2,322,185,137,0.25273010920436817,0.006172839506172839,0.9938271604938271,0.5709876543209876,0.4228395061728395
04711,04,711,1279,231,2,229,105,124,0.18060985144644254,0.008658008658008658,0.9913419913419913,0.45454545454545453,0.5367965367965368
04712,04,712,1240,318,4,314,190,124,0.2564516129032258,0.012578616352201259,0.9874213836477987,0.5974842767295597,0.389937106918239
04713,04,713,1207,303,1,302,149,153,0.2510356255178128,0.0033003300330033004,0.9966996699669967,0.49174917491749176,0.504950495049505
04714,04,714,1276,303,0,303,184,119,0.23746081504702193,0.0,1.0,0.6072607260726073,0.3927392739273927
04715,04,715,1191,154,1,153,70,83,0.12930310663308145,0.006493506493506494,0.9935064935064936,0.45454545454545453,0.538961038961039
04716,04,716,1324,289,1,288,183,105,0.21827794561933533,0.0034602076124567475,0.9965397923875432,0.6332179930795848,0.3633217993079585
04717,04,717,1176,330,0,330,182,148,0.28061224489795916,0.0,1.0,0.5515151515151515,0.4484848484848485
04718,04,718,998,212,1,211,90,121,0.2124248496993988,0.0047169811320754715,0.9952830188679245,0.42452830188679247,0.5707547169811321
04719,04,719,972,145,2,143,62,81,0.14917695473251028,0.013793103448275862,0.9862068965517241,0.42758620689655175,0.5586206896551724
04720,04,720,1248,272,1,271,103,168,0.21794871794871795,0.003676470588235294,0.9963235294117647,0.3786764705882353,0.6176470588235294
04721,04,721,1229,262,0,262,126,136,0.21318144833197722,0.0,1.0,0.48091603053435117,0.5190839694656488
04722,04,722,1131,271,2,269,141,128,0.2396109637488948,0.007380073800738007,0.992619926199262,0.5202952029520295,0.47232472324723246
04723,04,723,1993,399,2,397,192,205,0.2002007024586051,0.005012531328320802,0.9949874686716792,0.48120300751879697,0.5137844611528822
04724,04,724,782,157,0,157,74,83,0.20076726342711,0.0,1.0,0.4713375796178344,0.5286624203821656
04725,04,725,1184,272,1,271,163,108,0.22972972972972974,0.003676470588235294,0.9963235294117647,0.5992647058823529,0.39705882352941174
04726,04,726,1223,352,1,351,164,187,0.2878168438266558,0.002840909090909091,0.9971590909090909,0.4659090909090909,0.53125
04727,04,727,876,223,1,222,86,136,0.2545662100456621,0.004484304932735426,0.9955156950672646,0.38565022421524664,0.6098654708520179
04801,04,801,980,184,0,184,95,89,0.18775510204081633,0.0,1.0,0.5163043478260869,0.483695652173913
04802,04,802,1315,192,1,191,118,73,0.14600760456273765,0.005208333333333333,0.9947916666666666,0.6145833333333334,0.3802083333333333
04803,04,803,1154,184,0,184,109,75,0.15944540727902945,0.0,1.0,0.592391304347826,0.4076086956521739
04804,04,804,1102,210,0,210,112,98,0.19056261343012704,0.0,1.0,0.5333333333333333,0.4666666666666667
04805,04,805,932,164,1,163,97,66,0.1759656652360515,0.006097560975609756,0.9939024390243902,0.5914634146341463,0.4024390243902439
04806,04,806,1218,229,0,229,142,87,0.18801313628899835,0.0,1.0,0.6200873362445415,0.3799126637554585
04807,04,807,1130,195,0,195,111,84,0.17256637168141592,0.0,1.0,0.5692307692307692,0.4307692307692308
041A,04,1A,0,191,0,191,103,88,inf,0.0,1.0,0.5392670157068062,0.4607329842931937
041B,04,1B,0,0,0,0,0,0,0.0,0.0,0.0,0.0,0.0
041C,04,1C,0,271,0,271,67,204,inf,0.0,1.0,0.24723247232472326,0.7527675276752768
041D,04,1D,0,0,0,0,0,0,0.0,0.0,0.0,0.0,0.0
041E,04,1E,0,193,0,193,83,110,inf,0.0,1.0,0.43005181347150256,0.5699481865284974
041F,04,1F,0,0,0,0,0,0,0.0,0.0,0.0,0.0,0.0
041G,04,1G,0,216,0,216,51,165,inf,0.0,1.0,0.2361111111111111,0.7638888888888888
041H,04,1H,0,0,0,0,0,0,0.0,0.0,0.0,0.0,0.0
041I,04,1I,0,202,0,202,77,125,inf,0.0,1.0,0.3811881188118812,0.6188118811881188
041J,04,1J,0,0,0,0,0,0,0.0,0.0,0.0,0.0,0.0
041K,04,1K,0,321,0,321,197,124,inf,0.0,1.0,0.6137071651090342,0.3862928348909657
041L,04,1L,0,0,0,0,0,0,0.0,0.0,0.0,0.0,0.0
041M,04,1M,0,406,1,405,276,129,inf,0.0024630541871921183,0.9975369458128078,0.6798029556650246,0.31773399014778325
041N,04,1N,0,0,0,0,0,0,0.0,0.0,0.0,0.0,0.0
041P,04,1P,0,395,1,394,233,161,inf,0.002531645569620253,0.9974683544303797,0.589873417721519,0.40759493670886077
041Q,04,1Q,0,0,0,0,0,0,0.0,0.0,0.0,0.0,0.0
041R,04,1R,0,386,0,386,249,137,inf,0.0,1.0,0.6450777202072538,0.3549222797927461
041S,04,1S,0,0,0,0,0,0,0.0,0.0,0.0,0.0,0.0
042A,04,2A,0,859,0,859,297,562,inf,0.0,1.0,0.3457508731082654,0.6542491268917345
042B,04,2B,0,0,0,0,0,0,0.0,0.0,0.0,0.0,0.0
042C,04,2C,0,395,1,394,136,258,inf,0.002531645569620253,0.9974683544303797,0.34430379746835443,0.6531645569620254
042D,04,2D,0,0,0,0,0,0,0.0,0.0,0.0,0.0,0.0
042E,04,2E,0,402,2,400,219,181,inf,0.004975124378109453,0.9950248756218906,0.5447761194029851,0.4502487562189055
042F,04,2F,0,0,0,0,0,0,0.0,0.0,0.0,0.0,0.0
042G,04,2G,0,423,0,423,171,252,inf,0.0,1.0,0.40425531914893614,0.5957446808510638
042H,04,2H,0,0,0,0,0,0,0.0,0.0,0.0,0.0,0.0
042I,04,2I,0,662,2,660,270,390,inf,0.0030211480362537764,0.9969788519637462,0.4078549848942598,0.5891238670694864
042J,04,2J,0,0,0,0,0,0,0.0,0.0,0.0,0.0,0.0
042K,04,2K,0,360,1,359,206,153,inf,0.002777777777777778,0.9972222222222222,0.5722222222222222,0.425
042L,04,2L,0,0,0,0,0,0,0.0,0.0,0.0,0.0,0.0
042M,04,2M,0,399,1,398,222,176,inf,0.002506265664160401,0.9974937343358395,0.556390977443609,0.44110275689223055
042N,04,2N,0,0,0,0,0,0,0.0,0.0,0.0,0.0,0.0
042P,04,2P,0,414,2,412,179,233,inf,0.004830917874396135,0.9951690821256038,0.4323671497584541,0.5628019323671497
042Q,04,2Q,0,0,0,0,0,0,0.0,0.0,0.0,0.0,0.0
042R,04,2R,0,420,1,419,198,221,inf,0.002380952380952381,0.9976190476190476,0.4714285714285714,0.5261904761904762
042S,04,2S,0,0,0,0,0,0,0.0,0.0,0.0,0.0,0.0
042T,04,2T,0,444,0,444,224,220,inf,0.0,1.0,0.5045045045045045,0.4954954954954955
042U,04,2U,0,0,0,0,0,0,0.0,0.0,0.0,0.0,0.0
042V,04,2V,0,422,2,420,202,218,inf,0.004739336492890996,0.995260663507109,0.4786729857819905,0.5165876777251185
042W,04,2W,0,0,0,0,0,0,0.0,0.0,0.0,0.0,0.0
042X,04,2X,0,509,2,507,270,237,inf,0.003929273084479371,0.9960707269155207,0.5304518664047151,0.4656188605108055
042Y,04,2Y,0,0,0,0,0,0,0.0,0.0,0.0,0.0,0.0
043A,04,3A,0,358,4,354,233,121,inf,0.0111731843575419,0.9888268156424581,0.6508379888268156,0.33798882681564246
043B,04,3B,0,0,0,0,0,0,0.0,0.0,0.0,0.0,0.0
043C,04,3C,0,544,1,543,327,216,inf,0.001838235294117647,0.9981617647058824,0.6011029411764706,0.39705882352941174
043D,04,3D,0,0,0,0,0,0,0.0,0.0,0.0,0.0,0.0
043E,04,3E,0,469,2,467,343,124,inf,0.0042643923240938165,0.9957356076759062,0.7313432835820896,0.26439232409381663
043F,04,3F,0,0,0,0,0,0,0.0,0.0,0.0,0.0,0.0
043G,04,3G,0,513,3,510,309,201,inf,0.005847953216374269,0.9941520467836257,0.6023391812865497,0.391812865497076
043H,04,3H,0,0,0,0,0,0,0.0,0.0,0.0,0.0,0.0
043I,04,3I,0,454,0,454,257,197,inf,0.0,1.0,0.566079295154185,0.43392070484581496
043J,04,3J,0,0,0,0,0,0,0.0,0.0,0.0,0.0,0.0
043K,04,3K,0,547,1,546,298,248,inf,0.0018281535648994515,0.9981718464351006,0.5447897623400365,0.453382084095064
043L,04,3L,0,0,0,0,0,0,0.0,0.0,0.0,0.0,0.0
043M,04,3M,0,433,0,433,295,138,inf,0.0,1.0,0.6812933025404158,0.3187066974595843
043N,04,3N,0,0,0,0,0,0,0.0,0.0,0.0,0.0,0.0
043P,04,3P,0,472,0,472,286,186,inf,0.0,1.0,0.6059322033898306,0.3940677966101695
043Q,04,3Q,0,0,0,0,0,0,0.0,0.0,0.0,0.0,0.0
043R,04,3R,0,674,2,672,457,215,inf,0.002967359050445104,0.9970326409495549,0.6780415430267063,0.3189910979228487
043S,04,3S,0,0,0,0,0,0,0.0,0.0,0.0,0.0,0.0
043T,04,3T,0,409,1,408,256,152,inf,0.0024449877750611247,0.9975550122249389,0.6259168704156479,0.37163814180929094
043U,04,3U,0,0,0,0,0,0,0.0,0.0,0.0,0.0,0.0
043V,04,3V,0,581,2,579,315,264,inf,0.0034423407917383822,0.9965576592082617,0.5421686746987951,0.45438898450946646
043W,04,3W,0,0,0,0,0,0,0.0,0.0,0.0,0.0,0.0
044A,04,4A,0,428,2,426,237,189,inf,0.004672897196261682,0.9953271028037384,0.5537383177570093,0.441588785046729
044B,04,4B,0,0,0,0,0,0,0.0,0.0,0.0,0.0,0.0
044C,04,4C,0,495,0,495,286,209,inf,0.0,1.0,0.5777777777777777,0.4222222222222222
044D,04,4D,0,0,0,0,0,0,0.0,0.0,0.0,0.0,0.0
044E,04,4E,0,393,0,393,251,142,inf,0.0,1.0,0.638676844783715,0.361323155216285
044F,04,4F,0,0,0,0,0,0,0.0,0.0,0.0,0.0,0.0
044G,04,4G,0,420,1,419,230,189,inf,0.002380952380952381,0.9976190476190476,0.5476190476190477,0.45
044H,04,4H,0,0,0,0,0,0,0.0,0.0,0.0,0.0,0.0
044I,04,4I,0,391,0,391,246,145,inf,0.0,1.0,0.629156010230179,0.37084398976982097
044J,04,4J,0,0,0,0,0,0,0.0,0.0,0.0,0.0,0.0
044K,04,4K,0,488,0,488,296,192,inf,0.0,1.0,0.6065573770491803,0.39344262295081966
044L,04,4L,0,0,0,0,0,0,0.0,0.0,0.0,0.0,0.0
044M,04,4M,0,515,1,514,271,243,inf,0.001941747572815534,0.9980582524271845,0.5262135922330097,0.47184466019417476
044N,04,4N,0,0,0,0,0,0,0.0,0.0,0.0,0.0,0.0
044P,04,4P,0,519,2,517,311,206,inf,0.0038535645472061657,0.9961464354527938,0.5992292870905588,0.3969171483622351
044Q,04,4Q,0,0,0,0,0,0,0.0,0.0,0.0,0.0,0.0
044R,04,4R,0,434,0,434,235,199,inf,0.0,1.0,0.5414746543778802,0.45852534562211983
044S,04,4S,0,0,0,0,0,0,0.0,0.0,0.0,0.0,0.0
044T,04,4T,0,394,1,393,185,208,inf,0.0025380710659898475,0.9974619289340102,0.46954314720812185,0.5279187817258884
044U,04,4U,0,0,0,0,0,0,0.0,0.0,0.0,0.0,0.0
044V,04,4V,0,410,2,408,185,223,inf,0.004878048780487805,0.9951219512195122,0.45121951219512196,0.5439024390243903
044W,04,4W,0,0,0,0,0,0,0.0,0.0,0.0,0.0,0.0
044X,04,4X,0,435,1,434,259,175,inf,0.0022988505747126436,0.9977011494252873,0.5954022988505747,0.40229885057471265
044Y,04,4Y,0,0,0,0,0,0,0.0,0.0,0.0,0.0,0.0
045A,04,5A,0,560,1,559,167,392,inf,0.0017857142857142857,0.9982142857142857,0.2982142857142857,0.7
045B,04,5B,0,0,0,0,0,0,0.0,0.0,0.0,0.0,0.0
045C,04,5C,0,374,8,366,128,238,inf,0.0213903743315508,0.9786096256684492,0.3422459893048128,0.6363636363636364
045D,04,5D,0,0,0,0,0,0,0.0,0.0,0.0,0.0,0.0
045E,04,5E,0,606,0,606,319,287,inf,0.0,1.0,0.5264026402640264,0.4735973597359736
045F,04,5F,0,0,0,0,0,0,0.0,0.0,0.0,0.0,0.0
045G,04,5G,0,510,0,510,263,247,inf,0.0,1.0,0.515686274509804,0.4843137254901961
045H,04,5H,0,0,0,0,0,0,0.0,0.0,0.0,0.0,0.0
045I,04,5I,0,533,2,531,248,283,inf,0.00375234521575985,0.9962476547842402,0.4652908067542214,0.5309568480300187
045J,04,5J,0,0,0,0,0,0,0.0,0.0,0.0,0.0,0.0
045K,04,5K,0,585,0,585,298,287,inf,0.0,1.0,0.5094017094017094,0.4905982905982906
045L,04,5L,0,0,0,0,0,0,0.0,0.0,0.0,0.0,0.0
045M,04,5M,0,625,1,624,307,317,inf,0.0016,0.9984,0.4912,0.5072
045N,04,5N,0,0,0,0,0,0,0.0,0.0,0.0,0.0,0.0
045P,04,5P,0,396,1,395,171,224,inf,0.0025252525252525255,0.9974747474747475,0.4318181818181818,0.5656565656565656
045Q,04,5Q,0,0,0,0,0,0,0.0,0.0,0.0,0.0,0.0
045R,04,5R,0,365,3,362,109,253,inf,0.00821917808219178,0.9917808219178083,0.29863013698630136,0.6931506849315069
045S,04,5S,0,0,0,0,0,0,0.0,0.0,0.0,0.0,0.0
045T,04,5T,0,511,1,510,125,385,inf,0.0019569471624266144,0.9980430528375733,0.2446183953033268,0.7534246575342466
045U,04,5U,0,0,0,0,0,0,0.0,0.0,0.0,0.0,0.0
045V,04,5V,0,332,1,331,142,189,inf,0.0030120481927710845,0.9969879518072289,0.42771084337349397,0.5692771084337349
045W,04,5W,0,0,0,0,0,0,0.0,0.0,0.0,0.0,0.0
046A,04,6A,0,698,0,698,378,320,inf,0.0,1.0,0.5415472779369628,0.4584527220630373
046B,04,6B,0,0,0,0,0,0,0.0,0.0,0.0,0.0,0.0
046C,04,6C,0,489,0,489,264,225,inf,0.0,1.0,0.5398773006134969,0.4601226993865031
046D,04,6D,0,0,0,0,0,0,0.0,0.0,0.0,0.0,0.0
046E,04,6E,0,446,0,446,216,230,inf,0.0,1.0,0.484304932735426,0.515695067264574
046F,04,6F,0,0,0,0,0,0,0.0,0.0,0.0,0.0,0.0
046G,04,6G,0,418,0,418,222,196,inf,0.0,1.0,0.5311004784688995,0.4688995215311005
046H,04,6H,0,0,0,0,0,0,0.0,0.0,0.0,0.0,0.0
046I,04,6I,0,567,2,565,333,232,inf,0.003527336860670194,0.9964726631393298,0.5873015873015873,0.4091710758377425
046J,04,6J,0,0,0,0,0,0,0.0,0.0,0.0,0.0,0.0
046K,04,6K,0,469,0,469,239,230,inf,0.0,1.0,0.509594882729211,0.4904051172707889
046L,04,6L,0,0,0,0,0,0,0.0,0.0,0.0,0.0,0.0
046M,04,6M,0,429,4,425,274,151,inf,0.009324009324009324,0.9906759906759907,0.6386946386946387,0.351981351981352
046N,04,6N,0,0,0,0,0,0,0.0,0.0,0.0,0.0,0.0
046P,04,6P,0,430,10,420,258,162,inf,0.023255813953488372,0.9767441860465116,0.6,0.3767441860465116
046Q,04,6Q,0,0,0,0,0,0,0.0,0.0,0.0,0.0,0.0
046R,04,6R,0,529,1,528,304,224,inf,0.001890359168241966,0.998109640831758,0.5746691871455577,0.42344045368620037
046S,04,6S,0,0,0,0,0,0,0.0,0.0,0.0,0.0,0.0
046T,04,6T,0,458,2,456,268,188,inf,0.004366812227074236,0.9956331877729258,0.5851528384279476,0.4104803493449782
046U,04,6U,0,0,0,0,0,0,0.0,0.0,0.0,0.0,0.0
046V,04,6V,0,426,1,425,285,140,inf,0.002347417840375587,0.9976525821596244,0.6690140845070423,0.3286384976525822
046W,04,6W,0,0,0,0,0,0,0.0,0.0,0.0,0.0,0.0
046X,04,6X,0,344,0,344,211,133,inf,0.0,1.0,0.6133720930232558,0.3866279069767442
046Y,04,6Y,0,0,0,0,0,0,0.0,0.0,0.0,0.0,0.0
047A,04,7A,0,414,0,414,230,184,inf,0.0,1.0,0.5555555555555556,0.4444444444444444
047B,04,7B,0,0,0,0,0,0,0.0,0.0,0.0,0.0,0.0
047C,04,7C,0,415,0,415,247,168,inf,0.0,1.0,0.5951807228915663,0.40481927710843374
047D,04,7D,0,0,0,0,0,0,0.0,0.0,0.0,0.0,0.0
047E,04,7E,0,447,0,447,294,153,inf,0.0,1.0,0.6577181208053692,0.3422818791946309
047F,04,7F,0,0,0,0,0,0,0.0,0.0,0.0,0.0,0.0
047G,04,7G,0,367,0,367,207,160,inf,0.0,1.0,0.5640326975476839,0.4359673024523161
047H,04,7H,0,0,0,0,0,0,0.0,0.0,0.0,0.0,0.0
047I,04,7I,0,513,5,508,233,275,inf,0.009746588693957114,0.9902534113060428,0.45419103313840153,0.5360623781676414
047J,04,7J,0,0,0,0,0,0,0.0,0.0,0.0,0.0,0.0
047K,04,7K,0,539,0,539,273,266,inf,0.0,1.0,0.5064935064935064,0.4935064935064935
047L,04,7L,0,0,0,0,0,0,0.0,0.0,0.0,0.0,0.0
047M,04,7M,0,446,2,444,230,214,inf,0.004484304932735426,0.9955156950672646,0.515695067264574,0.4798206278026906
047N,04,7N,0,0,0,0,0,0,0.0,0.0,0.0,0.0,0.0
047P,04,7P,0,460,0,460,210,250,inf,0.0,1.0,0.45652173913043476,0.5434782608695652
047Q,04,7Q,0,0,0,0,0,0,0.0,0.0,0.0,0.0,0.0
047R,04,7R,0,607,1,606,284,322,inf,0.0016474464579901153,0.9983525535420099,0.46787479406919275,0.5304777594728172
047S,04,7S,0,0,0,0,0,0,0.0,0.0,0.0,0.0,0.0
047T,04,7T,0,453,2,451,188,263,inf,0.004415011037527594,0.9955849889624724,0.41501103752759383,0.5805739514348786
047U,04,7U,0,0,0,0,0,0,0.0,0.0,0.0,0.0,0.0
047V,04,7V,0,572,2,570,251,319,inf,0.0034965034965034965,0.9965034965034965,0.4388111888111888,0.5576923076923077
047W,04,7W,0,0,0,0,0,0,0.0,0.0,0.0,0.0,0.0
047X,04,7X,0,505,3,502,232,270,inf,0.005940594059405941,0.994059405940594,0.4594059405940594,0.5346534653465347
047Y,04,7Y,0,0,0,0,0,0,0.0,0.0,0.0,0.0,0.0
047Z,04,7Z,0,240,0,240,122,118,inf,0.0,1.0,0.5083333333333333,0.49166666666666664
048A,04,8A,0,208,4,204,145,59,inf,0.019230769230769232,0.9807692307692307,0.6971153846153846,0.28365384615384615
048B,04,8B,0,454,2,452,254,198,inf,0.004405286343612335,0.9955947136563876,0.5594713656387665,0.43612334801762115
048C,04,8C,0,0,0,0,0,0,0.0,0.0,0.0,0.0,0.0
048D,04,8D,0,302,0,302,184,118,inf,0.0,1.0,0.609271523178808,0.39072847682119205
048E,04,8E,0,0,0,0,0,0,0.0,0.0,0.0,0.0,0.0
048F,04,8F,0,458,1,457,283,174,inf,0.002183406113537118,0.9978165938864629,0.6179039301310044,0.3799126637554585
048G,04,8G,0,0,0,0,0,0,0.0,0.0,0.0,0.0,0.0
05101,05,101,731,133,0,133,88,45,0.18194254445964433,0.0,1.0,0.6616541353383458,0.3383458646616541
05102,05,102,1133,167,0,167,58,109,0.147396293027361,0.0,1.0,0.3473053892215569,0.6526946107784432
05103,05,103,1018,297,1,296,125,171,0.2917485265225933,0.003367003367003367,0.9966329966329966,0.4208754208754209,0.5757575757575758
05104,05,104,928,146,1,145,46,99,0.15732758620689655,0.00684931506849315,0.9931506849315068,0.3150684931506849,0.678082191780822
05105,05,105,1001,213,2,211,57,154,0.2127872127872128,0.009389671361502348,0.9906103286384976,0.2676056338028169,0.7230046948356808
05106,05,106,1153,222,1,221,64,157,0.19254119687771032,0.0045045045045045045,0.9954954954954955,0.2882882882882883,0.7072072072072072
05107,05,107,801,140,0,140,45,95,0.17478152309612985,0.0,1.0,0.32142857142857145,0.6785714285714286
05108,05,108,927,69,0,69,27,42,0.0744336569579288,0.0,1.0,0.391304347826087,0.6086956521739131
05109,05,109,0,0,0,0,0,0,0.0,0.0,0.0,0.0,0.0
05110,05,110,841,131,1,130,62,68,0.15576694411414982,0.007633587786259542,0.9923664122137404,0.4732824427480916,0.5190839694656488
05111,05,111,1198,185,1,184,67,117,0.15442404006677796,0.005405405405405406,0.9945945945945946,0.3621621621621622,0.6324324324324324
05112,05,112,1048,157,0,157,51,106,0.14980916030534353,0.0,1.0,0.3248407643312102,0.6751592356687898
05113,05,113,1661,254,0,254,114,140,0.15291992775436483,0.0,1.0,0.44881889763779526,0.5511811023622047
05114,05,114,875,147,0,147,57,90,0.168,0.0,1.0,0.3877551020408163,0.6122448979591837
05115,05,115,985,149,0,149,57,92,0.15126903553299492,0.0,1.0,0.3825503355704698,0.6174496644295302
05116,05,116,749,102,1,101,31,70,0.13618157543391188,0.00980392156862745,0.9901960784313726,0.30392156862745096,0.6862745098039216
05117,05,117,954,86,0,86,30,56,0.09014675052410902,0.0,1.0,0.3488372093023256,0.6511627906976745
05118,05,118,1362,146,0,146,60,86,0.10719530102790015,0.0,1.0,0.410958904109589,0.589041095890411
05119,05,119,1165,155,0,155,47,108,0.13304721030042918,0.0,1.0,0.3032258064516129,0.6967741935483871
05120,05,120,1211,185,0,185,65,120,0.152766308835673,0.0,1.0,0.35135135135135137,0.6486486486486487
05121,05,121,1139,155,0,155,37,118,0.1360842844600527,0.0,1.0,0.23870967741935484,0.7612903225806451
05122,05,122,834,80,0,80,19,61,0.09592326139088729,0.0,1.0,0.2375,0.7625
05123,05,123,718,100,0,100,29,71,0.1392757660167131,0.0,1.0,0.29,0.71
05124,05,124,1292,185,0,185,46,139,0.14318885448916407,0.0,1.0,0.24864864864864866,0.7513513513513513
05125,05,125,962,89,0,89,29,60,0.09251559251559252,0.0,1.0,0.3258426966292135,0.6741573033707865
05126,05,126,1117,110,3,107,41,66,0.09847806624888093,0.02727272727272727,0.9727272727272728,0.37272727272727274,0.6
05127,05,127,892,76,0,76,19,57,0.08520179372197309,0.0,1.0,0.25,0.75
05128,05,128,868,60,0,60,16,44,0.06912442396313365,0.0,1.0,0.26666666666666666,0.7333333333333333
05129,05,129,952,108,0,108,35,73,0.1134453781512605,0.0,1.0,0.32407407407407407,0.6759259259259259
05130,05,130,1086,147,0,147,33,114,0.13535911602209943,0.0,1.0,0.22448979591836735,0.7755102040816326
05131,05,131,524,82,1,81,47,34,0.15648854961832062,0.012195121951219513,0.9878048780487805,0.573170731707317,0.4146341463414634
05132,05,132,1190,129,1,128,46,82,0.10840336134453782,0.007751937984496124,0.9922480620155039,0.35658914728682173,0.6356589147286822
05133,05,133,1195,119,0,119,37,82,0.099581589958159,0.0,1.0,0.31092436974789917,0.6890756302521008
05134,05,134,1092,106,0,106,40,66,0.09706959706959707,0.0,1.0,0.37735849056603776,0.6226415094339622
05201,05,201,1209,199,1,198,58,140,0.16459884201819686,0.005025125628140704,0.9949748743718593,0.2914572864321608,0.7035175879396985
05202,05,202,1074,97,0,97,30,67,0.09031657355679702,0.0,1.0,0.30927835051546393,0.6907216494845361
05203,05,203,1159,121,0,121,38,83,0.10440034512510785,0.0,1.0,0.3140495867768595,0.6859504132231405
05204,05,204,879,106,0,106,32,74,0.12059158134243458,0.0,1.0,0.3018867924528302,0.6981132075471698
05205,05,205,983,119,1,118,45,73,0.12105798575788403,0.008403361344537815,0.9915966386554622,0.37815126050420167,0.6134453781512605
05206,05,206,660,102,1,101,53,48,0.15454545454545454,0.00980392156862745,0.9901960784313726,0.5196078431372549,0.47058823529411764
05207,05,207,1005,66,0,66,24,42,0.06567164179104477,0.0,1.0,0.36363636363636365,0.6363636363636364
05208,05,208,1008,146,1,145,75,70,0.14484126984126985,0.00684931506849315,0.9931506849315068,0.5136986301369864,0.4794520547945205
05209,05,209,969,143,2,141,48,93,0.1475748194014448,0.013986013986013986,0.986013986013986,0.3356643356643357,0.6503496503496503
05210,05,210,1042,140,1,139,74,65,0.1343570057581574,0.007142857142857143,0.9928571428571429,0.5285714285714286,0.4642857142857143
05211,05,211,765,115,0,115,36,79,0.1503267973856209,0.0,1.0,0.3130434782608696,0.6869565217391305
05212,05,212,863,135,1,134,49,85,0.1564310544611819,0.007407407407407408,0.9925925925925926,0.362962962962963,0.6296296296296297
05213,05,213,966,219,1,218,56,162,0.2267080745341615,0.0045662100456621,0.9954337899543378,0.2557077625570776,0.7397260273972602
05214,05,214,1148,105,0,105,29,76,0.09146341463414634,0.0,1.0,0.2761904761904762,0.7238095238095238
05215,05,215,1023,97,1,96,37,59,0.09481915933528837,0.010309278350515464,0.9896907216494846,0.38144329896907214,0.6082474226804123
05216,05,216,942,115,0,115,38,77,0.12208067940552017,0.0,1.0,0.33043478260869563,0.6695652173913044
05217,05,217,707,109,0,109,33,76,0.15417256011315417,0.0,1.0,0.30275229357798167,0.6972477064220184
05218,05,218,928,159,0,159,66,93,0.1713362068965517,0.0,1.0,0.41509433962264153,0.5849056603773585
05219,05,219,1192,185,0,185,80,105,0.1552013422818792,0.0,1.0,0.43243243243243246,0.5675675675675675
05220,05,220,990,125,0,125,41,84,0.12626262626262627,0.0,1.0,0.328,0.672
05221,05,221,785,123,0,123,53,70,0.15668789808917197,0.0,1.0,0.43089430894308944,0.5691056910569106
05222,05,222,843,167,1,166,67,99,0.1981020166073547,0.005988023952095809,0.9940119760479041,0.40119760479041916,0.592814371257485
05223,05,223,1024,116,0,116,47,69,0.11328125,0.0,1.0,0.4051724137931034,0.5948275862068966
05224,05,224,865,143,1,142,60,82,0.1653179190751445,0.006993006993006993,0.993006993006993,0.4195804195804196,0.5734265734265734
05225,05,225,944,145,0,145,58,87,0.15360169491525424,0.0,1.0,0.4,0.6
05226,05,226,995,149,0,149,53,96,0.14974874371859295,0.0,1.0,0.35570469798657717,0.6442953020134228
05227,05,227,1225,106,0,106,40,66,0.08653061224489796,0.0,1.0,0.37735849056603776,0.6226415094339622
05228,05,228,703,151,0,151,42,109,0.2147937411095306,0.0,1.0,0.2781456953642384,0.7218543046357616
05229,05,229,950,72,0,72,21,51,0.07578947368421053,0.0,1.0,0.2916666666666667,0.7083333333333334
05230,05,230,619,77,1,76,34,42,0.12439418416801293,0.012987012987012988,0.987012987012987,0.44155844155844154,0.5454545454545454
05301,05,301,1160,161,0,161,48,113,0.13879310344827586,0.0,1.0,0.2981366459627329,0.7018633540372671
05302,05,302,892,118,1,117,41,76,0.13228699551569506,0.00847457627118644,0.9915254237288136,0.3474576271186441,0.6440677966101694
05303,05,303,908,171,0,171,60,111,0.1883259911894273,0.0,1.0,0.3508771929824561,0.6491228070175439
05304,05,304,1356,212,3,209,66,143,0.15634218289085547,0.014150943396226415,0.9858490566037735,0.3113207547169811,0.6745283018867925
05305,05,305,1164,149,0,149,44,105,0.12800687285223367,0.0,1.0,0.2953020134228188,0.7046979865771812
05306,05,306,811,135,0,135,56,79,0.16646115906288533,0.0,1.0,0.4148148148148148,0.5851851851851851
05307,05,307,1217,154,0,154,62,92,0.1265406737880033,0.0,1.0,0.4025974025974026,0.5974025974025974
05308,05,308,1143,212,1,211,69,142,0.18547681539807523,0.0047169811320754715,0.9952830188679245,0.32547169811320753,0.6698113207547169
05309,05,309,1279,105,0,105,34,71,0.08209538702111024,0.0,1.0,0.3238095238095238,0.6761904761904762
05310,05,310,1134,185,0,185,82,103,0.16313932980599646,0.0,1.0,0.44324324324324327,0.5567567567567567
05311,05,311,1105,207,1,206,115,91,0.18733031674208145,0.004830917874396135,0.9951690821256038,0.5555555555555556,0.4396135265700483
05312,05,312,903,151,0,151,59,92,0.1672203765227021,0.0,1.0,0.39072847682119205,0.609271523178808
05313,05,313,1288,218,0,218,88,130,0.16925465838509315,0.0,1.0,0.4036697247706422,0.5963302752293578
05314,05,314,1155,194,1,193,74,119,0.16796536796536796,0.005154639175257732,0.9948453608247423,0.38144329896907214,0.6134020618556701
05315,05,315,1130,321,2,319,179,140,0.28407079646017697,0.006230529595015576,0.9937694704049844,0.557632398753894,0.43613707165109034
05316,05,316,1255,186,0,186,64,122,0.14820717131474104,0.0,1.0,0.34408602150537637,0.6559139784946236
05317,05,317,1057,122,0,122,52,70,0.11542100283822138,0.0,1.0,0.4262295081967213,0.5737704918032787
05318,05,318,1147,175,0,175,80,95,0.15257192676547515,0.0,1.0,0.45714285714285713,0.5428571428571428
05319,05,319,642,55,3,52,20,32,0.08566978193146417,0.05454545454545454,0.9454545454545454,0.36363636363636365,0.5818181818181818
05320,05,320,915,124,1,123,35,88,0.1355191256830601,0.008064516129032258,0.9919354838709677,0.28225806451612906,0.7096774193548387
05321,05,321,1106,167,0,167,82,85,0.15099457504520797,0.0,1.0,0.49101796407185627,0.5089820359281437
05322,05,322,1068,172,0,172,75,97,0.16104868913857678,0.0,1.0,0.436046511627907,0.563953488372093
05323,05,323,839,79,0,79,28,51,0.09415971394517282,0.0,1.0,0.35443037974683544,0.6455696202531646
05324,05,324,1070,161,1,160,49,111,0.15046728971962617,0.006211180124223602,0.9937888198757764,0.30434782608695654,0.6894409937888198
05325,05,325,1213,238,2,236,123,113,0.19620774938169827,0.008403361344537815,0.9915966386554622,0.5168067226890757,0.47478991596638653
05326,05,326,1062,96,1,95,38,57,0.0903954802259887,0.010416666666666666,0.9895833333333334,0.3958333333333333,0.59375
05327,05,327,1031,200,1,199,93,106,0.19398642095053345,0.005,0.995,0.465,0.53
05328,05,328,1190,180,0,180,84,96,0.15126050420168066,0.0,1.0,0.4666666666666667,0.5333333333333333
05329,05,329,936,135,0,135,69,66,0.14423076923076922,0.0,1.0,0.5111111111111111,0.4888888888888889
05330,05,330,707,76,0,76,32,44,0.1074964639321075,0.0,1.0,0.42105263157894735,0.5789473684210527
05331,05,331,577,58,0,58,18,40,0.10051993067590988,0.0,1.0,0.3103448275862069,0.6896551724137931
05332,05,332,0,0,0,0,0,0,0.0,0.0,0.0,0.0,0.0
05401,05,401,1356,193,0,193,60,133,0.14233038348082597,0.0,1.0,0.31088082901554404,0.689119170984456
05402,05,402,703,142,0,142,61,81,0.2019914651493599,0.0,1.0,0.4295774647887324,0.5704225352112676
05403,05,403,929,214,1,213,62,151,0.2303552206673843,0.004672897196261682,0.9953271028037384,0.2897196261682243,0.705607476635514
05404,05,404,1015,204,0,204,67,137,0.20098522167487684,0.0,1.0,0.3284313725490196,0.6715686274509803
05405,05,405,1054,242,2,240,62,178,0.22960151802656548,0.008264462809917356,0.9917355371900827,0.256198347107438,0.7355371900826446
05406,05,406,983,137,0,137,26,111,0.13936927772126145,0.0,1.0,0.1897810218978102,0.8102189781021898
05407,05,407,974,230,0,230,70,160,0.23613963039014374,0.0,1.0,0.30434782608695654,0.6956521739130435
05408,05,408,824,76,0,76,28,48,0.09223300970873786,0.0,1.0,0.3684210526315789,0.631578947368421
05409,05,409,1080,235,0,235,45,190,0.2175925925925926,0.0,1.0,0.19148936170212766,0.8085106382978723
05410,05,410,1293,144,0,144,35,109,0.11136890951276102,0.0,1.0,0.24305555555555555,0.7569444444444444
05411,05,411,996,139,0,139,43,96,0.1395582329317269,0.0,1.0,0.30935251798561153,0.6906474820143885
05412,05,412,1275,177,0,177,50,127,0.1388235294117647,0.0,1.0,0.2824858757062147,0.7175141242937854
05413,05,413,1335,179,0,179,61,118,0.13408239700374533,0.0,1.0,0.3407821229050279,0.659217877094972
05414,05,414,764,112,0,112,24,88,0.14659685863874344,0.0,1.0,0.21428571428571427,0.7857142857142857
05415,05,415,1249,105,1,104,23,81,0.08406725380304243,0.009523809523809525,0.9904761904761905,0.21904761904761905,0.7714285714285715
05416,05,416,1221,173,0,173,48,125,0.1416871416871417,0.0,1.0,0.2774566473988439,0.7225433526011561
05417,05,417,937,235,0,235,75,160,0.2508004268943437,0.0,1.0,0.3191489361702128,0.6808510638297872
05418,05,418,717,83,0,83,15,68,0.11576011157601115,0.0,1.0,0.18072289156626506,0.8192771084337349
05419,05,419,1076,213,2,211,67,144,0.1979553903345725,0.009389671361502348,0.9906103286384976,0.3145539906103286,0.676056338028169
05420,05,420,1071,195,0,195,61,134,0.18207282913165265,0.0,1.0,0.3128205128205128,0.6871794871794872
05421,05,421,1194,153,0,153,51,102,0.12814070351758794,0.0,1.0,0.3333333333333333,0.6666666666666666
05422,05,422,953,80,0,80,27,53,0.08394543546694648,0.0,1.0,0.3375,0.6625
05423,05,423,815,99,0,99,16,83,0.12147239263803682,0.0,1.0,0.16161616161616163,0.8383838383838383
05424,05,424,1189,177,1,176,52,124,0.1488645920941968,0.005649717514124294,0.9943502824858758,0.2937853107344633,0.7005649717514124
05425,05,425,997,159,0,159,52,107,0.15947843530591777,0.0,1.0,0.3270440251572327,0.6729559748427673
05426,05,426,1168,216,0,216,67,149,0.18493150684931506,0.0,1.0,0.3101851851851852,0.6898148148148148
05427,05,427,745,93,0,93,31,62,0.12483221476510067,0.0,1.0,0.3333333333333333,0.6666666666666666
05428,05,428,1083,219,0,219,68,151,0.20221606648199447,0.0,1.0,0.3105022831050228,0.6894977168949772
05429,05,429,942,194,0,194,76,118,0.2059447983014862,0.0,1.0,0.3917525773195876,0.6082474226804123
05430,05,430,1007,174,0,174,61,113,0.1727904667328699,0.0,1.0,0.3505747126436782,0.6494252873563219
05501,05,501,983,168,2,166,67,99,0.17090539165818922,0.011904761904761904,0.9880952380952381,0.39880952380952384,0.5892857142857143
05502,05,502,1175,269,0,269,118,151,0.22893617021276597,0.0,1.0,0.43866171003717475,0.5613382899628253
05503,05,503,780,214,0,214,74,140,0.2743589743589744,0.0,1.0,0.34579439252336447,0.6542056074766355
05504,05,504,911,236,0,236,76,160,0.25905598243688255,0.0,1.0,0.3220338983050847,0.6779661016949152
05505,05,505,1097,194,1,193,81,112,0.17684594348222424,0.005154639175257732,0.9948453608247423,0.4175257731958763,0.5773195876288659
05506,05,506,1068,281,0,281,80,201,0.2631086142322097,0.0,1.0,0.2846975088967972,0.7153024911032029
05507,05,507,985,282,3,279,92,187,0.2862944162436548,0.010638297872340425,0.9893617021276596,0.3262411347517731,0.6631205673758865
05508,05,508,968,264,3,261,84,177,0.2727272727272727,0.011363636363636364,0.9886363636363636,0.3181818181818182,0.6704545454545454
05509,05,509,695,121,0,121,44,77,0.17410071942446043,0.0,1.0,0.36363636363636365,0.6363636363636364
05510,05,510,965,232,0,232,76,156,0.24041450777202072,0.0,1.0,0.3275862068965517,0.6724137931034483
05511,05,511,911,248,1,247,64,183,0.2722283205268935,0.004032258064516129,0.9959677419354839,0.25806451612903225,0.7379032258064516
05512,05,512,855,207,1,206,67,139,0.24210526315789474,0.004830917874396135,0.9951690821256038,0.32367149758454106,0.6714975845410628
05513,05,513,970,271,1,270,91,179,0.2793814432989691,0.0036900369003690036,0.996309963099631,0.33579335793357934,0.6605166051660517
05514,05,514,979,76,0,76,21,55,0.07763023493360573,0.0,1.0,0.27631578947368424,0.7236842105263158
05515,05,515,1067,191,1,190,56,134,0.1790065604498594,0.005235602094240838,0.9947643979057592,0.2931937172774869,0.7015706806282722
05516,05,516,1193,294,1,293,98,195,0.24643755238893544,0.003401360544217687,0.9965986394557823,0.3333333333333333,0.6632653061224489
05517,05,517,994,150,0,150,48,102,0.15090543259557343,0.0,1.0,0.32,0.68
05518,05,518,915,239,3,236,81,155,0.2612021857923497,0.012552301255230125,0.9874476987447699,0.3389121338912134,0.6485355648535565
05519,05,519,962,151,0,151,39,112,0.15696465696465697,0.0,1.0,0.2582781456953642,0.7417218543046358
05520,05,520,1121,154,1,153,30,123,0.13737734165923282,0.006493506493506494,0.9935064935064936,0.19480519480519481,0.7987012987012987
05521,05,521,1108,89,1,88,39,49,0.08032490974729242,0.011235955056179775,0.9887640449438202,0.43820224719101125,0.550561797752809
05522,05,522,951,263,0,263,93,170,0.2765509989484753,0.0,1.0,0.35361216730038025,0.6463878326996197
05523,05,523,956,204,1,203,68,135,0.21338912133891214,0.004901960784313725,0.9950980392156863,0.3333333333333333,0.6617647058823529
05524,05,524,963,208,1,207,89,118,0.21599169262720663,0.004807692307692308,0.9951923076923077,0.42788461538461536,0.5673076923076923
05525,05,525,800,198,1,197,78,119,0.2475,0.005050505050505051,0.9949494949494949,0.3939393939393939,0.601010101010101
05526,05,526,1120,245,1,244,71,173,0.21875,0.004081632653061225,0.9959183673469387,0.2897959183673469,0.7061224489795919
05527,05,527,1390,80,1,79,32,47,0.05755395683453238,0.0125,0.9875,0.4,0.5875
05528,05,528,884,262,2,260,89,171,0.29638009049773756,0.007633587786259542,0.9923664122137404,0.33969465648854963,0.6526717557251909
05529,05,529,901,239,1,238,89,149,0.26526082130965595,0.0041841004184100415,0.99581589958159,0.3723849372384937,0.6234309623430963
05530,05,530,957,174,1,173,65,108,0.18181818181818182,0.005747126436781609,0.9942528735632183,0.3735632183908046,0.6206896551724138
05531,05,531,784,184,1,183,66,117,0.23469387755102042,0.005434782608695652,0.9945652173913043,0.358695652173913,0.6358695652173914
05532,05,532,1021,326,1,325,104,221,0.31929480901077373,0.003067484662576687,0.9969325153374233,0.31901840490797545,0.6779141104294478
051A,05,1A,0,544,1,543,232,311,inf,0.001838235294117647,0.9981617647058824,0.4264705882352941,0.5716911764705882
051B,05,1B,0,0,0,0,0,0,0.0,0.0,0.0,0.0,0.0
051C,05,1C,0,361,0,361,146,215,inf,0.0,1.0,0.40443213296398894,0.5955678670360111
051D,05,1D,0,0,0,0,0,0,0.0,0.0,0.0,0.0,0.0
051E,05,1E,0,377,1,376,170,206,inf,0.002652519893899204,0.9973474801061007,0.4509283819628647,0.5464190981432361
051F,05,1F,0,0,0,0,0,0,0.0,0.0,0.0,0.0,0.0
051G,05,1G,0,480,2,478,185,293,inf,0.004166666666666667,0.9958333333333333,0.3854166666666667,0.6104166666666667
051H,05,1H,0,0,0,0,0,0,0.0,0.0,0.0,0.0,0.0
051J,05,1J,0,464,1,463,168,295,inf,0.0021551724137931034,0.9978448275862069,0.3620689655172414,0.6357758620689655
051K,05,1K,0,0,0,0,0,0,0.0,0.0,0.0,0.0,0.0
051L,05,1L,0,628,1,627,192,435,inf,0.0015923566878980893,0.9984076433121019,0.3057324840764331,0.6926751592356688
051M,05,1M,0,0,0,0,0,0,0.0,0.0,0.0,0.0,0.0
051N,05,1N,0,495,3,492,168,324,inf,0.006060606060606061,0.9939393939393939,0.3393939393939394,0.6545454545454545
051P,05,1P,0,0,0,0,0,0,0.0,0.0,0.0,0.0,0.0
051Q,05,1Q,0,389,2,387,111,276,inf,0.005141388174807198,0.9948586118251928,0.2853470437017995,0.7095115681233933
051R,05,1R,0,0,0,0,0,0,0.0,0.0,0.0,0.0,0.0
051S,05,1S,0,206,2,204,82,122,inf,0.009708737864077669,0.9902912621359223,0.39805825242718446,0.5922330097087378
052A,05,2A,0,287,1,286,118,168,inf,0.003484320557491289,0.9965156794425087,0.41114982578397213,0.5853658536585366
052B,05,2B,0,0,0,0,0,0,0.0,0.0,0.0,0.0,0.0
052C,05,2C,0,522,2,520,265,255,inf,0.0038314176245210726,0.9961685823754789,0.5076628352490421,0.4885057471264368
052D,05,2D,0,0,0,0,0,0,0.0,0.0,0.0,0.0,0.0
052E,05,2E,0,518,0,518,230,288,inf,0.0,1.0,0.444015444015444,0.555984555984556
052F,05,2F,0,0,0,0,0,0,0.0,0.0,0.0,0.0,0.0
052G,05,2G,0,349,1,348,129,219,inf,0.0028653295128939827,0.997134670487106,0.36962750716332377,0.6275071633237822
052H,05,2H,0,0,0,0,0,0,0.0,0.0,0.0,0.0,0.0
052J,05,2J,0,0,0,0,0,0,0.0,0.0,0.0,0.0,0.0
052K,05,2K,0,334,2,332,109,223,inf,0.005988023952095809,0.9940119760479041,0.3263473053892216,0.6676646706586826
052L,05,2L,0,0,0,0,0,0,0.0,0.0,0.0,0.0,0.0
052M,05,2M,0,356,0,356,176,180,inf,0.0,1.0,0.4943820224719101,0.5056179775280899
052N,05,2N,0,0,0,0,0,0,0.0,0.0,0.0,0.0,0.0
052P,05,2P,0,408,3,405,145,260,inf,0.007352941176470588,0.9926470588235294,0.3553921568627451,0.6372549019607843
052Q,05,2Q,0,0,0,0,0,0,0.0,0.0,0.0,0.0,0.0
052R,05,2R,0,0,0,0,0,0,0.0,0.0,0.0,0.0,0.0
053A,05,3A,0,609,2,607,283,324,inf,0.003284072249589491,0.9967159277504105,0.46469622331691296,0.5320197044334976
053B,05,3B,0,0,0,0,0,0,0.0,0.0,0.0,0.0,0.0
053C,05,3C,0,515,0,515,265,250,inf,0.0,1.0,0.5145631067961165,0.4854368932038835
053D,05,3D,0,0,0,0,0,0,0.0,0.0,0.0,0.0,0.0
053E,05,3E,0,609,0,609,267,342,inf,0.0,1.0,0.43842364532019706,0.5615763546798029
053F,05,3F,0,0,0,0,0,0,0.0,0.0,0.0,0.0,0.0
053G,05,3G,0,0,0,0,0,0,0.0,0.0,0.0,0.0,0.0
053H,05,3H,0,524,0,524,263,261,inf,0.0,1.0,0.5019083969465649,0.49809160305343514
053J,05,3J,0,0,0,0,0,0,0.0,0.0,0.0,0.0,0.0
053K,05,3K,0,420,0,420,174,246,inf,0.0,1.0,0.4142857142857143,0.5857142857142857
053L,05,3L,0,0,0,0,0,0,0.0,0.0,0.0,0.0,0.0
053M,05,3M,0,0,0,0,0,0,0.0,0.0,0.0,0.0,0.0
053N,05,3N,0,387,0,387,163,224,inf,0.0,1.0,0.42118863049095606,0.5788113695090439
053P,05,3P,0,0,0,0,0,0,0.0,0.0,0.0,0.0,0.0
053Q,05,3Q,0,0,0,0,0,0,0.0,0.0,0.0,0.0,0.0
053R,05,3R,0,501,2,499,156,343,inf,0.003992015968063872,0.9960079840319361,0.31137724550898205,0.6846307385229541
053S,05,3S,0,0,0,0,0,0,0.0,0.0,0.0,0.0,0.0
053T,05,3T,0,0,0,0,0,0,0.0,0.0,0.0,0.0,0.0
053U,05,3U,0,223,0,223,108,115,inf,0.0,1.0,0.484304932735426,0.515695067264574
053V,05,3V,0,0,0,0,0,0,0.0,0.0,0.0,0.0,0.0
054A,05,4A,0,460,0,460,119,341,inf,0.0,1.0,0.25869565217391305,0.741304347826087
054B,05,4B,0,0,0,0,0,0,0.0,0.0,0.0,0.0,0.0
054C,05,4C,0,687,2,685,207,478,inf,0.002911208151382824,0.9970887918486172,0.30131004366812225,0.6957787481804949
054D,05,4D,0,0,0,0,0,0,0.0,0.0,0.0,0.0,0.0
054E,05,4E,0,421,0,421,121,300,inf,0.0,1.0,0.28741092636579574,0.7125890736342043
054F,05,4F,0,0,0,0,0,0,0.0,0.0,0.0,0.0,0.0
054G,05,4G,0,411,5,406,107,299,inf,0.012165450121654502,0.9878345498783455,0.26034063260340634,0.7274939172749392
054H,05,4H,0,0,0,0,0,0,0.0,0.0,0.0,0.0,0.0
054J,05,4J,0,404,0,404,128,276,inf,0.0,1.0,0.31683168316831684,0.6831683168316832
054K,05,4K,0,0,0,0,0,0,0.0,0.0,0.0,0.0,0.0
054L,05,4L,0,377,1,376,129,247,inf,0.002652519893899204,0.9973474801061007,0.3421750663129973,0.6551724137931034
054M,05,4M,0,0,0,0,0,0,0.0,0.0,0.0,0.0,0.0
054N,05,4N,0,492,1,491,151,340,inf,0.0020325203252032522,0.9979674796747967,0.30691056910569103,0.6910569105691057
054P,05,4P,0,0,0,0,0,0,0.0,0.0,0.0,0.0,0.0
054Q,05,4Q,0,0,0,0,0,0,0.0,0.0,0.0,0.0,0.0
054R,05,4R,0,580,0,580,184,396,inf,0.0,1.0,0.31724137931034485,0.6827586206896552
054S,05,4S,0,0,0,0,0,0,0.0,0.0,0.0,0.0,0.0
054T,05,4T,0,595,3,592,167,425,inf,0.005042016806722689,0.9949579831932773,0.280672268907563,0.7142857142857143
054U,05,4U,0,0,0,0,0,0,0.0,0.0,0.0,0.0,0.0
055A,05,5A,0,389,1,388,109,279,inf,0.002570694087403599,0.9974293059125964,0.2802056555269923,0.7172236503856041
055B,05,5B,0,0,0,0,0,0,0.0,0.0,0.0,0.0,0.0
055C,05,5C,0,395,0,395,113,282,inf,0.0,1.0,0.28607594936708863,0.7139240506329114
055D,05,5D,0,0,0,0,0,0,0.0,0.0,0.0,0.0,0.0
055E,05,5E,0,482,2,480,215,265,inf,0.004149377593360996,0.995850622406639,0.4460580912863071,0.549792531120332
055F,05,5F,0,0,0,0,0,0,0.0,0.0,0.0,0.0,0.0
055G,05,5G,0,411,3,408,160,248,inf,0.0072992700729927005,0.9927007299270073,0.38929440389294406,0.6034063260340633
055H,05,5H,0,0,0,0,0,0,0.0,0.0,0.0,0.0,0.0
055J,05,5J,0,521,5,516,161,355,inf,0.009596928982725527,0.9904030710172744,0.30902111324376197,0.6813819577735125
055K,05,5K,0,0,0,0,0,0,0.0,0.0,0.0,0.0,0.0
055L,05,5L,0,561,3,558,201,357,inf,0.0053475935828877,0.9946524064171123,0.3582887700534759,0.6363636363636364
055M,05,5M,0,0,0,0,0,0,0.0,0.0,0.0,0.0,0.0
055N,05,5N,0,291,1,290,113,177,inf,0.003436426116838488,0.9965635738831615,0.38831615120274915,0.6082474226804123
055P,05,5P,0,0,0,0,0,0,0.0,0.0,0.0,0.0,0.0
055Q,05,5Q,0,448,1,447,162,285,inf,0.002232142857142857,0.9977678571428571,0.36160714285714285,0.6361607142857143
055R,05,5R,0,0,0,0,0,0,0.0,0.0,0.0,0.0,0.0
055S,05,5S,0,440,4,436,126,310,inf,0.00909090909090909,0.990909090909091,0.2863636363636364,0.7045454545454546
055T,05,5T,0,0,0,0,0,0,0.0,0.0,0.0,0.0,0.0
055U,05,5U,0,343,0,343,98,245,inf,0.0,1.0,0.2857142857142857,0.7142857142857143
055V,05,5V,0,0,0,0,0,0,0.0,0.0,0.0,0.0,0.0
055W,05,5W,0,344,4,340,106,234,inf,0.011627906976744186,0.9883720930232558,0.3081395348837209,0.6802325581395349
055X,05,5X,0,0,0,0,0,0,0.0,0.0,0.0,0.0,0.0
055Y,05,5Y,0,332,0,332,93,239,inf,0.0,1.0,0.28012048192771083,0.7198795180722891
055Z,05,5Z,0,0,0,0,0,0,0.0,0.0,0.0,0.0,0.0
06101,06,101,1256,283,1,282,121,161,0.22531847133757962,0.0035335689045936395,0.9964664310954063,0.4275618374558304,0.568904593639576
06102,06,102,1293,272,2,270,149,121,0.21036349574632637,0.007352941176470588,0.9926470588235294,0.5477941176470589,0.44485294117647056
06103,06,103,1249,276,1,275,174,101,0.2209767814251401,0.0036231884057971015,0.9963768115942029,0.6304347826086957,0.36594202898550726
06104,06,104,1285,336,1,335,227,108,0.2614785992217899,0.002976190476190476,0.9970238095238095,0.6755952380952381,0.32142857142857145
06105,06,105,1158,223,0,223,128,95,0.192573402417962,0.0,1.0,0.5739910313901345,0.4260089686098655
06106,06,106,1141,207,0,207,109,98,0.18141980718667836,0.0,1.0,0.5265700483091788,0.47342995169082125
06107,06,107,1190,255,3,252,113,139,0.21428571428571427,0.011764705882352941,0.9882352941176471,0.44313725490196076,0.5450980392156862
06108,06,108,1279,356,4,352,191,161,0.27834245504300237,0.011235955056179775,0.9887640449438202,0.5365168539325843,0.45224719101123595
06109,06,109,1276,327,0,327,190,137,0.256269592476489,0.0,1.0,0.581039755351682,0.41896024464831805
06110,06,110,1136,242,1,241,138,103,0.2130281690140845,0.004132231404958678,0.9958677685950413,0.5702479338842975,0.4256198347107438
06111,06,111,1133,302,1,301,179,122,0.26654898499558694,0.0033112582781456954,0.9966887417218543,0.5927152317880795,0.40397350993377484
06112,06,112,1243,258,2,256,127,129,0.2075623491552695,0.007751937984496124,0.9922480620155039,0.49224806201550386,0.5
06113,06,113,1177,166,1,165,73,92,0.14103653355989804,0.006024096385542169,0.9939759036144579,0.4397590361445783,0.5542168674698795
06114,06,114,1205,254,4,250,118,132,0.2107883817427386,0.015748031496062992,0.984251968503937,0.4645669291338583,0.5196850393700787
06115,06,115,1243,244,1,243,141,102,0.19629927594529364,0.004098360655737705,0.9959016393442623,0.5778688524590164,0.4180327868852459
06116,06,116,1226,322,5,317,195,122,0.2626427406199021,0.015527950310559006,0.984472049689441,0.6055900621118012,0.37888198757763975
06117,06,117,1173,189,1,188,101,87,0.16112531969309463,0.005291005291005291,0.9947089947089947,0.5343915343915344,0.4603174603174603
06118,06,118,1238,307,3,304,161,143,0.24798061389337642,0.009771986970684038,0.990228013029316,0.5244299674267101,0.46579804560260585
06119,06,119,1211,274,4,270,164,106,0.22625928984310487,0.014598540145985401,0.9854014598540146,0.5985401459854015,0.38686131386861317
06120,06,120,1100,278,0,278,177,101,0.25272727272727274,0.0,1.0,0.6366906474820144,0.36330935251798563
06121,06,121,1191,286,3,283,146,137,0.2401343408900084,0.01048951048951049,0.9895104895104895,0.5104895104895105,0.479020979020979
06122,06,122,1287,319,0,319,177,142,0.24786324786324787,0.0,1.0,0.554858934169279,0.445141065830721
06123,06,123,1171,271,2,269,143,126,0.2314261315115286,0.007380073800738007,0.992619926199262,0.5276752767527675,0.46494464944649444
06124,06,124,1291,241,0,241,146,95,0.18667699457784662,0.0,1.0,0.6058091286307054,0.3941908713692946
06125,06,125,1247,273,2,271,167,104,0.21892542101042503,0.007326007326007326,0.9926739926739927,0.6117216117216118,0.38095238095238093
06126,06,126,1139,259,0,259,156,103,0.2273924495171203,0.0,1.0,0.6023166023166023,0.39768339768339767
06201,06,201,1205,300,1,299,168,131,0.24896265560165975,0.0033333333333333335,0.9966666666666667,0.56,0.43666666666666665
06202,06,202,1348,318,1,317,159,158,0.23590504451038577,0.0031446540880503146,0.9968553459119497,0.5,0.4968553459119497
06203,06,203,1189,226,2,224,111,113,0.1900756938603869,0.008849557522123894,0.9911504424778761,0.4911504424778761,0.5
06204,06,204,1240,292,0,292,121,171,0.23548387096774193,0.0,1.0,0.4143835616438356,0.5856164383561644
06205,06,205,1135,208,0,208,81,127,0.18325991189427313,0.0,1.0,0.3894230769230769,0.6105769230769231
06206,06,206,1234,320,1,319,123,196,0.2593192868719611,0.003125,0.996875,0.384375,0.6125
06207,06,207,1133,186,0,186,91,95,0.1641659311562224,0.0,1.0,0.489247311827957,0.510752688172043
06208,06,208,1246,238,1,237,100,137,0.19101123595505617,0.004201680672268907,0.9957983193277311,0.42016806722689076,0.5756302521008403
06209,06,209,1303,259,0,259,150,109,0.1987720644666155,0.0,1.0,0.5791505791505791,0.42084942084942084
06210,06,210,1292,359,0,359,180,179,0.27786377708978327,0.0,1.0,0.5013927576601671,0.4986072423398329
06211,06,211,1340,240,3,237,134,103,0.1791044776119403,0.0125,0.9875,0.5583333333333333,0.42916666666666664
06212,06,212,1290,244,1,243,123,120,0.18914728682170542,0.004098360655737705,0.9959016393442623,0.5040983606557377,0.4918032786885246
06213,06,213,1281,247,1,246,143,103,0.19281811085089773,0.004048582995951417,0.9959514170040485,0.5789473684210527,0.41700404858299595
06214,06,214,1146,277,2,275,162,113,0.24171029668411867,0.007220216606498195,0.9927797833935018,0.5848375451263538,0.40794223826714804
06215,06,215,1286,288,2,286,152,134,0.223950233281493,0.006944444444444444,0.9930555555555556,0.5277777777777778,0.4652777777777778
06216,06,216,1235,247,1,246,148,98,0.2,0.004048582995951417,0.9959514170040485,0.5991902834008097,0.3967611336032389
06217,06,217,1272,291,4,287,151,136,0.22877358490566038,0.013745704467353952,0.9862542955326461,0.5189003436426117,0.46735395189003437
06218,06,218,1182,184,0,184,97,87,0.155668358714044,0.0,1.0,0.5271739130434783,0.47282608695652173
06219,06,219,1164,273,0,273,178,95,0.2345360824742268,0.0,1.0,0.652014652014652,0.34798534798534797
06220,06,220,1242,284,0,284,151,133,0.2286634460547504,0.0,1.0,0.5316901408450704,0.46830985915492956
06221,06,221,1337,296,6,290,131,159,0.22139117427075541,0.02027027027027027,0.9797297297297297,0.44256756756756754,0.5371621621621622
06222,06,222,1090,183,0,183,87,96,0.16788990825688074,0.0,1.0,0.47540983606557374,0.5245901639344263
06223,06,223,1071,262,1,261,143,118,0.2446311858076564,0.003816793893129771,0.9961832061068703,0.5458015267175572,0.45038167938931295
06224,06,224,1222,255,1,254,140,114,0.20867430441898527,0.00392156862745098,0.996078431372549,0.5490196078431373,0.4470588235294118
06225,06,225,1177,218,2,216,114,102,0.18521665250637212,0.009174311926605505,0.9908256880733946,0.5229357798165137,0.46788990825688076
06301,06,301,1314,281,4,277,148,129,0.21385083713850836,0.014234875444839857,0.9857651245551602,0.5266903914590747,0.45907473309608543
06302,06,302,1277,273,3,270,144,126,0.21378230227094752,0.01098901098901099,0.989010989010989,0.5274725274725275,0.46153846153846156
06303,06,303,1106,286,1,285,153,132,0.2585895117540687,0.0034965034965034965,0.9965034965034965,0.534965034965035,0.46153846153846156
06304,06,304,1286,344,5,339,152,187,0.26749611197511663,0.014534883720930232,0.9854651162790697,0.4418604651162791,0.5436046511627907
06305,06,305,1143,273,3,270,150,120,0.2388451443569554,0.01098901098901099,0.989010989010989,0.5494505494505495,0.43956043956043955
06306,06,306,1259,245,2,243,102,141,0.19459888800635425,0.00816326530612245,0.9918367346938776,0.4163265306122449,0.5755102040816327
06307,06,307,1207,265,5,260,137,123,0.2195526097763049,0.018867924528301886,0.9811320754716981,0.5169811320754717,0.4641509433962264
06308,06,308,1167,312,3,309,131,178,0.26735218508997427,0.009615384615384616,0.9903846153846154,0.4198717948717949,0.5705128205128205
06309,06,309,1269,281,1,280,135,145,0.2214342001576044,0.0035587188612099642,0.99644128113879,0.4804270462633452,0.5160142348754448
06310,06,310,1237,351,5,346,187,159,0.2837510105092967,0.014245014245014245,0.9857549857549858,0.5327635327635327,0.452991452991453
06311,06,311,1093,230,0,230,112,118,0.21043000914913082,0.0,1.0,0.48695652173913045,0.5130434782608696
06312,06,312,1170,314,3,311,140,171,0.26837606837606837,0.009554140127388535,0.9904458598726115,0.445859872611465,0.5445859872611465
06313,06,313,1179,265,2,263,112,151,0.22476675148430875,0.007547169811320755,0.9924528301886792,0.4226415094339623,0.569811320754717
06314,06,314,1262,249,1,248,98,150,0.19730586370839936,0.004016064257028112,0.9959839357429718,0.39357429718875503,0.6024096385542169
06315,06,315,1228,250,0,250,117,133,0.20358306188925082,0.0,1.0,0.468,0.532
06316,06,316,1259,232,4,228,85,143,0.18427323272438442,0.017241379310344827,0.9827586206896551,0.36637931034482757,0.6163793103448276
06317,06,317,1348,247,1,246,125,121,0.18323442136498516,0.004048582995951417,0.9959514170040485,0.5060728744939271,0.4898785425101215
06318,06,318,1293,215,1,214,93,121,0.1662799690641918,0.004651162790697674,0.9953488372093023,0.4325581395348837,0.5627906976744186
06319,06,319,1143,221,0,221,123,98,0.19335083114610674,0.0,1.0,0.5565610859728507,0.4434389140271493
06320,06,320,1237,235,1,234,113,121,0.18997574777687956,0.00425531914893617,0.9957446808510638,0.4808510638297872,0.5148936170212766
06321,06,321,1264,246,3,243,122,121,0.19462025316455697,0.012195121951219513,0.9878048780487805,0.4959349593495935,0.491869918699187
06322,06,322,1295,261,0,261,106,155,0.20154440154440154,0.0,1.0,0.4061302681992337,0.5938697318007663
06323,06,323,1193,284,1,283,131,152,0.23805532271584243,0.0035211267605633804,0.9964788732394366,0.4612676056338028,0.5352112676056338
06324,06,324,1180,262,1,261,110,151,0.22203389830508474,0.003816793893129771,0.9961832061068703,0.4198473282442748,0.5763358778625954
06325,06,325,1312,251,1,250,120,130,0.1913109756097561,0.00398406374501992,0.9960159362549801,0.47808764940239046,0.5179282868525896
06326,06,326,1222,315,1,314,177,137,0.25777414075286414,0.0031746031746031746,0.9968253968253968,0.5619047619047619,0.43492063492063493
06327,06,327,1168,316,1,315,166,149,0.2705479452054795,0.0031645569620253164,0.9968354430379747,0.5253164556962026,0.47151898734177217
06401,06,401,1240,354,2,352,182,170,0.2854838709677419,0.005649717514124294,0.9943502824858758,0.5141242937853108,0.480225988700565
06402,06,402,1291,256,0,256,108,148,0.19829589465530598,0.0,1.0,0.421875,0.578125
06403,06,403,1312,225,0,225,100,125,0.1714939024390244,0.0,1.0,0.4444444444444444,0.5555555555555556
06404,06,404,1152,274,2,272,133,139,0.2378472222222222,0.0072992700729927005,0.9927007299270073,0.4854014598540146,0.5072992700729927
06405,06,405,1263,344,2,342,138,204,0.2723673792557403,0.005813953488372093,0.9941860465116279,0.4011627906976744,0.5930232558139535
06406,06,406,1215,243,1,242,117,125,0.2,0.00411522633744856,0.9958847736625515,0.48148148148148145,0.51440329218107
06407,06,407,1320,241,1,240,102,138,0.18257575757575759,0.004149377593360996,0.995850622406639,0.42323651452282157,0.5726141078838174
06408,06,408,1305,254,2,252,125,127,0.1946360153256705,0.007874015748031496,0.9921259842519685,0.4921259842519685,0.5
06409,06,409,1198,242,0,242,101,141,0.2020033388981636,0.0,1.0,0.41735537190082644,0.5826446280991735
06410,06,410,1254,185,1,184,72,112,0.14752791068580542,0.005405405405405406,0.9945945945945946,0.3891891891891892,0.6054054054054054
06411,06,411,1595,320,1,319,105,214,0.2006269592476489,0.003125,0.996875,0.328125,0.66875
06412,06,412,1218,268,2,266,117,149,0.2200328407224959,0.007462686567164179,0.9925373134328358,0.43656716417910446,0.5559701492537313
06413,06,413,1224,197,0,197,74,123,0.16094771241830066,0.0,1.0,0.3756345177664975,0.6243654822335025
06414,06,414,1177,168,0,168,52,116,0.1427357689039932,0.0,1.0,0.30952380952380953,0.6904761904761905
06415,06,415,1050,157,0,157,69,88,0.14952380952380953,0.0,1.0,0.4394904458598726,0.5605095541401274
06416,06,416,1282,257,1,256,116,140,0.20046801872074882,0.0038910505836575876,0.9961089494163424,0.45136186770428016,0.5447470817120622
06417,06,417,1253,247,2,245,108,137,0.1971268954509178,0.008097165991902834,0.9919028340080972,0.43724696356275305,0.5546558704453441
06418,06,418,1209,347,2,345,176,169,0.2870140612076096,0.005763688760806916,0.9942363112391931,0.5072046109510087,0.48703170028818443
06419,06,419,1165,204,0,204,88,116,0.17510729613733905,0.0,1.0,0.43137254901960786,0.5686274509803921
06420,06,420,1161,180,0,180,53,127,0.15503875968992248,0.0,1.0,0.29444444444444445,0.7055555555555556
06421,06,421,1257,206,2,204,89,115,0.16388225934765313,0.009708737864077669,0.9902912621359223,0.4320388349514563,0.558252427184466
06422,06,422,1228,293,3,290,161,129,0.23859934853420195,0.010238907849829351,0.9897610921501706,0.5494880546075085,0.4402730375426621
06423,06,423,1250,302,0,302,90,212,0.2416,0.0,1.0,0.2980132450331126,0.7019867549668874
06501,06,501,1181,214,1,213,80,133,0.18120237087214225,0.004672897196261682,0.9953271028037384,0.37383177570093457,0.6214953271028038
06502,06,502,1305,254,1,253,97,156,0.1946360153256705,0.003937007874015748,0.9960629921259843,0.38188976377952755,0.6141732283464567
06503,06,503,1229,228,2,226,96,130,0.1855166802278275,0.008771929824561403,0.9912280701754386,0.42105263157894735,0.5701754385964912
06504,06,504,1078,265,1,264,124,140,0.24582560296846012,0.0037735849056603774,0.9962264150943396,0.4679245283018868,0.5283018867924528
06505,06,505,1235,316,1,315,139,176,0.25587044534412956,0.0031645569620253164,0.9968354430379747,0.439873417721519,0.5569620253164557
06506,06,506,1201,190,0,190,77,113,0.1582014987510408,0.0,1.0,0.4052631578947368,0.5947368421052631
06507,06,507,1149,216,0,216,63,153,0.18798955613577023,0.0,1.0,0.2916666666666667,0.7083333333333334
06508,06,508,1266,203,2,201,77,124,0.160347551342812,0.009852216748768473,0.9901477832512315,0.3793103448275862,0.6108374384236454
06509,06,509,1295,309,2,307,92,215,0.2386100386100386,0.006472491909385114,0.9935275080906149,0.2977346278317152,0.6957928802588996
06510,06,510,1240,339,1,338,121,217,0.27338709677419354,0.0029498525073746312,0.9970501474926253,0.35693215339233036,0.640117994100295
06511,06,511,1130,273,3,270,128,142,0.2415929203539823,0.01098901098901099,0.989010989010989,0.46886446886446886,0.5201465201465202
06512,06,512,1166,161,2,159,50,109,0.13807890222984562,0.012422360248447204,0.9875776397515528,0.3105590062111801,0.6770186335403726
06513,06,513,1471,250,0,250,107,143,0.1699524133242692,0.0,1.0,0.428,0.572
06514,06,514,1231,338,3,335,139,196,0.2745735174654752,0.008875739644970414,0.9911242603550295,0.41124260355029585,0.5798816568047337
06515,06,515,1232,287,1,286,107,179,0.23295454545454544,0.003484320557491289,0.9965156794425087,0.37282229965156793,0.6236933797909407
06516,06,516,1080,161,1,160,50,110,0.14907407407407408,0.006211180124223602,0.9937888198757764,0.3105590062111801,0.6832298136645962
06517,06,517,1342,232,0,232,78,154,0.17287630402384502,0.0,1.0,0.33620689655172414,0.6637931034482759
06518,06,518,1033,163,1,162,51,111,0.15779283639883834,0.006134969325153374,0.9938650306748467,0.3128834355828221,0.6809815950920245
06519,06,519,1003,163,1,162,77,85,0.1625124626121635,0.006134969325153374,0.9938650306748467,0.4723926380368098,0.5214723926380368
06520,06,520,1086,259,1,258,111,147,0.23848987108655617,0.003861003861003861,0.9961389961389961,0.42857142857142855,0.5675675675675675
06521,06,521,1110,291,2,289,107,182,0.26216216216216215,0.006872852233676976,0.993127147766323,0.36769759450171824,0.6254295532646048
06522,06,522,1279,219,0,219,85,134,0.1712275215011728,0.0,1.0,0.3881278538812785,0.6118721461187214
06523,06,523,1282,195,0,195,90,105,0.15210608424336974,0.0,1.0,0.46153846153846156,0.5384615384615384
06524,06,524,975,153,0,153,41,112,0.15692307692307692,0.0,1.0,0.2679738562091503,0.7320261437908496
06525,06,525,950,121,1,120,26,94,0.12736842105263158,0.008264462809917356,0.9917355371900827,0.21487603305785125,0.7768595041322314
06601,06,601,1207,207,1,206,126,80,0.17149958574979288,0.004830917874396135,0.9951690821256038,0.6086956521739131,0.3864734299516908
06602,06,602,1199,339,1,338,181,157,0.2827356130108424,0.0029498525073746312,0.9970501474926253,0.5339233038348082,0.4631268436578171
06603,06,603,1224,283,2,281,131,150,0.2312091503267974,0.007067137809187279,0.9929328621908127,0.4628975265017668,0.5300353356890459
06604,06,604,1167,313,3,310,166,144,0.26820908311910885,0.009584664536741214,0.9904153354632588,0.5303514376996805,0.46006389776357826
06605,06,605,1332,332,1,331,182,149,0.24924924924924924,0.0030120481927710845,0.9969879518072289,0.5481927710843374,0.44879518072289154
06606,06,606,1200,241,0,241,88,153,0.20083333333333334,0.0,1.0,0.3651452282157676,0.6348547717842323
06607,06,607,1215,271,3,268,93,175,0.22304526748971193,0.01107011070110701,0.988929889298893,0.34317343173431736,0.6457564575645757
06608,06,608,1401,258,0,258,103,155,0.1841541755888651,0.0,1.0,0.3992248062015504,0.6007751937984496
06609,06,609,1165,279,0,279,149,130,0.23948497854077253,0.0,1.0,0.5340501792114696,0.4659498207885305
06610,06,610,1130,270,0,270,113,157,0.23893805309734514,0.0,1.0,0.4185185185185185,0.5814814814814815
06611,06,611,1225,241,2,239,128,111,0.19673469387755102,0.008298755186721992,0.991701244813278,0.5311203319502075,0.4605809128630705
06612,06,612,1121,307,5,302,154,148,0.27386262265834077,0.016286644951140065,0.9837133550488599,0.501628664495114,0.4820846905537459
06613,06,613,1137,265,3,262,160,102,0.23306948109058928,0.011320754716981131,0.9886792452830189,0.6037735849056604,0.3849056603773585
06614,06,614,1202,327,2,325,138,187,0.2720465890183028,0.0061162079510703364,0.9938837920489296,0.42201834862385323,0.5718654434250765
06615,06,615,1295,218,2,216,109,107,0.16833976833976835,0.009174311926605505,0.9908256880733946,0.5,0.4908256880733945
06616,06,616,1290,367,1,366,163,203,0.28449612403100777,0.0027247956403269754,0.997275204359673,0.444141689373297,0.553133514986376
06617,06,617,1268,317,2,315,150,165,0.25,0.006309148264984227,0.9936908517350158,0.47318611987381703,0.5205047318611987
06618,06,618,1330,333,2,331,174,157,0.2503759398496241,0.006006006006006006,0.993993993993994,0.5225225225225225,0.47147147147147145
06619,06,619,1286,283,2,281,127,154,0.22006220839813376,0.007067137809187279,0.9929328621908127,0.44876325088339225,0.5441696113074205
06620,06,620,1281,249,3,246,136,110,0.19437939110070257,0.012048192771084338,0.9879518072289156,0.5461847389558233,0.44176706827309237
06621,06,621,1307,205,0,205,109,96,0.1568477429227238,0.0,1.0,0.5317073170731708,0.4682926829268293
06622,06,622,1300,336,0,336,202,134,0.25846153846153846,0.0,1.0,0.6011904761904762,0.39880952380952384
06623,06,623,1360,309,4,305,186,119,0.22720588235294117,0.012944983818770227,0.9870550161812298,0.6019417475728155,0.3851132686084142
06624,06,624,1261,295,3,292,176,116,0.23394131641554322,0.010169491525423728,0.9898305084745763,0.5966101694915255,0.39322033898305087
06625,06,625,1289,272,2,270,101,169,0.21101629169899147,0.007352941176470588,0.9926470588235294,0.3713235294117647,0.6213235294117647
06701,06,701,1157,234,1,233,102,131,0.20224719101123595,0.004273504273504274,0.9957264957264957,0.4358974358974359,0.5598290598290598
06702,06,702,1211,228,0,228,89,139,0.18827415359207267,0.0,1.0,0.39035087719298245,0.6096491228070176
06703,06,703,1094,236,0,236,95,141,0.21572212065813529,0.0,1.0,0.4025423728813559,0.597457627118644
06704,06,704,1252,236,3,233,95,138,0.18849840255591055,0.012711864406779662,0.9872881355932204,0.4025423728813559,0.5847457627118644
06705,06,705,1108,209,0,209,112,97,0.18862815884476533,0.0,1.0,0.5358851674641149,0.46411483253588515
06706,06,706,1379,365,4,361,167,194,0.26468455402465557,0.010958904109589041,0.989041095890411,0.4575342465753425,0.5315068493150685
06707,06,707,1373,266,3,263,120,143,0.1937363437727604,0.011278195488721804,0.9887218045112782,0.45112781954887216,0.5375939849624061
06708,06,708,1124,284,3,281,148,133,0.2526690391459075,0.01056338028169014,0.9894366197183099,0.5211267605633803,0.46830985915492956
06709,06,709,1031,223,2,221,97,124,0.2162948593598448,0.008968609865470852,0.9910313901345291,0.4349775784753363,0.5560538116591929
06710,06,710,1200,296,0,296,119,177,0.24666666666666667,0.0,1.0,0.40202702702702703,0.597972972972973
06711,06,711,1151,241,2,239,94,145,0.20938314509122502,0.008298755186721992,0.991701244813278,0.3900414937759336,0.6016597510373444
06712,06,712,1086,304,2,302,181,121,0.27992633517495397,0.006578947368421052,0.993421052631579,0.5953947368421053,0.3980263157894737
06713,06,713,1203,262,1,261,129,132,0.21778886118038238,0.003816793893129771,0.9961832061068703,0.49236641221374045,0.5038167938931297
06714,06,714,1144,263,0,263,145,118,0.2298951048951049,0.0,1.0,0.5513307984790875,0.44866920152091255
06715,06,715,1022,227,0,227,93,134,0.22211350293542073,0.0,1.0,0.40969162995594716,0.5903083700440529
06716,06,716,1175,309,3,306,138,168,0.2629787234042553,0.009708737864077669,0.9902912621359223,0.44660194174757284,0.5436893203883495
06717,06,717,1141,298,3,295,160,135,0.26117440841367223,0.010067114093959731,0.9899328859060402,0.5369127516778524,0.45302013422818793
06718,06,718,1251,291,1,290,114,176,0.23261390887290168,0.003436426116838488,0.9965635738831615,0.3917525773195876,0.6048109965635738
06719,06,719,1202,329,2,327,187,140,0.2737104825291181,0.0060790273556231,0.993920972644377,0.5683890577507599,0.425531914893617
06720,06,720,1202,294,3,291,121,170,0.24459234608985025,0.01020408163265306,0.9897959183673469,0.41156462585034015,0.5782312925170068
06721,06,721,1178,275,1,274,116,158,0.233446519524618,0.0036363636363636364,0.9963636363636363,0.4218181818181818,0.5745454545454546
06722,06,722,1310,296,3,293,151,142,0.22595419847328244,0.010135135135135136,0.9898648648648649,0.5101351351351351,0.4797297297297297
06723,06,723,1186,276,3,273,128,145,0.2327150084317032,0.010869565217391304,0.9891304347826086,0.463768115942029,0.5253623188405797
06724,06,724,1133,286,0,286,128,158,0.2524271844660194,0.0,1.0,0.44755244755244755,0.5524475524475524
06725,06,725,1056,216,0,216,70,146,0.20454545454545456,0.0,1.0,0.32407407407407407,0.6759259259259259
061A,06,1A,0,514,0,514,283,231,inf,0.0,1.0,0.5505836575875487,0.4494163424124514
061AA,06,1AA,0,0,0,0,0,0,0.0,0.0,0.0,0.0,0.0
061AB,06,1AB,0,0,0,0,0,0,0.0,0.0,0.0,0.0,0.0
061B,06,1B,0,724,1,723,395,328,inf,0.0013812154696132596,0.9986187845303868,0.5455801104972375,0.4530386740331492
061C,06,1C,0,0,0,0,0,0,0.0,0.0,0.0,0.0,0.0
061D,06,1D,0,648,0,648,335,313,inf,0.0,1.0,0.5169753086419753,0.48302469135802467
061E,06,1E,0,0,0,0,0,0,0.0,0.0,0.0,0.0,0.0
061F,06,1F,0,0,0,0,0,0,0.0,0.0,0.0,0.0,0.0
061G,06,1G,0,657,3,654,340,314,inf,0.0045662100456621,0.9954337899543378,0.517503805175038,0.4779299847792998
061H,06,1H,0,0,0,0,0,0,0.0,0.0,0.0,0.0,0.0
061J,06,1J,0,0,0,0,0,0,0.0,0.0,0.0,0.0,0.0
061K,06,1K,0,546,1,545,299,246,inf,0.0018315018315018315,0.9981684981684982,0.5476190476190477,0.45054945054945056
061L,06,1L,0,0,0,0,0,0,0.0,0.0,0.0,0.0,0.0
061M,06,1M,0,0,0,0,0,0,0.0,0.0,0.0,0.0,0.0
061N,06,1N,0,633,0,633,334,299,inf,0.0,1.0,0.5276461295418642,0.47235387045813587
061P,06,1P,0,0,0,0,0,0,0.0,0.0,0.0,0.0,0.0
061Q,06,1Q,0,0,0,0,0,0,0.0,0.0,0.0,0.0,0.0
061R,06,1R,0,805,1,804,400,404,inf,0.0012422360248447205,0.9987577639751553,0.4968944099378882,0.5018633540372671
061S,06,1S,0,0,0,0,0,0,0.0,0.0,0.0,0.0,0.0
061T,06,1T,0,0,0,0,0,0,0.0,0.0,0.0,0.0,0.0
061U,06,1U,0,648,2,646,356,290,inf,0.0030864197530864196,0.9969135802469136,0.5493827160493827,0.44753086419753085
061V,06,1V,0,0,0,0,0,0,0.0,0.0,0.0,0.0,0.0
061W,06,1W,0,0,0,0,0,0,0.0,0.0,0.0,0.0,0.0
061X,06,1X,0,734,2,732,412,320,inf,0.0027247956403269754,0.997275204359673,0.5613079019073569,0.4359673024523161
061Y,06,1Y,0,0,0,0,0,0,0.0,0.0,0.0,0.0,0.0
061Z,06,1Z,0,0,0,0,0,0,0.0,0.0,0.0,0.0,0.0
062A,06,2A,0,652,2,650,328,322,inf,0.003067484662576687,0.9969325153374233,0.5030674846625767,0.4938650306748466
062AA,06,2AA,0,0,0,0,0,0,0.0,0.0,0.0,0.0,0.0
062B,06,2B,0,0,0,0,0,0,0.0,0.0,0.0,0.0,0.0
062C,06,2C,0,564,3,561,249,312,inf,0.005319148936170213,0.9946808510638298,0.44148936170212766,0.5531914893617021
062D,06,2D,0,0,0,0,0,0,0.0,0.0,0.0,0.0,0.0
062E,06,2E,0,0,0,0,0,0,0.0,0.0,0.0,0.0,0.0
062F,06,2F,0,603,1,602,276,326,inf,0.001658374792703151,0.9983416252072969,0.4577114427860697,0.5406301824212272
062G,06,2G,0,0,0,0,0,0,0.0,0.0,0.0,0.0,0.0
062H,06,2H,0,0,0,0,0,0,0.0,0.0,0.0,0.0,0.0
062J,06,2J,0,687,2,685,334,351,inf,0.002911208151382824,0.9970887918486172,0.4861717612809316,0.5109170305676856
062K,06,2K,0,0,0,0,0,0,0.0,0.0,0.0,0.0,0.0
062L,06,2L,0,0,0,0,0,0,0.0,0.0,0.0,0.0,0.0
062M,06,2M,0,723,1,722,415,307,inf,0.0013831258644536654,0.9986168741355463,0.573997233748271,0.42461964038727523
062N,06,2N,0,0,0,0,0,0,0.0,0.0,0.0,0.0,0.0
062P,06,2P,0,0,0,0,0,0,0.0,0.0,0.0,0.0,0.0
062Q,06,2Q,0,703,3,700,360,340,inf,0.004267425320056899,0.9957325746799431,0.5120910384068279,0.48364153627311524
062R,06,2R,0,0,0,0,0,0,0.0,0.0,0.0,0.0,0.0
062S,06,2S,0,0,0,0,0,0,0.0,0.0,0.0,0.0,0.0
062T,06,2T,0,605,2,603,313,290,inf,0.003305785123966942,0.996694214876033,0.5173553719008265,0.4793388429752066
062U,06,2U,0,0,0,0,0,0,0.0,0.0,0.0,0.0,0.0
062V,06,2V,0,0,0,0,0,0,0.0,0.0,0.0,0.0,0.0
062W,06,2W,0,341,1,340,176,164,inf,0.002932551319648094,0.9970674486803519,0.5161290322580645,0.4809384164222874
062X,06,2X,0,0,0,0,0,0,0.0,0.0,0.0,0.0,0.0
062Y,06,2Y,0,359,0,359,210,149,inf,0.0,1.0,0.584958217270195,0.415041782729805
062Z,06,2Z,0,0,0,0,0,0,0.0,0.0,0.0,0.0,0.0
063A,06,3A,0,836,0,836,402,434,inf,0.0,1.0,0.48086124401913877,0.5191387559808612
063AA,06,3AA,0,0,0,0,0,0,0.0,0.0,0.0,0.0,0.0
063AB,06,3AB,0,0,0,0,0,0,0.0,0.0,0.0,0.0,0.0
063AC,06,3AC,0,0,0,0,0,0,0.0,0.0,0.0,0.0,0.0
063B,06,3B,0,677,2,675,307,368,inf,0.0029542097488921715,0.9970457902511078,0.4534711964549483,0.5435745937961596
063C,06,3C,0,0,0,0,0,0,0.0,0.0,0.0,0.0,0.0
063D,06,3D,0,767,5,762,344,418,inf,0.00651890482398957,0.9934810951760105,0.4485006518904824,0.5449804432855281
063E,06,3E,0,0,0,0,0,0,0.0,0.0,0.0,0.0,0.0
063F,06,3F,0,0,0,0,0,0,0.0,0.0,0.0,0.0,0.0
063G,06,3G,0,943,6,937,372,565,inf,0.006362672322375398,0.9936373276776246,0.3944856839872747,0.5991516436903499
063H,06,3H,0,0,0,0,0,0,0.0,0.0,0.0,0.0,0.0
063J,06,3J,0,0,0,0,0,0,0.0,0.0,0.0,0.0,0.0
063K,06,3K,0,806,2,804,340,464,inf,0.0024813895781637717,0.9975186104218362,0.4218362282878412,0.575682382133995
063L,06,3L,0,0,0,0,0,0,0.0,0.0,0.0,0.0,0.0
063M,06,3M,0,0,0,0,0,0,0.0,0.0,0.0,0.0,0.0
063N,06,3N,0,777,3,774,256,518,inf,0.003861003861003861,0.9961389961389961,0.32947232947232946,0.6666666666666666
063P,06,3P,0,0,0,0,0,0,0.0,0.0,0.0,0.0,0.0
063Q,06,3Q,0,0,0,0,0,0,0.0,0.0,0.0,0.0,0.0
063R,06,3R,0,674,3,671,292,379,inf,0.004451038575667656,0.9955489614243324,0.4332344213649852,0.5623145400593472
063S,06,3S,0,0,0,0,0,0,0.0,0.0,0.0,0.0,0.0
063T,06,3T,0,0,0,0,0,0,0.0,0.0,0.0,0.0,0.0
063U,06,3U,0,783,6,777,319,458,inf,0.007662835249042145,0.9923371647509579,0.4074074074074074,0.5849297573435505
063V,06,3V,0,0,0,0,0,0,0.0,0.0,0.0,0.0,0.0
063W,06,3W,0,0,0,0,0,0,0.0,0.0,0.0,0.0,0.0
063X,06,3X,0,822,2,820,294,526,inf,0.0024330900243309003,0.9975669099756691,0.35766423357664234,0.6399026763990268
063Y,06,3Y,0,0,0,0,0,0,0.0,0.0,0.0,0.0,0.0
063Z,06,3Z,0,0,0,0,0,0,0.0,0.0,0.0,0.0,0.0
064A,06,4A,0,696,2,694,310,384,inf,0.0028735632183908046,0.9971264367816092,0.4454022988505747,0.5517241379310345
064B,06,4B,0,0,0,0,0,0,0.0,0.0,0.0,0.0,0.0
064C,06,4C,0,0,0,0,0,0,0.0,0.0,0.0,0.0,0.0
064D,06,4D,0,799,1,798,301,497,inf,0.0012515644555694619,0.9987484355444305,0.376720901126408,0.6220275344180225
064E,06,4E,0,0,0,0,0,0,0.0,0.0,0.0,0.0,0.0
064F,06,4F,0,0,0,0,0,0,0.0,0.0,0.0,0.0,0.0
064G,06,4G,0,780,0,780,284,496,inf,0.0,1.0,0.3641025641025641,0.6358974358974359
064H,06,4H,0,0,0,0,0,0,0.0,0.0,0.0,0.0,0.0
064J,06,4J,0,0,0,0,0,0,0.0,0.0,0.0,0.0,0.0
064K,06,4K,0,678,1,677,259,418,inf,0.0014749262536873156,0.9985250737463127,0.38200589970501475,0.616519174041298
064L,06,4L,0,0,0,0,0,0,0.0,0.0,0.0,0.0,0.0
064M,06,4M,0,0,0,0,0,0,0.0,0.0,0.0,0.0,0.0
064N,06,4N,0,750,2,748,274,474,inf,0.0026666666666666666,0.9973333333333333,0.36533333333333334,0.632
064P,06,4P,0,472,0,472,202,270,inf,0.0,1.0,0.4279661016949153,0.5720338983050848
064Q,06,4Q,0,0,0,0,0,0,0.0,0.0,0.0,0.0,0.0
064R,06,4R,0,0,0,0,0,0,0.0,0.0,0.0,0.0,0.0
064S,06,4S,0,0,0,0,0,0,0.0,0.0,0.0,0.0,0.0
064T,06,4T,0,0,0,0,0,0,0.0,0.0,0.0,0.0,0.0
064U,06,4U,0,644,0,644,256,388,inf,0.0,1.0,0.39751552795031053,0.6024844720496895
064V,06,4V,0,0,0,0,0,0,0.0,0.0,0.0,0.0,0.0
064W,06,4W,0,0,0,0,0,0,0.0,0.0,0.0,0.0,0.0
064X,06,4X,0,584,2,582,234,348,inf,0.003424657534246575,0.9965753424657534,0.4006849315068493,0.5958904109589042
064Y,06,4Y,0,0,0,0,0,0,0.0,0.0,0.0,0.0,0.0
065A,06,5A,0,466,2,464,179,285,inf,0.004291845493562232,0.9957081545064378,0.38412017167381973,0.6115879828326181
065AA,06,5AA,0,0,0,0,0,0,0.0,0.0,0.0,0.0,0.0
065B,06,5B,0,0,0,0,0,0,0.0,0.0,0.0,0.0,0.0
065C,06,5C,0,700,2,698,274,424,inf,0.002857142857142857,0.9971428571428571,0.3914285714285714,0.6057142857142858
065D,06,5D,0,0,0,0,0,0,0.0,0.0,0.0,0.0,0.0
065E,06,5E,0,0,0,0,0,0,0.0,0.0,0.0,0.0,0.0
065F,06,5F,0,544,2,542,228,314,inf,0.003676470588235294,0.9963235294117647,0.41911764705882354,0.5772058823529411
065G,06,5G,0,0,0,0,0,0,0.0,0.0,0.0,0.0,0.0
065H,06,5H,0,0,0,0,0,0,0.0,0.0,0.0,0.0,0.0
065J,06,5J,0,654,0,654,206,448,inf,0.0,1.0,0.3149847094801223,0.6850152905198776
065K,06,5K,0,0,0,0,0,0,0.0,0.0,0.0,0.0,0.0
065L,06,5L,0,0,0,0,0,0,0.0,0.0,0.0,0.0,0.0
065M,06,5M,0,618,0,618,209,409,inf,0.0,1.0,0.33818770226537215,0.6618122977346278
065N,06,5N,0,0,0,0,0,0,0.0,0.0,0.0,0.0,0.0
065P,06,5P,0,0,0,0,0,0,0.0,0.0,0.0,0.0,0.0
065Q,06,5Q,0,327,0,327,112,215,inf,0.0,1.0,0.3425076452599388,0.6574923547400612
065R,06,5R,0,0,0,0,0,0,0.0,0.0,0.0,0.0,0.0
065S,06,5S,0,310,0,310,116,194,inf,0.0,1.0,0.3741935483870968,0.6258064516129033
065T,06,5T,0,0,0,0,0,0,0.0,0.0,0.0,0.0,0.0
065U,06,5U,0,651,4,647,261,386,inf,0.006144393241167435,0.9938556067588326,0.4009216589861751,0.5929339477726574
065V,06,5V,0,0,0,0,0,0,0.0,0.0,0.0,0.0,0.0
065W,06,5W,0,0,0,0,0,0,0.0,0.0,0.0,0.0,0.0
065X,06,5X,0,411,1,410,154,256,inf,0.0024330900243309003,0.9975669099756691,0.3746958637469586,0.6228710462287105
065Y,06,5Y,0,0,0,0,0,0,0.0,0.0,0.0,0.0,0.0
065Z,06,5Z,0,0,0,0,0,0,0.0,0.0,0.0,0.0,0.0
066A,06,6A,0,829,2,827,363,464,inf,0.0024125452352231603,0.9975874547647768,0.4378769601930036,0.5597104945717732
066AA,06,6AA,0,0,0,0,0,0,0.0,0.0,0.0,0.0,0.0
066B,06,6B,0,0,0,0,0,0,0.0,0.0,0.0,0.0,0.0
066C,06,6C,0,743,2,741,335,406,inf,0.0026917900403768506,0.9973082099596231,0.4508748317631225,0.5464333781965006
066D,06,6D,0,0,0,0,0,0,0.0,0.0,0.0,0.0,0.0
066E,06,6E,0,0,0,0,0,0,0.0,0.0,0.0,0.0,0.0
066F,06,6F,0,777,3,774,231,543,inf,0.003861003861003861,0.9961389961389961,0.2972972972972973,0.6988416988416989
066G,06,6G,0,0,0,0,0,0,0.0,0.0,0.0,0.0,0.0
066H,06,6H,0,0,0,0,0,0,0.0,0.0,0.0,0.0,0.0
066J,06,6J,0,860,2,858,374,484,inf,0.002325581395348837,0.9976744186046511,0.43488372093023253,0.5627906976744186
066K,06,6K,0,0,0,0,0,0,0.0,0.0,0.0,0.0,0.0
066L,06,6L,0,0,0,0,0,0,0.0,0.0,0.0,0.0,0.0
066M,06,6M,0,820,0,820,377,443,inf,0.0,1.0,0.45975609756097563,0.5402439024390244
066N,06,6N,0,0,0,0,0,0,0.0,0.0,0.0,0.0,0.0
066P,06,6P,0,0,0,0,0,0,0.0,0.0,0.0,0.0,0.0
066Q,06,6Q,0,675,0,675,303,372,inf,0.0,1.0,0.4488888888888889,0.5511111111111111
066R,06,6R,0,0,0,0,0,0,0.0,0.0,0.0,0.0,0.0
066S,06,6S,0,0,0,0,0,0,0.0,0.0,0.0,0.0,0.0
066T,06,6T,0,520,0,520,232,288,inf,0.0,1.0,0.4461538461538462,0.5538461538461539
066U,06,6U,0,0,0,0,0,0,0.0,0.0,0.0,0.0,0.0
066V,06,6V,0,801,1,800,380,420,inf,0.0012484394506866417,0.9987515605493134,0.47440699126092384,0.5243445692883895
066W,06,6W,0,0,0,0,0,0,0.0,0.0,0.0,0.0,0.0
066X,06,6X,0,0,0,0,0,0,0.0,0.0,0.0,0.0,0.0
066Y,06,6Y,0,547,2,545,324,221,inf,0.003656307129798903,0.9963436928702011,0.5923217550274223,0.4040219378427788
066Z,06,6Z,0,0,0,0,0,0,0.0,0.0,0.0,0.0,0.0
067A,06,7A,0,692,0,692,261,431,inf,0.0,1.0,0.37716763005780346,0.6228323699421965
067AA,06,7AA,0,0,0,0,0,0,0.0,0.0,0.0,0.0,0.0
067B,06,7B,0,0,0,0,0,0,0.0,0.0,0.0,0.0,0.0
067C,06,7C,0,737,1,736,297,439,inf,0.0013568521031207597,0.9986431478968792,0.40298507462686567,0.5956580732700135
067D,06,7D,0,0,0,0,0,0,0.0,0.0,0.0,0.0,0.0
067E,06,7E,0,0,0,0,0,0,0.0,0.0,0.0,0.0,0.0
067F,06,7F,0,606,5,601,240,361,inf,0.00825082508250825,0.9917491749174917,0.39603960396039606,0.5957095709570958
067G,06,7G,0,0,0,0,0,0,0.0,0.0,0.0,0.0,0.0
067H,06,7H,0,715,3,712,286,426,inf,0.004195804195804196,0.9958041958041958,0.4,0.5958041958041959
067J,06,7J,0,0,0,0,0,0,0.0,0.0,0.0,0.0,0.0
067K,06,7K,0,0,0,0,0,0,0.0,0.0,0.0,0.0,0.0
067L,06,7L,0,772,5,767,374,393,inf,0.006476683937823834,0.9935233160621761,0.4844559585492228,0.5090673575129534
067M,06,7M,0,0,0,0,0,0,0.0,0.0,0.0,0.0,0.0
067N,06,7N,0,0,0,0,0,0,0.0,0.0,0.0,0.0,0.0
067P,06,7P,0,672,2,670,302,368,inf,0.002976190476190476,0.9970238095238095,0.4494047619047619,0.5476190476190477
067Q,06,7Q,0,0,0,0,0,0,0.0,0.0,0.0,0.0,0.0
067R,06,7R,0,0,0,0,0,0,0.0,0.0,0.0,0.0,0.0
067S,06,7S,0,810,0,810,362,448,inf,0.0,1.0,0.4469135802469136,0.5530864197530864
067T,06,7T,0,0,0,0,0,0,0.0,0.0,0.0,0.0,0.0
067U,06,7U,0,0,0,0,0,0,0.0,0.0,0.0,0.0,0.0
067V,06,7V,0,441,0,441,157,284,inf,0.0,1.0,0.35600907029478457,0.6439909297052154
067W,06,7W,0,0,0,0,0,0,0.0,0.0,0.0,0.0,0.0
067X,06,7X,0,871,2,869,359,510,inf,0.002296211251435132,0.9977037887485649,0.4121699196326062,0.5855338691159586
067Y,06,7Y,0,0,0,0,0,0,0.0,0.0,0.0,0.0,0.0
067Z,06,7Z,0,0,0,0,0,0,0.0,0.0,0.0,0.0,0.0
07101,07,101,1124,147,1,146,82,64,0.1307829181494662,0.006802721088435374,0.9931972789115646,0.5578231292517006,0.43537414965986393
07102,07,102,1192,209,0,209,113,96,0.17533557046979867,0.0,1.0,0.5406698564593302,0.45933014354066987
07103,07,103,1096,233,2,231,125,106,0.2125912408759124,0.008583690987124463,0.9914163090128756,0.5364806866952789,0.45493562231759654
07104,07,104,1315,288,3,285,185,100,0.21901140684410647,0.010416666666666666,0.9895833333333334,0.6423611111111112,0.3472222222222222
07105,07,105,1193,273,1,272,217,55,0.22883487007544007,0.003663003663003663,0.9963369963369964,0.7948717948717948,0.20146520146520147
07106,07,106,1136,203,1,202,153,49,0.17869718309859156,0.0049261083743842365,0.9950738916256158,0.7536945812807881,0.2413793103448276
07107,07,107,1279,206,2,204,149,55,0.16106333072713058,0.009708737864077669,0.9902912621359223,0.7233009708737864,0.2669902912621359
07108,07,108,1229,217,1,216,153,63,0.17656631407648496,0.004608294930875576,0.9953917050691244,0.7050691244239631,0.2903225806451613
07109,07,109,974,221,2,219,172,47,0.2268993839835729,0.00904977375565611,0.9909502262443439,0.7782805429864253,0.21266968325791855
07110,07,110,1232,282,2,280,202,78,0.2288961038961039,0.0070921985815602835,0.9929078014184397,0.7163120567375887,0.2765957446808511
07111,07,111,1189,275,0,275,192,83,0.23128679562657695,0.0,1.0,0.6981818181818182,0.3018181818181818
07112,07,112,1138,307,4,303,234,69,0.2697715289982425,0.013029315960912053,0.9869706840390879,0.762214983713355,0.2247557003257329
07113,07,113,1183,355,4,351,262,89,0.30008453085376163,0.011267605633802818,0.9887323943661972,0.7380281690140845,0.2507042253521127
07114,07,114,1325,326,2,324,217,107,0.2460377358490566,0.006134969325153374,0.9938650306748467,0.6656441717791411,0.3282208588957055
07115,07,115,1119,214,1,213,133,80,0.19124218051831993,0.004672897196261682,0.9953271028037384,0.6214953271028038,0.37383177570093457
07116,07,116,1108,229,2,227,130,97,0.20667870036101083,0.008733624454148471,0.9912663755458515,0.5676855895196506,0.42358078602620086
07117,07,117,1119,243,1,242,144,98,0.21715817694369974,0.00411522633744856,0.9958847736625515,0.5925925925925926,0.40329218106995884
07118,07,118,639,137,0,137,103,34,0.21439749608763695,0.0,1.0,0.7518248175182481,0.24817518248175183
07119,07,119,1129,134,0,134,61,73,0.11868910540301152,0.0,1.0,0.4552238805970149,0.5447761194029851
07120,07,120,1150,240,2,238,154,84,0.20869565217391303,0.008333333333333333,0.9916666666666667,0.6416666666666667,0.35
07121,07,121,1225,204,0,204,128,76,0.16653061224489796,0.0,1.0,0.6274509803921569,0.37254901960784315
07122,07,122,1299,268,1,267,169,98,0.2063125481139338,0.0037313432835820895,0.996268656716418,0.6305970149253731,0.3656716417910448
07123,07,123,1099,242,0,242,190,52,0.22020018198362148,0.0,1.0,0.7851239669421488,0.21487603305785125
07124,07,124,1157,283,0,283,208,75,0.2445980985306828,0.0,1.0,0.734982332155477,0.26501766784452296
07125,07,125,1132,225,2,223,166,57,0.19876325088339222,0.008888888888888889,0.9911111111111112,0.7377777777777778,0.25333333333333335
07126,07,126,1168,143,2,141,100,41,0.12243150684931507,0.013986013986013986,0.986013986013986,0.6993006993006993,0.2867132867132867
07127,07,127,1155,226,0,226,186,40,0.19567099567099566,0.0,1.0,0.8230088495575221,0.17699115044247787
07128,07,128,1207,244,0,244,183,61,0.20215410107705054,0.0,1.0,0.75,0.25
07129,07,129,1239,275,0,275,225,50,0.22195318805488298,0.0,1.0,0.8181818181818182,0.18181818181818182
07201,07,201,1238,286,2,284,172,112,0.2310177705977383,0.006993006993006993,0.993006993006993,0.6013986013986014,0.3916083916083916
07202,07,202,1107,145,4,141,91,50,0.13098464317976513,0.027586206896551724,0.9724137931034482,0.6275862068965518,0.3448275862068966
07203,07,203,1094,256,2,254,186,68,0.2340036563071298,0.0078125,0.9921875,0.7265625,0.265625
07204,07,204,1192,351,1,350,256,94,0.29446308724832215,0.002849002849002849,0.9971509971509972,0.7293447293447294,0.2678062678062678
07205,07,205,1333,374,3,371,303,68,0.2805701425356339,0.008021390374331552,0.9919786096256684,0.8101604278074866,0.18181818181818182
07206,07,206,1068,271,1,270,212,58,0.25374531835205993,0.0036900369003690036,0.996309963099631,0.7822878228782287,0.2140221402214022
07207,07,207,1244,246,1,245,153,92,0.1977491961414791,0.0040650406504065045,0.9959349593495935,0.6219512195121951,0.37398373983739835
07208,07,208,1136,223,0,223,161,62,0.19630281690140844,0.0,1.0,0.7219730941704036,0.27802690582959644
07209,07,209,994,186,0,186,121,65,0.18712273641851107,0.0,1.0,0.6505376344086021,0.34946236559139787
07210,07,210,1115,228,2,226,148,78,0.20448430493273542,0.008771929824561403,0.9912280701754386,0.6491228070175439,0.34210526315789475
07211,07,211,1121,264,1,263,193,70,0.23550401427297057,0.003787878787878788,0.9962121212121212,0.7310606060606061,0.26515151515151514
07212,07,212,1180,301,2,299,233,66,0.25508474576271184,0.006644518272425249,0.9933554817275747,0.7740863787375415,0.21926910299003322
07213,07,213,1080,154,2,152,86,66,0.1425925925925926,0.012987012987012988,0.987012987012987,0.5584415584415584,0.42857142857142855
07214,07,214,1281,320,1,319,266,53,0.2498048399687744,0.003125,0.996875,0.83125,0.165625
07215,07,215,1124,220,2,218,164,54,0.19572953736654805,0.00909090909090909,0.990909090909091,0.7454545454545455,0.24545454545454545
07216,07,216,1211,243,4,239,197,42,0.20066061106523533,0.01646090534979424,0.9835390946502057,0.8106995884773662,0.1728395061728395
07217,07,217,1245,277,0,277,213,64,0.22248995983935743,0.0,1.0,0.7689530685920578,0.23104693140794225
07218,07,218,1133,236,2,234,185,49,0.2082965578111209,0.00847457627118644,0.9915254237288136,0.7838983050847458,0.2076271186440678
07219,07,219,1004,233,2,231,200,31,0.23207171314741035,0.008583690987124463,0.9914163090128756,0.8583690987124464,0.13304721030042918
07220,07,220,1175,292,3,289,237,52,0.24851063829787234,0.010273972602739725,0.9897260273972602,0.8116438356164384,0.1780821917808219
07221,07,221,1006,155,1,154,98,56,0.1540755467196819,0.0064516129032258064,0.9935483870967742,0.632258064516129,0.36129032258064514
07222,07,222,1190,232,1,231,103,128,0.1949579831932773,0.004310344827586207,0.9956896551724138,0.44396551724137934,0.5517241379310345
07223,07,223,1063,147,0,147,88,59,0.13828786453433678,0.0,1.0,0.5986394557823129,0.4013605442176871
07224,07,224,1590,273,0,273,219,54,0.17169811320754716,0.0,1.0,0.8021978021978022,0.1978021978021978
07225,07,225,1267,389,2,387,331,56,0.30702446724546173,0.005141388174807198,0.9948586118251928,0.8508997429305912,0.14395886889460155
07226,07,226,1071,263,3,260,198,62,0.24556489262371614,0.011406844106463879,0.9885931558935361,0.752851711026616,0.23574144486692014
07227,07,227,1126,194,1,193,137,56,0.17229129662522202,0.005154639175257732,0.9948453608247423,0.7061855670103093,0.28865979381443296
07228,07,228,1141,337,5,332,253,79,0.2953549517966696,0.01483679525222552,0.9851632047477745,0.7507418397626113,0.2344213649851632
07301,07,301,1074,317,1,316,216,100,0.2951582867783985,0.0031545741324921135,0.9968454258675079,0.6813880126182965,0.31545741324921134
07302,07,302,1175,306,3,303,201,102,0.2604255319148936,0.00980392156862745,0.9901960784313726,0.6568627450980392,0.3333333333333333
07303,07,303,1189,334,4,330,233,97,0.2809083263246426,0.011976047904191617,0.9880239520958084,0.6976047904191617,0.2904191616766467
07304,07,304,1188,335,2,333,225,108,0.281986531986532,0.005970149253731343,0.9940298507462687,0.6716417910447762,0.32238805970149254
07305,07,305,1097,286,1,285,201,84,0.26071103008204194,0.0034965034965034965,0.9965034965034965,0.7027972027972028,0.2937062937062937
07306,07,306,1088,321,5,316,214,102,0.29503676470588236,0.01557632398753894,0.9844236760124611,0.6666666666666666,0.3177570093457944
07307,07,307,1119,260,0,260,175,85,0.2323503127792672,0.0,1.0,0.6730769230769231,0.3269230769230769
07308,07,308,1029,291,4,287,201,86,0.282798833819242,0.013745704467353952,0.9862542955326461,0.6907216494845361,0.29553264604810997
07309,07,309,1098,277,1,276,210,66,0.2522768670309654,0.0036101083032490976,0.9963898916967509,0.7581227436823105,0.23826714801444043
07310,07,310,1113,306,0,306,116,190,0.2749326145552561,0.0,1.0,0.3790849673202614,0.6209150326797386
07311,07,311,1472,372,0,372,254,118,0.25271739130434784,0.0,1.0,0.6827956989247311,0.3172043010752688
07312,07,312,1126,321,5,316,209,107,0.28507992895204265,0.01557632398753894,0.9844236760124611,0.6510903426791277,0.3333333333333333
07313,07,313,989,210,2,208,134,74,0.2123356926188069,0.009523809523809525,0.9904761904761905,0.638095238095238,0.3523809523809524
07314,07,314,1189,339,3,336,234,102,0.2851135407905803,0.008849557522123894,0.9911504424778761,0.6902654867256637,0.3008849557522124
07315,07,315,1116,272,1,271,172,99,0.24372759856630824,0.003676470588235294,0.9963235294117647,0.6323529411764706,0.3639705882352941
07316,07,316,1138,238,2,236,163,73,0.20913884007029876,0.008403361344537815,0.9915966386554622,0.6848739495798319,0.3067226890756303
07317,07,317,1180,247,0,247,172,75,0.2093220338983051,0.0,1.0,0.6963562753036437,0.30364372469635625
07318,07,318,1157,352,9,343,217,126,0.30423509075194466,0.02556818181818182,0.9744318181818182,0.6164772727272727,0.35795454545454547
07319,07,319,1179,285,1,284,189,95,0.24173027989821882,0.0035087719298245615,0.9964912280701754,0.6631578947368421,0.3333333333333333
07320,07,320,1074,271,4,267,188,79,0.25232774674115455,0.014760147601476014,0.985239852398524,0.6937269372693727,0.2915129151291513
07321,07,321,1187,289,1,288,186,102,0.2434709351305813,0.0034602076124567475,0.9965397923875432,0.643598615916955,0.35294117647058826
07322,07,322,1090,223,2,221,139,82,0.20458715596330276,0.008968609865470852,0.9910313901345291,0.6233183856502242,0.36771300448430494
07323,07,323,1227,342,2,340,241,99,0.2787286063569682,0.005847953216374269,0.9941520467836257,0.7046783625730995,0.2894736842105263
07324,07,324,1124,198,0,198,106,92,0.17615658362989323,0.0,1.0,0.5353535353535354,0.46464646464646464
07325,07,325,1046,236,1,235,161,74,0.22562141491395793,0.00423728813559322,0.9957627118644068,0.6822033898305084,0.3135593220338983
07326,07,326,1216,172,1,171,94,77,0.14144736842105263,0.005813953488372093,0.9941860465116279,0.5465116279069767,0.4476744186046512
07327,07,327,1526,353,1,352,194,158,0.23132372214941022,0.0028328611898017,0.9971671388101983,0.5495750708215298,0.4475920679886686
07328,07,328,1220,177,0,177,66,111,0.14508196721311475,0.0,1.0,0.3728813559322034,0.6271186440677966
07329,07,329,1256,207,1,206,88,118,0.16480891719745222,0.004830917874396135,0.9951690821256038,0.4251207729468599,0.5700483091787439
07401,07,401,1211,349,2,347,234,113,0.28819157720891825,0.0057306590257879654,0.994269340974212,0.670487106017192,0.3237822349570201
07402,07,402,1071,217,0,217,127,90,0.20261437908496732,0.0,1.0,0.5852534562211982,0.4147465437788018
07403,07,403,1188,176,2,174,81,93,0.14814814814814814,0.011363636363636364,0.9886363636363636,0.4602272727272727,0.5284090909090909
07404,07,404,1215,206,4,202,115,87,0.16954732510288065,0.019417475728155338,0.9805825242718447,0.558252427184466,0.4223300970873786
07405,07,405,1152,344,1,343,257,86,0.2986111111111111,0.0029069767441860465,0.997093023255814,0.747093023255814,0.25
07406,07,406,1175,301,2,299,198,101,0.2561702127659575,0.006644518272425249,0.9933554817275747,0.6578073089700996,0.33554817275747506
07407,07,407,1141,254,0,254,160,94,0.22261174408413673,0.0,1.0,0.6299212598425197,0.3700787401574803
07408,07,408,1133,188,3,185,78,107,0.16593115622241836,0.015957446808510637,0.9840425531914894,0.4148936170212766,0.5691489361702128
07409,07,409,1270,198,1,197,100,97,0.15590551181102363,0.005050505050505051,0.9949494949494949,0.5050505050505051,0.4898989898989899
07410,07,410,1025,151,2,149,83,66,0.1473170731707317,0.013245033112582781,0.9867549668874173,0.5496688741721855,0.4370860927152318
07411,07,411,1106,135,1,134,66,68,0.1220614828209765,0.007407407407407408,0.9925925925925926,0.4888888888888889,0.5037037037037037
07412,07,412,1044,202,1,201,96,105,0.19348659003831417,0.0049504950495049506,0.995049504950495,0.4752475247524752,0.5198019801980198
07413,07,413,1220,185,1,184,97,87,0.15163934426229508,0.005405405405405406,0.9945945945945946,0.5243243243243243,0.4702702702702703
07414,07,414,1061,165,0,165,76,89,0.15551366635249764,0.0,1.0,0.46060606060606063,0.5393939393939394
07415,07,415,1111,149,0,149,60,89,0.1341134113411341,0.0,1.0,0.40268456375838924,0.5973154362416108
07416,07,416,1216,247,0,247,160,87,0.203125,0.0,1.0,0.6477732793522267,0.3522267206477733
07417,07,417,1103,227,2,225,131,94,0.20580235720761558,0.00881057268722467,0.9911894273127754,0.5770925110132159,0.41409691629955947
07418,07,418,1113,260,5,255,171,84,0.23360287511230907,0.019230769230769232,0.9807692307692307,0.6576923076923077,0.3230769230769231
07419,07,419,1104,291,2,289,196,93,0.26358695652173914,0.006872852233676976,0.993127147766323,0.6735395189003437,0.31958762886597936
07420,07,420,1108,254,1,253,177,76,0.2292418772563177,0.003937007874015748,0.9960629921259843,0.6968503937007874,0.2992125984251969
07421,07,421,1084,259,1,258,163,95,0.238929889298893,0.003861003861003861,0.9961389961389961,0.6293436293436293,0.3667953667953668
07422,07,422,1206,266,4,262,158,104,0.22056384742951907,0.015037593984962405,0.9849624060150376,0.5939849624060151,0.39097744360902253
07423,07,423,1269,274,0,274,180,94,0.21591804570527975,0.0,1.0,0.656934306569343,0.34306569343065696
07424,07,424,1282,180,1,179,109,70,0.14040561622464898,0.005555555555555556,0.9944444444444445,0.6055555555555555,0.3888888888888889
07425,07,425,1148,189,1,188,90,98,0.16463414634146342,0.005291005291005291,0.9947089947089947,0.47619047619047616,0.5185185185185185
07426,07,426,1171,229,1,228,121,107,0.19555935098206662,0.004366812227074236,0.9956331877729258,0.5283842794759825,0.4672489082969432
07427,07,427,1173,221,1,220,112,108,0.18840579710144928,0.004524886877828055,0.995475113122172,0.5067873303167421,0.48868778280542985
07428,07,428,1158,236,0,236,148,88,0.20379965457685664,0.0,1.0,0.6271186440677966,0.3728813559322034
07501,07,501,1136,187,0,187,82,105,0.16461267605633803,0.0,1.0,0.4385026737967914,0.5614973262032086
07502,07,502,1240,200,3,197,78,119,0.16129032258064516,0.015,0.985,0.39,0.595
07503,07,503,1156,168,0,168,65,103,0.1453287197231834,0.0,1.0,0.3869047619047619,0.6130952380952381
07504,07,504,1180,216,0,216,95,121,0.18305084745762712,0.0,1.0,0.4398148148148148,0.5601851851851852
07505,07,505,1299,165,2,163,49,114,0.12702078521939955,0.012121212121212121,0.9878787878787879,0.296969696969697,0.6909090909090909
07506,07,506,1114,118,0,118,57,61,0.1059245960502693,0.0,1.0,0.4830508474576271,0.5169491525423728
07507,07,507,1202,213,0,213,116,97,0.1772046589018303,0.0,1.0,0.5446009389671361,0.45539906103286387
07508,07,508,1228,233,0,233,98,135,0.18973941368078176,0.0,1.0,0.4206008583690987,0.5793991416309013
07509,07,509,1184,175,0,175,83,92,0.14780405405405406,0.0,1.0,0.4742857142857143,0.5257142857142857
07510,07,510,1138,158,0,158,71,87,0.13884007029876977,0.0,1.0,0.44936708860759494,0.5506329113924051
07511,07,511,1225,221,0,221,96,125,0.18040816326530612,0.0,1.0,0.4343891402714932,0.5656108597285068
07512,07,512,1032,186,0,186,48,138,0.18023255813953487,0.0,1.0,0.25806451612903225,0.7419354838709677
07513,07,513,1079,157,0,157,51,106,0.14550509731232622,0.0,1.0,0.3248407643312102,0.6751592356687898
07514,07,514,1184,136,0,136,69,67,0.11486486486486487,0.0,1.0,0.5073529411764706,0.49264705882352944
07515,07,515,1244,194,0,194,77,117,0.15594855305466238,0.0,1.0,0.39690721649484534,0.6030927835051546
07516,07,516,1149,215,2,213,89,124,0.18711923411662315,0.009302325581395349,0.9906976744186047,0.413953488372093,0.5767441860465117
07517,07,517,1283,215,0,215,87,128,0.16757599376461418,0.0,1.0,0.4046511627906977,0.5953488372093023
07518,07,518,1081,200,0,200,62,138,0.18501387604070305,0.0,1.0,0.31,0.69
07519,07,519,1078,200,1,199,109,90,0.18552875695732837,0.005,0.995,0.545,0.45
07520,07,520,987,146,0,146,94,52,0.14792299898682879,0.0,1.0,0.6438356164383562,0.3561643835616438
07521,07,521,1225,260,3,257,71,186,0.21224489795918366,0.011538461538461539,0.9884615384615385,0.27307692307692305,0.7153846153846154
07522,07,522,1226,241,0,241,82,159,0.1965742251223491,0.0,1.0,0.34024896265560167,0.6597510373443983
07523,07,523,1418,254,1,253,77,176,0.17912552891396333,0.003937007874015748,0.9960629921259843,0.3031496062992126,0.6929133858267716
07524,07,524,1056,210,3,207,80,127,0.19886363636363635,0.014285714285714285,0.9857142857142858,0.38095238095238093,0.6047619047619047
07525,07,525,1128,180,1,179,54,125,0.1595744680851064,0.005555555555555556,0.9944444444444445,0.3,0.6944444444444444
07526,07,526,1071,202,0,202,69,133,0.18860877684407096,0.0,1.0,0.3415841584158416,0.6584158415841584
07527,07,527,1187,339,6,333,133,200,0.2855939342881213,0.017699115044247787,0.9823008849557522,0.39233038348082594,0.5899705014749262
07528,07,528,974,194,2,192,68,124,0.19917864476386038,0.010309278350515464,0.9896907216494846,0.35051546391752575,0.6391752577319587
07601,07,601,1142,156,0,156,48,108,0.13660245183887915,0.0,1.0,0.3076923076923077,0.6923076923076923
07602,07,602,1075,238,1,237,85,152,0.2213953488372093,0.004201680672268907,0.9957983193277311,0.35714285714285715,0.6386554621848739
07603,07,603,1265,243,2,241,64,177,0.19209486166007905,0.00823045267489712,0.9917695473251029,0.26337448559670784,0.7283950617283951
07604,07,604,979,195,1,194,59,135,0.19918283963227784,0.005128205128205128,0.9948717948717949,0.30256410256410254,0.6923076923076923
07605,07,605,1239,226,0,226,62,164,0.1824051654560129,0.0,1.0,0.2743362831858407,0.7256637168141593
07606,07,606,1224,177,3,174,47,127,0.14460784313725492,0.01694915254237288,0.9830508474576272,0.2655367231638418,0.7175141242937854
07607,07,607,1095,160,0,160,44,116,0.1461187214611872,0.0,1.0,0.275,0.725
07608,07,608,1163,123,0,123,26,97,0.1057609630266552,0.0,1.0,0.21138211382113822,0.7886178861788617
07609,07,609,1217,189,1,188,49,139,0.1552999178307313,0.005291005291005291,0.9947089947089947,0.25925925925925924,0.7354497354497355
07610,07,610,1147,189,0,189,49,140,0.16477768090671316,0.0,1.0,0.25925925925925924,0.7407407407407407
07611,07,611,1079,110,0,110,27,83,0.10194624652455977,0.0,1.0,0.24545454545454545,0.7545454545454545
07612,07,612,1228,232,1,231,78,153,0.18892508143322476,0.004310344827586207,0.9956896551724138,0.33620689655172414,0.6594827586206896
07613,07,613,1129,276,6,270,94,176,0.24446412754650132,0.021739130434782608,0.9782608695652174,0.34057971014492755,0.6376811594202898
07614,07,614,1171,124,0,124,38,86,0.10589239965841162,0.0,1.0,0.3064516129032258,0.6935483870967742
07615,07,615,1206,354,2,352,120,232,0.2935323383084577,0.005649717514124294,0.9943502824858758,0.3389830508474576,0.655367231638418
07616,07,616,1183,213,0,213,66,147,0.18005071851225699,0.0,1.0,0.30985915492957744,0.6901408450704225
07617,07,617,1213,271,2,269,77,192,0.22341302555647155,0.007380073800738007,0.992619926199262,0.28413284132841327,0.7084870848708487
07618,07,618,1115,155,1,154,46,108,0.13901345291479822,0.0064516129032258064,0.9935483870967742,0.2967741935483871,0.6967741935483871
07619,07,619,1181,170,0,170,46,124,0.14394580863674852,0.0,1.0,0.27058823529411763,0.7294117647058823
07620,07,620,1156,260,1,259,94,165,0.22491349480968859,0.0038461538461538464,0.9961538461538462,0.36153846153846153,0.6346153846153846
07621,07,621,1112,235,2,233,61,172,0.21133093525179855,0.00851063829787234,0.9914893617021276,0.25957446808510637,0.7319148936170212
07622,07,622,996,140,1,139,30,109,0.14056224899598393,0.007142857142857143,0.9928571428571429,0.21428571428571427,0.7785714285714286
07623,07,623,1204,212,0,212,45,167,0.1760797342192691,0.0,1.0,0.21226415094339623,0.7877358490566038
07624,07,624,1079,183,0,183,62,121,0.1696014828544949,0.0,1.0,0.33879781420765026,0.6612021857923497
07625,07,625,1053,284,3,281,58,223,0.26970560303893637,0.01056338028169014,0.9894366197183099,0.20422535211267606,0.7852112676056338
07626,07,626,1157,238,1,237,74,163,0.20570440795159897,0.004201680672268907,0.9957983193277311,0.31092436974789917,0.6848739495798319
07627,07,627,577,140,0,140,53,87,0.24263431542461006,0.0,1.0,0.37857142857142856,0.6214285714285714
07628,07,628,1082,255,2,253,66,187,0.2356746765249538,0.00784313725490196,0.9921568627450981,0.25882352941176473,0.7333333333333333
07701,07,701,1167,244,2,242,65,177,0.20908311910882604,0.00819672131147541,0.9918032786885246,0.26639344262295084,0.7254098360655737
07702,07,702,1085,271,2,269,68,201,0.24976958525345622,0.007380073800738007,0.992619926199262,0.25092250922509224,0.7416974169741697
07703,07,703,1118,207,2,205,72,133,0.1851520572450805,0.00966183574879227,0.9903381642512077,0.34782608695652173,0.642512077294686
07704,07,704,1131,306,3,303,91,212,0.27055702917771884,0.00980392156862745,0.9901960784313726,0.2973856209150327,0.6928104575163399
07705,07,705,1326,293,2,291,122,169,0.2209653092006033,0.006825938566552901,0.9931740614334471,0.41638225255972694,0.5767918088737202
07706,07,706,1285,165,2,163,47,116,0.12840466926070038,0.012121212121212121,0.9878787878787879,0.28484848484848485,0.703030303030303
07707,07,707,1219,184,0,184,44,140,0.1509433962264151,0.0,1.0,0.2391304347826087,0.7608695652173914
07708,07,708,1146,169,0,169,61,108,0.1474694589877836,0.0,1.0,0.3609467455621302,0.6390532544378699
07709,07,709,1222,258,2,256,79,177,0.21112929623567922,0.007751937984496124,0.9922480620155039,0.3062015503875969,0.686046511627907
07710,07,710,1143,343,2,341,76,265,0.300087489063867,0.0058309037900874635,0.9941690962099126,0.22157434402332363,0.7725947521865889
07711,07,711,1144,199,2,197,75,122,0.17395104895104896,0.010050251256281407,0.9899497487437185,0.3768844221105528,0.6130653266331658
07712,07,712,1126,303,3,300,101,199,0.2690941385435169,0.009900990099009901,0.9900990099009901,0.3333333333333333,0.6567656765676567
07713,07,713,1280,292,2,290,95,195,0.228125,0.00684931506849315,0.9931506849315068,0.3253424657534247,0.6678082191780822
07714,07,714,1152,226,1,225,45,180,0.19618055555555555,0.004424778761061947,0.995575221238938,0.19911504424778761,0.7964601769911505
07715,07,715,1161,333,4,329,75,254,0.2868217054263566,0.012012012012012012,0.987987987987988,0.22522522522522523,0.7627627627627628
07716,07,716,1187,294,1,293,80,213,0.2476832350463353,0.003401360544217687,0.9965986394557823,0.272108843537415,0.7244897959183674
07717,07,717,1143,207,1,206,48,158,0.18110236220472442,0.004830917874396135,0.9951690821256038,0.2318840579710145,0.7632850241545893
07718,07,718,1095,207,1,206,51,155,0.18904109589041096,0.004830917874396135,0.9951690821256038,0.2463768115942029,0.748792270531401
07719,07,719,1200,230,1,229,62,167,0.19166666666666668,0.004347826086956522,0.9956521739130435,0.26956521739130435,0.7260869565217392
07720,07,720,1137,226,1,225,58,167,0.19876868953386104,0.004424778761061947,0.995575221238938,0.25663716814159293,0.7389380530973452
07721,07,721,1114,271,2,269,65,204,0.24326750448833034,0.007380073800738007,0.992619926199262,0.23985239852398524,0.7527675276752768
07722,07,722,1149,204,0,204,57,147,0.17754569190600522,0.0,1.0,0.27941176470588236,0.7205882352941176
07723,07,723,1184,195,2,193,58,135,0.16469594594594594,0.010256410256410256,0.9897435897435898,0.29743589743589743,0.6923076923076923
07724,07,724,1134,167,0,167,38,129,0.1472663139329806,0.0,1.0,0.2275449101796407,0.7724550898203593
07725,07,725,1064,132,0,132,31,101,0.12406015037593984,0.0,1.0,0.23484848484848486,0.7651515151515151
07726,07,726,1148,236,0,236,85,151,0.20557491289198607,0.0,1.0,0.3601694915254237,0.6398305084745762
07727,07,727,961,199,0,199,54,145,0.20707596253902186,0.0,1.0,0.271356783919598,0.7286432160804021
07728,07,728,924,193,1,192,54,138,0.20887445887445888,0.0051813471502590676,0.9948186528497409,0.27979274611398963,0.7150259067357513
071A,07,1A,0,744,2,742,422,320,inf,0.002688172043010753,0.9973118279569892,0.5672043010752689,0.43010752688172044
071B,07,1B,0,0,0,0,0,0,0.0,0.0,0.0,0.0,0.0
071C,07,1C,0,698,4,694,437,257,inf,0.0057306590257879654,0.994269340974212,0.6260744985673352,0.3681948424068768
071D,07,1D,0,0,0,0,0,0,0.0,0.0,0.0,0.0,0.0
071E,07,1E,0,616,0,616,383,233,inf,0.0,1.0,0.6217532467532467,0.3782467532467532
071F,07,1F,0,0,0,0,0,0,0.0,0.0,0.0,0.0,0.0
071G,07,1G,0,592,3,589,405,184,inf,0.005067567567567568,0.9949324324324325,0.6841216216216216,0.3108108108108108
071H,07,1H,0,0,0,0,0,0,0.0,0.0,0.0,0.0,0.0
071I,07,1I,0,997,2,995,666,329,inf,0.0020060180541624875,0.9979939819458375,0.6680040120361084,0.3299899699097292
071K,07,1K,0,0,0,0,0,0,0.0,0.0,0.0,0.0,0.0
071L,07,1L,0,0,0,0,0,0,0.0,0.0,0.0,0.0,0.0
071M,07,1M,0,0,0,0,0,0,0.0,0.0,0.0,0.0,0.0
071N,07,1N,0,1038,4,1034,596,438,inf,0.0038535645472061657,0.9961464354527938,0.5741811175337187,0.42196531791907516
071P,07,1P,0,0,0,0,0,0,0.0,0.0,0.0,0.0,0.0
071R,07,1R,0,0,0,0,0,0,0.0,0.0,0.0,0.0,0.0
071S,07,1S,0,0,0,0,0,0,0.0,0.0,0.0,0.0,0.0
071T,07,1T,0,433,4,429,304,125,inf,0.009237875288683603,0.9907621247113164,0.7020785219399538,0.28868360277136257
071U,07,1U,0,0,0,0,0,0,0.0,0.0,0.0,0.0,0.0
071V,07,1V,0,0,0,0,0,0,0.0,0.0,0.0,0.0,0.0
071W,07,1W,0,811,2,809,611,198,inf,0.002466091245376079,0.9975339087546239,0.7533908754623921,0.2441430332922318
072A,07,2A,0,1002,3,999,587,412,inf,0.0029940119760479044,0.9970059880239521,0.5858283433133733,0.4111776447105788
072B,07,2B,0,0,0,0,0,0,0.0,0.0,0.0,0.0,0.0
072C,07,2C,0,695,2,693,461,232,inf,0.0028776978417266188,0.9971223021582734,0.6633093525179856,0.3338129496402878
072D,07,2D,0,0,0,0,0,0,0.0,0.0,0.0,0.0,0.0
072E,07,2E,0,0,0,0,0,0,0.0,0.0,0.0,0.0,0.0
072F,07,2F,0,0,0,0,0,0,0.0,0.0,0.0,0.0,0.0
072G,07,2G,0,0,0,0,0,0,0.0,0.0,0.0,0.0,0.0
072H,07,2H,0,593,0,593,441,152,inf,0.0,1.0,0.7436762225969646,0.2563237774030354
072I,07,2I,0,808,1,807,578,229,inf,0.0012376237623762376,0.9987623762376238,0.7153465346534653,0.2834158415841584
072K,07,2K,0,0,0,0,0,0,0.0,0.0,0.0,0.0,0.0
072L,07,2L,0,990,7,983,743,240,inf,0.007070707070707071,0.9929292929292929,0.7505050505050505,0.24242424242424243
072M,07,2M,0,442,1,441,336,105,inf,0.0022624434389140274,0.997737556561086,0.7601809954751131,0.23755656108597284
072N,07,2N,0,1004,2,1002,777,225,inf,0.00199203187250996,0.99800796812749,0.7739043824701195,0.2241035856573705
072P,07,2P,0,0,0,0,0,0,0.0,0.0,0.0,0.0,0.0
072R,07,2R,0,749,0,749,429,320,inf,0.0,1.0,0.5727636849132176,0.4272363150867824
072S,07,2S,0,0,0,0,0,0,0.0,0.0,0.0,0.0,0.0
072T,07,2T,0,0,0,0,0,0,0.0,0.0,0.0,0.0,0.0
072U,07,2U,0,0,0,0,0,0,0.0,0.0,0.0,0.0,0.0
072V,07,2V,0,0,0,0,0,0,0.0,0.0,0.0,0.0,0.0
073A,07,3A,0,903,3,900,556,344,inf,0.0033222591362126247,0.9966777408637874,0.6157253599114064,0.38095238095238093
073B,07,3B,0,0,0,0,0,0,0.0,0.0,0.0,0.0,0.0
073C,07,3C,0,683,3,680,425,255,inf,0.004392386530014641,0.9956076134699854,0.6222547584187409,0.3733528550512445
073D,07,3D,0,0,0,0,0,0,0.0,0.0,0.0,0.0,0.0
073E,07,3E,0,0,0,0,0,0,0.0,0.0,0.0,0.0,0.0
073F,07,3F,0,0,0,0,0,0,0.0,0.0,0.0,0.0,0.0
073G,07,3G,0,0,0,0,0,0,0.0,0.0,0.0,0.0,0.0
073H,07,3H,0,661,3,658,390,268,inf,0.0045385779122541605,0.9954614220877458,0.5900151285930408,0.405446293494705
073I,07,3I,0,0,0,0,0,0,0.0,0.0,0.0,0.0,0.0
073K,07,3K,0,0,0,0,0,0,0.0,0.0,0.0,0.0,0.0
073L,07,3L,0,520,4,516,325,191,inf,0.007692307692307693,0.9923076923076923,0.625,0.36730769230769234
073M,07,3M,0,1072,2,1070,680,390,inf,0.0018656716417910447,0.9981343283582089,0.6343283582089553,0.36380597014925375
073N,07,3N,0,0,0,0,0,0,0.0,0.0,0.0,0.0,0.0
073P,07,3P,0,0,0,0,0,0,0.0,0.0,0.0,0.0,0.0
073R,07,3R,0,935,1,934,590,344,inf,0.0010695187165775401,0.9989304812834224,0.6310160427807486,0.3679144385026738
073S,07,3S,0,0,0,0,0,0,0.0,0.0,0.0,0.0,0.0
073T,07,3T,0,0,0,0,0,0,0.0,0.0,0.0,0.0,0.0
073U,07,3U,0,729,2,727,479,248,inf,0.0027434842249657062,0.9972565157750343,0.6570644718792867,0.3401920438957476
073V,07,3V,0,302,2,300,203,97,inf,0.006622516556291391,0.9933774834437086,0.6721854304635762,0.3211920529801324
073W,07,3W,0,979,1,978,485,493,inf,0.0010214504596527069,0.9989785495403473,0.49540347293156284,0.5035750766087844
073X,07,3X,0,0,0,0,0,0,0.0,0.0,0.0,0.0,0.0
073Y,07,3Y,0,0,0,0,0,0,0.0,0.0,0.0,0.0,0.0
074A,07,4A,0,863,3,860,524,336,inf,0.0034762456546929316,0.996523754345307,0.6071842410196987,0.38933951332560834
074B,07,4B,0,943,4,939,557,382,inf,0.0042417815482502655,0.9957582184517497,0.5906680805938495,0.4050901378579003
074C,07,4C,0,0,0,0,0,0,0.0,0.0,0.0,0.0,0.0
074D,07,4D,0,0,0,0,0,0,0.0,0.0,0.0,0.0,0.0
074E,07,4E,0,0,0,0,0,0,0.0,0.0,0.0,0.0,0.0
074F,07,4F,0,642,2,640,332,308,inf,0.003115264797507788,0.9968847352024922,0.5171339563862928,0.4797507788161994
074G,07,4G,0,789,1,788,378,410,inf,0.0012674271229404308,0.9987325728770595,0.4790874524714829,0.5196451204055766
074H,07,4H,0,0,0,0,0,0,0.0,0.0,0.0,0.0,0.0
074I,07,4I,0,688,2,686,360,326,inf,0.0029069767441860465,0.997093023255814,0.5232558139534884,0.4738372093023256
074K,07,4K,0,0,0,0,0,0,0.0,0.0,0.0,0.0,0.0
074L,07,4L,0,0,0,0,0,0,0.0,0.0,0.0,0.0,0.0
074M,07,4M,0,0,0,0,0,0,0.0,0.0,0.0,0.0,0.0
074N,07,4N,0,0,0,0,0,0,0.0,0.0,0.0,0.0,0.0
074P,07,4P,0,946,3,943,549,394,inf,0.003171247357293869,0.9968287526427061,0.580338266384778,0.4164904862579281
074R,07,4R,0,178,1,177,117,60,inf,0.0056179775280898875,0.9943820224719101,0.6573033707865169,0.33707865168539325
074S,07,4S,0,0,0,0,0,0,0.0,0.0,0.0,0.0,0.0
074T,07,4T,0,524,3,521,289,232,inf,0.0057251908396946565,0.9942748091603053,0.5515267175572519,0.44274809160305345
074U,07,4U,0,0,0,0,0,0,0.0,0.0,0.0,0.0,0.0
074V,07,4V,0,629,1,628,371,257,inf,0.001589825119236884,0.9984101748807631,0.589825119236884,0.40858505564387915
075A,07,5A,0,740,2,738,307,431,inf,0.002702702702702703,0.9972972972972973,0.41486486486486485,0.5824324324324325
075B,07,5B,0,0,0,0,0,0,0.0,0.0,0.0,0.0,0.0
075C,07,5C,0,542,4,538,236,302,inf,0.007380073800738007,0.992619926199262,0.4354243542435424,0.5571955719557196
075D,07,5D,0,549,0,549,243,306,inf,0.0,1.0,0.4426229508196721,0.5573770491803278
075E,07,5E,0,0,0,0,0,0,0.0,0.0,0.0,0.0,0.0
075F,07,5F,0,0,0,0,0,0,0.0,0.0,0.0,0.0,0.0
075G,07,5G,0,555,3,552,224,328,inf,0.005405405405405406,0.9945945945945946,0.4036036036036036,0.590990990990991
075H,07,5H,0,0,0,0,0,0,0.0,0.0,0.0,0.0,0.0
075I,07,5I,0,0,0,0,0,0,0.0,0.0,0.0,0.0,0.0
075K,07,5K,0,805,4,801,324,477,inf,0.004968944099378882,0.9950310559006211,0.40248447204968946,0.5925465838509317
075L,07,5L,0,0,0,0,0,0,0.0,0.0,0.0,0.0,0.0
075M,07,5M,0,440,0,440,229,211,inf,0.0,1.0,0.5204545454545455,0.47954545454545455
075N,07,5N,0,0,0,0,0,0,0.0,0.0,0.0,0.0,0.0
075P,07,5P,0,0,0,0,0,0,0.0,0.0,0.0,0.0,0.0
075R,07,5R,0,579,0,579,173,406,inf,0.0,1.0,0.2987910189982729,0.7012089810017271
075S,07,5S,0,899,0,899,275,624,inf,0.0,1.0,0.30589543937708563,0.6941045606229144
075T,07,5T,0,0,0,0,0,0,0.0,0.0,0.0,0.0,0.0
076A,07,6A,0,781,2,779,283,496,inf,0.002560819462227913,0.9974391805377721,0.36235595390524966,0.6350832266325224
076B,07,6B,0,883,6,877,268,609,inf,0.006795016987542469,0.9932049830124575,0.3035107587768969,0.6896942242355606
076C,07,6C,0,387,0,387,116,271,inf,0.0,1.0,0.2997416020671835,0.7002583979328165
076D,07,6D,0,0,0,0,0,0,0.0,0.0,0.0,0.0,0.0
076E,07,6E,0,0,0,0,0,0,0.0,0.0,0.0,0.0,0.0
076F,07,6F,0,542,0,542,147,395,inf,0.0,1.0,0.27121771217712176,0.7287822878228782
076G,07,6G,0,433,2,431,144,287,inf,0.004618937644341801,0.9953810623556582,0.3325635103926097,0.6628175519630485
076H,07,6H,0,0,0,0,0,0,0.0,0.0,0.0,0.0,0.0
076I,07,6I,0,0,0,0,0,0,0.0,0.0,0.0,0.0,0.0
076K,07,6K,0,0,0,0,0,0,0.0,0.0,0.0,0.0,0.0
076L,07,6L,0,0,0,0,0,0,0.0,0.0,0.0,0.0,0.0
076M,07,6M,0,0,0,0,0,0,0.0,0.0,0.0,0.0,0.0
076N,07,6N,0,556,1,555,141,414,inf,0.0017985611510791368,0.9982014388489209,0.25359712230215825,0.7446043165467626
076P,07,6P,0,0,0,0,0,0,0.0,0.0,0.0,0.0,0.0
076R,07,6R,0,1101,1,1100,301,799,inf,0.0009082652134423251,0.9990917347865577,0.27338782924613986,0.7257039055404177
076S,07,6S,0,509,2,507,158,349,inf,0.003929273084479371,0.9960707269155207,0.3104125736738703,0.6856581532416502
076T,07,6T,0,0,0,0,0,0,0.0,0.0,0.0,0.0,0.0
076U,07,6U,0,0,0,0,0,0,0.0,0.0,0.0,0.0,0.0
077A,07,7A,0,682,0,682,185,497,inf,0.0,1.0,0.27126099706744866,0.7287390029325513
077B,07,7B,0,0,0,0,0,0,0.0,0.0,0.0,0.0,0.0
077C,07,7C,0,0,0,0,0,0,0.0,0.0,0.0,0.0,0.0
077D,07,7D,0,675,0,675,195,480,inf,0.0,1.0,0.28888888888888886,0.7111111111111111
077E,07,7E,0,257,0,257,77,180,inf,0.0,1.0,0.29961089494163423,0.7003891050583657
077F,07,7F,0,707,2,705,186,519,inf,0.002828854314002829,0.9971711456859972,0.26308345120226306,0.7340876944837341
077G,07,7G,0,702,1,701,238,463,inf,0.0014245014245014246,0.9985754985754985,0.33903133903133903,0.6595441595441596
077H,07,7H,0,0,0,0,0,0,0.0,0.0,0.0,0.0,0.0
077I,07,7I,0,0,0,0,0,0,0.0,0.0,0.0,0.0,0.0
077K,07,7K,0,0,0,0,0,0,0.0,0.0,0.0,0.0,0.0
077L,07,7L,0,0,0,0,0,0,0.0,0.0,0.0,0.0,0.0
077M,07,7M,0,0,0,0,0,0,0.0,0.0,0.0,0.0,0.0
077N,07,7N,0,0,0,0,0,0,0.0,0.0,0.0,0.0,0.0
077P,07,7P,0,643,0,643,156,487,inf,0.0,1.0,0.24261275272161742,0.7573872472783826
077R,07,7R,0,738,2,736,189,547,inf,0.0027100271002710027,0.997289972899729,0.25609756097560976,0.7411924119241192
077S,07,7S,0,0,0,0,0,0,0.0,0.0,0.0,0.0,0.0
077T,07,7T,0,326,1,325,80,245,inf,0.003067484662576687,0.9969325153374233,0.24539877300613497,0.7515337423312883
077U,07,7U,0,365,2,363,82,281,inf,0.005479452054794521,0.9945205479452055,0.22465753424657534,0.7698630136986301
077V,07,7V,0,584,0,584,139,445,inf,0.0,1.0,0.238013698630137,0.761986301369863
08101,08,101,1001,218,0,218,177,41,0.2177822177822178,0.0,1.0,0.8119266055045872,0.18807339449541285
08102,08,102,1074,235,1,234,197,37,0.21880819366852886,0.00425531914893617,0.9957446808510638,0.8382978723404255,0.1574468085106383
08103,08,103,1028,250,0,250,226,24,0.24319066147859922,0.0,1.0,0.904,0.096
08104,08,104,991,236,0,236,204,32,0.23814328960645811,0.0,1.0,0.864406779661017,0.13559322033898305
08105,08,105,1020,243,1,242,195,47,0.23823529411764705,0.00411522633744856,0.9958847736625515,0.8024691358024691,0.1934156378600823
08106,08,106,1025,250,0,250,211,39,0.24390243902439024,0.0,1.0,0.844,0.156
08107,08,107,1049,275,0,275,234,41,0.2621544327931363,0.0,1.0,0.850909090909091,0.14909090909090908
08108,08,108,1000,211,1,210,188,22,0.211,0.004739336492890996,0.995260663507109,0.8909952606635071,0.10426540284360189
08109,08,109,1019,222,0,222,194,28,0.21786064769381747,0.0,1.0,0.8738738738738738,0.12612612612612611
08110,08,110,993,197,1,196,162,34,0.19838872104733132,0.005076142131979695,0.9949238578680203,0.8223350253807107,0.17258883248730963
08111,08,111,962,205,0,205,166,39,0.2130977130977131,0.0,1.0,0.8097560975609757,0.1902439024390244
08112,08,112,1135,191,0,191,157,34,0.1682819383259912,0.0,1.0,0.8219895287958116,0.17801047120418848
08113,08,113,1051,243,1,242,212,30,0.23120837297811608,0.00411522633744856,0.9958847736625515,0.8724279835390947,0.12345679012345678
08114,08,114,989,203,5,198,173,25,0.20525783619817997,0.024630541871921183,0.9753694581280788,0.8522167487684729,0.12315270935960591
08115,08,115,973,230,3,227,188,39,0.23638232271325796,0.013043478260869565,0.9869565217391304,0.8173913043478261,0.16956521739130434
08116,08,116,1132,223,0,223,194,29,0.19699646643109542,0.0,1.0,0.8699551569506726,0.13004484304932734
08117,08,117,1066,257,0,257,214,43,0.24108818011257035,0.0,1.0,0.8326848249027238,0.16731517509727625
08118,08,118,984,247,0,247,186,61,0.25101626016260165,0.0,1.0,0.7530364372469636,0.24696356275303644
08119,08,119,1045,229,0,229,194,35,0.21913875598086124,0.0,1.0,0.8471615720524017,0.15283842794759825
08120,08,120,1043,231,0,231,197,34,0.2214765100671141,0.0,1.0,0.8528138528138528,0.1471861471861472
08121,08,121,1086,192,0,192,161,31,0.17679558011049723,0.0,1.0,0.8385416666666666,0.16145833333333334
08122,08,122,878,182,0,182,145,37,0.2072892938496583,0.0,1.0,0.7967032967032966,0.2032967032967033
08123,08,123,1051,181,2,179,111,68,0.17221693625118933,0.011049723756906077,0.988950276243094,0.6132596685082873,0.3756906077348066
08124,08,124,918,219,0,219,192,27,0.238562091503268,0.0,1.0,0.8767123287671232,0.1232876712328767
08125,08,125,1066,202,2,200,160,40,0.1894934333958724,0.009900990099009901,0.9900990099009901,0.7920792079207921,0.19801980198019803
08126,08,126,934,207,2,205,165,40,0.22162740899357602,0.00966183574879227,0.9903381642512077,0.7971014492753623,0.1932367149758454
08127,08,127,1127,174,0,174,131,43,0.1543921916592724,0.0,1.0,0.7528735632183908,0.2471264367816092
08128,08,128,911,147,0,147,117,30,0.16136114160263446,0.0,1.0,0.7959183673469388,0.20408163265306123
08129,08,129,991,233,2,231,189,42,0.23511604439959638,0.008583690987124463,0.9914163090128756,0.8111587982832618,0.18025751072961374
08130,08,130,995,203,0,203,149,54,0.20402010050251257,0.0,1.0,0.7339901477832512,0.2660098522167488
08131,08,131,801,98,0,98,73,25,0.12234706616729088,0.0,1.0,0.7448979591836735,0.25510204081632654
08201,08,201,1209,261,0,261,219,42,0.21588089330024815,0.0,1.0,0.8390804597701149,0.16091954022988506
08202,08,202,1063,247,0,247,219,28,0.2323612417685795,0.0,1.0,0.8866396761133604,0.11336032388663968
08203,08,203,896,188,1,187,143,44,0.20982142857142858,0.005319148936170213,0.9946808510638298,0.7606382978723404,0.23404255319148937
08204,08,204,981,243,1,242,198,44,0.24770642201834864,0.00411522633744856,0.9958847736625515,0.8148148148148148,0.18106995884773663
08205,08,205,1004,212,1,211,189,22,0.21115537848605578,0.0047169811320754715,0.9952830188679245,0.8915094339622641,0.10377358490566038
08206,08,206,1032,186,0,186,170,16,0.18023255813953487,0.0,1.0,0.9139784946236559,0.08602150537634409
08207,08,207,965,180,2,178,152,26,0.18652849740932642,0.011111111111111112,0.9888888888888889,0.8444444444444444,0.14444444444444443
08208,08,208,972,169,0,169,156,13,0.17386831275720166,0.0,1.0,0.9230769230769231,0.07692307692307693
08209,08,209,952,183,0,183,151,32,0.19222689075630253,0.0,1.0,0.825136612021858,0.17486338797814208
08210,08,210,1027,175,1,174,126,48,0.17039922103213243,0.005714285714285714,0.9942857142857143,0.72,0.2742857142857143
08211,08,211,1060,201,1,200,158,42,0.18962264150943398,0.004975124378109453,0.9950248756218906,0.7860696517412935,0.208955223880597
08212,08,212,1067,214,2,212,191,21,0.20056232427366447,0.009345794392523364,0.9906542056074766,0.8925233644859814,0.09813084112149532
08213,08,213,1067,223,1,222,186,36,0.20899718837863168,0.004484304932735426,0.9955156950672646,0.8340807174887892,0.16143497757847533
08214,08,214,1024,226,0,226,200,26,0.220703125,0.0,1.0,0.8849557522123894,0.11504424778761062
08215,08,215,1008,246,2,244,206,38,0.24404761904761904,0.008130081300813009,0.991869918699187,0.8373983739837398,0.15447154471544716
08216,08,216,1019,280,1,279,234,45,0.2747791952894995,0.0035714285714285713,0.9964285714285714,0.8357142857142857,0.16071428571428573
08217,08,217,1078,237,1,236,198,38,0.21985157699443414,0.004219409282700422,0.9957805907172996,0.8354430379746836,0.16033755274261605
08218,08,218,1020,219,0,219,180,39,0.21470588235294116,0.0,1.0,0.821917808219178,0.1780821917808219
08219,08,219,998,235,0,235,187,48,0.23547094188376755,0.0,1.0,0.7957446808510639,0.20425531914893616
08220,08,220,1069,209,0,209,175,34,0.19550982226379796,0.0,1.0,0.8373205741626795,0.16267942583732056
08221,08,221,1037,209,0,209,176,33,0.20154291224686596,0.0,1.0,0.8421052631578947,0.15789473684210525
08222,08,222,1021,158,1,157,136,21,0.15475024485798236,0.006329113924050633,0.9936708860759493,0.8607594936708861,0.13291139240506328
08223,08,223,1028,119,1,118,61,57,0.11575875486381323,0.008403361344537815,0.9915966386554622,0.5126050420168067,0.4789915966386555
08224,08,224,1099,164,1,163,119,44,0.1492265696087352,0.006097560975609756,0.9939024390243902,0.725609756097561,0.2682926829268293
08225,08,225,992,179,0,179,141,38,0.18044354838709678,0.0,1.0,0.7877094972067039,0.2122905027932961
08226,08,226,949,228,1,227,198,29,0.24025289778714437,0.0043859649122807015,0.9956140350877193,0.868421052631579,0.12719298245614036
08227,08,227,976,248,2,246,198,48,0.2540983606557377,0.008064516129032258,0.9919354838709677,0.7983870967741935,0.1935483870967742
08228,08,228,883,188,1,187,147,40,0.2129105322763307,0.005319148936170213,0.9946808510638298,0.7819148936170213,0.2127659574468085
08229,08,229,1084,164,0,164,145,19,0.15129151291512916,0.0,1.0,0.8841463414634146,0.11585365853658537
08230,08,230,923,179,0,179,148,31,0.19393282773564463,0.0,1.0,0.8268156424581006,0.17318435754189945
08231,08,231,849,204,1,203,170,33,0.24028268551236748,0.004901960784313725,0.9950980392156863,0.8333333333333334,0.16176470588235295
08301,08,301,887,220,2,218,189,29,0.2480270574971815,0.00909090909090909,0.990909090909091,0.8590909090909091,0.1318181818181818
08302,08,302,901,214,2,212,170,42,0.23751387347391786,0.009345794392523364,0.9906542056074766,0.794392523364486,0.19626168224299065
08303,08,303,993,199,0,199,158,41,0.20040281973816718,0.0,1.0,0.7939698492462312,0.20603015075376885
08304,08,304,975,236,1,235,191,44,0.24205128205128204,0.00423728813559322,0.9957627118644068,0.809322033898305,0.1864406779661017
08305,08,305,990,189,0,189,161,28,0.19090909090909092,0.0,1.0,0.8518518518518519,0.14814814814814814
08306,08,306,891,219,2,217,186,31,0.24579124579124578,0.0091324200913242,0.9908675799086758,0.8493150684931506,0.1415525114155251
08307,08,307,956,182,0,182,163,19,0.1903765690376569,0.0,1.0,0.8956043956043956,0.1043956043956044
08308,08,308,977,254,0,254,216,38,0.2599795291709314,0.0,1.0,0.8503937007874016,0.14960629921259844
08309,08,309,1143,117,0,117,53,64,0.10236220472440945,0.0,1.0,0.452991452991453,0.5470085470085471
08310,08,310,947,81,0,81,29,52,0.08553326293558607,0.0,1.0,0.35802469135802467,0.6419753086419753
08311,08,311,941,227,1,226,124,102,0.2412327311370882,0.004405286343612335,0.9955947136563876,0.5462555066079295,0.44933920704845814
08312,08,312,1252,110,1,109,51,58,0.0878594249201278,0.00909090909090909,0.990909090909091,0.4636363636363636,0.5272727272727272
08313,08,313,1218,88,1,87,18,69,0.0722495894909688,0.011363636363636364,0.9886363636363636,0.20454545454545456,0.7840909090909091
08314,08,314,1206,74,2,72,25,47,0.06135986733001658,0.02702702702702703,0.972972972972973,0.33783783783783783,0.6351351351351351
08315,08,315,1268,105,0,105,74,31,0.08280757097791798,0.0,1.0,0.7047619047619048,0.29523809523809524
08316,08,316,987,139,2,137,54,83,0.1408308004052685,0.014388489208633094,0.9856115107913669,0.38848920863309355,0.5971223021582733
08317,08,317,898,161,0,161,62,99,0.17928730512249444,0.0,1.0,0.38509316770186336,0.6149068322981367
08318,08,318,976,155,0,155,90,65,0.15881147540983606,0.0,1.0,0.5806451612903226,0.41935483870967744
08319,08,319,1054,159,2,157,61,96,0.150853889943074,0.012578616352201259,0.9874213836477987,0.3836477987421384,0.6037735849056604
08320,08,320,1161,156,0,156,91,65,0.1343669250645995,0.0,1.0,0.5833333333333334,0.4166666666666667
08321,08,321,1257,108,0,108,21,87,0.08591885441527446,0.0,1.0,0.19444444444444445,0.8055555555555556
08322,08,322,1297,115,0,115,39,76,0.08866615265998458,0.0,1.0,0.3391304347826087,0.6608695652173913
08323,08,323,921,107,0,107,47,60,0.11617806731813246,0.0,1.0,0.4392523364485981,0.5607476635514018
08324,08,324,1204,146,0,146,76,70,0.1212624584717608,0.0,1.0,0.5205479452054794,0.4794520547945205
08325,08,325,970,173,1,172,99,73,0.17835051546391753,0.005780346820809248,0.9942196531791907,0.5722543352601156,0.42196531791907516
08326,08,326,1071,162,0,162,126,36,0.15126050420168066,0.0,1.0,0.7777777777777778,0.2222222222222222
08327,08,327,1681,311,1,310,251,59,0.18500892325996432,0.003215434083601286,0.9967845659163987,0.8070739549839229,0.18971061093247588
08328,08,328,929,158,0,158,125,33,0.17007534983853606,0.0,1.0,0.7911392405063291,0.2088607594936709
08329,08,329,813,105,1,104,72,32,0.12915129151291513,0.009523809523809525,0.9904761904761905,0.6857142857142857,0.3047619047619048
08330,08,330,1039,184,0,184,134,50,0.17709335899903753,0.0,1.0,0.7282608695652174,0.2717391304347826
08331,08,331,968,143,0,143,97,46,0.14772727272727273,0.0,1.0,0.6783216783216783,0.32167832167832167
08401,08,401,1062,176,2,174,47,127,0.1657250470809793,0.011363636363636364,0.9886363636363636,0.26704545454545453,0.7215909090909091
08402,08,402,1048,167,0,167,58,109,0.15935114503816794,0.0,1.0,0.3473053892215569,0.6526946107784432
08403,08,403,1123,164,1,163,63,100,0.1460373998219056,0.006097560975609756,0.9939024390243902,0.38414634146341464,0.6097560975609756
08404,08,404,1078,161,0,161,60,101,0.14935064935064934,0.0,1.0,0.37267080745341613,0.6273291925465838
08405,08,405,1113,130,2,128,30,98,0.11680143755615453,0.015384615384615385,0.9846153846153847,0.23076923076923078,0.7538461538461538
08406,08,406,1180,176,2,174,48,126,0.14915254237288136,0.011363636363636364,0.9886363636363636,0.2727272727272727,0.7159090909090909
08407,08,407,1163,145,2,143,57,86,0.12467755803955288,0.013793103448275862,0.9862068965517241,0.3931034482758621,0.593103448275862
08408,08,408,877,154,2,152,44,108,0.17559863169897377,0.012987012987012988,0.987012987012987,0.2857142857142857,0.7012987012987013
08409,08,409,960,211,1,210,40,170,0.21979166666666666,0.004739336492890996,0.995260663507109,0.1895734597156398,0.8056872037914692
08410,08,410,1000,215,1,214,38,176,0.215,0.004651162790697674,0.9953488372093023,0.17674418604651163,0.8186046511627907
08411,08,411,1004,212,3,209,33,176,0.21115537848605578,0.014150943396226415,0.9858490566037735,0.15566037735849056,0.8301886792452831
08412,08,412,1051,144,0,144,47,97,0.13701236917221693,0.0,1.0,0.3263888888888889,0.6736111111111112
08413,08,413,1076,139,2,137,55,82,0.129182156133829,0.014388489208633094,0.9856115107913669,0.39568345323741005,0.5899280575539568
08414,08,414,966,121,0,121,32,89,0.12525879917184266,0.0,1.0,0.2644628099173554,0.7355371900826446
08415,08,415,1289,108,0,108,27,81,0.08378588052754073,0.0,1.0,0.25,0.75
08416,08,416,1098,167,0,167,46,121,0.15209471766848817,0.0,1.0,0.2754491017964072,0.7245508982035929
08417,08,417,1044,112,0,112,16,96,0.10727969348659004,0.0,1.0,0.14285714285714285,0.8571428571428571
08418,08,418,1063,124,2,122,35,87,0.11665098777046096,0.016129032258064516,0.9838709677419355,0.28225806451612906,0.7016129032258065
08419,08,419,1172,158,2,156,30,126,0.1348122866894198,0.012658227848101266,0.9873417721518988,0.189873417721519,0.7974683544303798
08420,08,420,1041,125,1,124,26,98,0.12007684918347743,0.008,0.992,0.208,0.784
08421,08,421,1072,77,1,76,23,53,0.07182835820895522,0.012987012987012988,0.987012987012987,0.2987012987012987,0.6883116883116883
08422,08,422,1052,111,0,111,32,79,0.10551330798479087,0.0,1.0,0.2882882882882883,0.7117117117117117
08423,08,423,899,116,0,116,38,78,0.12903225806451613,0.0,1.0,0.3275862068965517,0.6724137931034483
08424,08,424,964,109,1,108,31,77,0.11307053941908714,0.009174311926605505,0.9908256880733946,0.28440366972477066,0.7064220183486238
08425,08,425,1084,86,0,86,31,55,0.07933579335793357,0.0,1.0,0.36046511627906974,0.6395348837209303
08426,08,426,865,108,0,108,28,80,0.12485549132947976,0.0,1.0,0.25925925925925924,0.7407407407407407
08427,08,427,1018,115,0,115,38,77,0.11296660117878192,0.0,1.0,0.33043478260869563,0.6695652173913044
08428,08,428,1066,150,3,147,35,112,0.14071294559099437,0.02,0.98,0.23333333333333334,0.7466666666666667
08429,08,429,859,143,0,143,28,115,0.16647264260768335,0.0,1.0,0.1958041958041958,0.8041958041958042
08430,08,430,907,137,3,134,21,113,0.15104740904079383,0.021897810218978103,0.9781021897810219,0.15328467153284672,0.8248175182481752
08431,08,431,1195,89,0,89,31,58,0.07447698744769875,0.0,1.0,0.34831460674157305,0.651685393258427
08501,08,501,1060,135,0,135,56,79,0.12735849056603774,0.0,1.0,0.4148148148148148,0.5851851851851851
08502,08,502,1020,227,2,225,120,105,0.22254901960784312,0.00881057268722467,0.9911894273127754,0.5286343612334802,0.46255506607929514
08503,08,503,839,189,0,189,103,86,0.22526817640047675,0.0,1.0,0.544973544973545,0.455026455026455
08504,08,504,927,209,0,209,115,94,0.22545846817691478,0.0,1.0,0.5502392344497608,0.44976076555023925
08505,08,505,991,203,2,201,89,112,0.20484359233097882,0.009852216748768473,0.9901477832512315,0.43842364532019706,0.5517241379310345
08506,08,506,934,206,1,205,109,96,0.22055674518201285,0.0048543689320388345,0.9951456310679612,0.529126213592233,0.46601941747572817
08507,08,507,1028,131,0,131,37,94,0.12743190661478598,0.0,1.0,0.2824427480916031,0.7175572519083969
08508,08,508,1211,139,0,139,97,42,0.1147811725846408,0.0,1.0,0.697841726618705,0.302158273381295
08509,08,509,1188,211,2,209,78,131,0.1776094276094276,0.009478672985781991,0.990521327014218,0.3696682464454976,0.6208530805687204
08510,08,510,1000,171,1,170,55,115,0.171,0.005847953216374269,0.9941520467836257,0.3216374269005848,0.672514619883041
08511,08,511,950,93,0,93,25,68,0.09789473684210526,0.0,1.0,0.26881720430107525,0.7311827956989247
08512,08,512,1037,235,0,235,59,176,0.2266152362584378,0.0,1.0,0.251063829787234,0.7489361702127659
08513,08,513,1002,203,0,203,41,162,0.2025948103792415,0.0,1.0,0.2019704433497537,0.7980295566502463
08514,08,514,875,150,1,149,28,121,0.17142857142857143,0.006666666666666667,0.9933333333333333,0.18666666666666668,0.8066666666666666
08515,08,515,925,188,0,188,65,123,0.20324324324324325,0.0,1.0,0.34574468085106386,0.6542553191489362
08516,08,516,1004,157,0,157,36,121,0.15637450199203187,0.0,1.0,0.22929936305732485,0.7707006369426752
08517,08,517,826,141,0,141,19,122,0.17070217917675545,0.0,1.0,0.1347517730496454,0.8652482269503546
08518,08,518,890,210,0,210,54,156,0.23595505617977527,0.0,1.0,0.2571428571428571,0.7428571428571429
08519,08,519,992,181,1,180,42,138,0.18245967741935484,0.0055248618784530384,0.994475138121547,0.23204419889502761,0.7624309392265194
08520,08,520,925,175,0,175,46,129,0.1891891891891892,0.0,1.0,0.26285714285714284,0.7371428571428571
08521,08,521,928,230,2,228,38,190,0.2478448275862069,0.008695652173913044,0.991304347826087,0.16521739130434782,0.8260869565217391
08522,08,522,862,210,1,209,54,155,0.24361948955916474,0.004761904761904762,0.9952380952380953,0.2571428571428571,0.7380952380952381
08523,08,523,956,193,1,192,47,145,0.20188284518828453,0.0051813471502590676,0.9948186528497409,0.24352331606217617,0.7512953367875648
08524,08,524,896,124,0,124,28,96,0.13839285714285715,0.0,1.0,0.22580645161290322,0.7741935483870968
08525,08,525,891,148,3,145,28,117,0.16610549943883277,0.02027027027027027,0.9797297297297297,0.1891891891891892,0.7905405405405406
08526,08,526,943,226,0,226,45,181,0.23966065747614,0.0,1.0,0.19911504424778761,0.8008849557522124
08527,08,527,1023,116,0,116,28,88,0.11339198435972629,0.0,1.0,0.2413793103448276,0.7586206896551724
08528,08,528,889,112,2,110,24,86,0.12598425196850394,0.017857142857142856,0.9821428571428571,0.21428571428571427,0.7678571428571429
08529,08,529,967,158,0,158,40,118,0.16339193381592554,0.0,1.0,0.25316455696202533,0.7468354430379747
08530,08,530,854,135,0,135,27,108,0.15807962529274006,0.0,1.0,0.2,0.8
08531,08,531,1025,99,0,99,26,73,0.09658536585365854,0.0,1.0,0.26262626262626265,0.7373737373737373
08532,08,532,914,125,0,125,26,99,0.13676148796498905,0.0,1.0,0.208,0.792
08533,08,533,835,123,0,123,27,96,0.1473053892215569,0.0,1.0,0.21951219512195122,0.7804878048780488
08534,08,534,1033,143,0,143,37,106,0.13843175217812198,0.0,1.0,0.25874125874125875,0.7412587412587412
08601,08,601,896,201,4,197,48,149,0.22433035714285715,0.01990049751243781,0.9800995024875622,0.23880597014925373,0.7412935323383084
08602,08,602,873,209,0,209,48,161,0.23940435280641467,0.0,1.0,0.22966507177033493,0.7703349282296651
08603,08,603,911,181,0,181,42,139,0.1986827661909989,0.0,1.0,0.23204419889502761,0.7679558011049724
08604,08,604,888,202,1,201,44,157,0.22747747747747749,0.0049504950495049506,0.995049504950495,0.21782178217821782,0.7772277227722773
08605,08,605,845,178,0,178,35,143,0.2106508875739645,0.0,1.0,0.19662921348314608,0.8033707865168539
08606,08,606,899,172,1,171,41,130,0.19132369299221358,0.005813953488372093,0.9941860465116279,0.23837209302325582,0.7558139534883721
08607,08,607,879,162,0,162,28,134,0.18430034129692832,0.0,1.0,0.1728395061728395,0.8271604938271605
08608,08,608,914,210,1,209,46,163,0.22975929978118162,0.004761904761904762,0.9952380952380953,0.21904761904761905,0.7761904761904762
08609,08,609,975,130,1,129,45,84,0.13333333333333333,0.007692307692307693,0.9923076923076923,0.34615384615384615,0.6461538461538462
08610,08,610,882,209,0,209,49,160,0.23696145124716553,0.0,1.0,0.23444976076555024,0.7655502392344498
08611,08,611,819,143,0,143,41,102,0.1746031746031746,0.0,1.0,0.2867132867132867,0.7132867132867133
08612,08,612,920,165,2,163,35,128,0.1793478260869565,0.012121212121212121,0.9878787878787879,0.21212121212121213,0.7757575757575758
08613,08,613,878,146,0,146,32,114,0.1662870159453303,0.0,1.0,0.2191780821917808,0.7808219178082192
08614,08,614,856,156,1,155,32,123,0.1822429906542056,0.00641025641025641,0.9935897435897436,0.20512820512820512,0.7884615384615384
08615,08,615,870,165,1,164,35,129,0.1896551724137931,0.006060606060606061,0.9939393939393939,0.21212121212121213,0.7818181818181819
08616,08,616,817,122,0,122,31,91,0.14932680538555693,0.0,1.0,0.2540983606557377,0.7459016393442623
08617,08,617,846,193,0,193,36,157,0.2281323877068558,0.0,1.0,0.18652849740932642,0.8134715025906736
08618,08,618,895,216,3,213,48,165,0.24134078212290502,0.013888888888888888,0.9861111111111112,0.2222222222222222,0.7638888888888888
08619,08,619,848,199,0,199,39,160,0.2346698113207547,0.0,1.0,0.19597989949748743,0.8040201005025126
08620,08,620,792,195,3,192,29,163,0.24621212121212122,0.015384615384615385,0.9846153846153847,0.14871794871794872,0.8358974358974359
08621,08,621,892,153,1,152,116,36,0.17152466367713004,0.006535947712418301,0.9934640522875817,0.7581699346405228,0.23529411764705882
08622,08,622,890,158,0,158,33,125,0.17752808988764046,0.0,1.0,0.2088607594936709,0.7911392405063291
08623,08,623,946,143,0,143,46,97,0.1511627906976744,0.0,1.0,0.32167832167832167,0.6783216783216783
08624,08,624,833,179,0,179,56,123,0.2148859543817527,0.0,1.0,0.3128491620111732,0.6871508379888268
08625,08,625,988,164,0,164,41,123,0.1659919028340081,0.0,1.0,0.25,0.75
08626,08,626,880,170,0,170,34,136,0.19318181818181818,0.0,1.0,0.2,0.8
08627,08,627,856,151,0,151,32,119,0.1764018691588785,0.0,1.0,0.2119205298013245,0.7880794701986755
08628,08,628,825,213,0,213,56,157,0.2581818181818182,0.0,1.0,0.26291079812206575,0.7370892018779343
08629,08,629,827,210,0,210,41,169,0.2539298669891173,0.0,1.0,0.19523809523809524,0.8047619047619048
08630,08,630,805,202,2,200,43,157,0.25093167701863356,0.009900990099009901,0.9900990099009901,0.21287128712871287,0.7772277227722773
08631,08,631,897,197,2,195,53,142,0.21962095875139354,0.01015228426395939,0.9898477157360406,0.26903553299492383,0.7208121827411168
08632,08,632,1113,234,0,234,52,182,0.21024258760107817,0.0,1.0,0.2222222222222222,0.7777777777777778
08633,08,633,1271,167,0,167,56,111,0.13139260424862312,0.0,1.0,0.33532934131736525,0.6646706586826348
08634,08,634,1034,100,0,100,30,70,0.09671179883945841,0.0,1.0,0.3,0.7
08635,08,635,984,101,0,101,17,84,0.10264227642276423,0.0,1.0,0.16831683168316833,0.8316831683168316
08636,08,636,917,80,1,79,17,62,0.08724100327153762,0.0125,0.9875,0.2125,0.775
081A,08,1A,0,582,1,581,480,101,inf,0.001718213058419244,0.9982817869415808,0.8247422680412371,0.17353951890034364
081AA,08,1AA,0,0,0,0,0,0,0.0,0.0,0.0,0.0,0.0
081AB,08,1AB,0,0,0,0,0,0,0.0,0.0,0.0,0.0,0.0
081AC,08,1AC,0,0,0,0,0,0,0.0,0.0,0.0,0.0,0.0
081B,08,1B,0,584,0,584,518,66,inf,0.0,1.0,0.886986301369863,0.11301369863013698
081C,08,1C,0,610,2,608,476,132,inf,0.003278688524590164,0.9967213114754099,0.780327868852459,0.21639344262295082
081D,08,1D,0,631,1,630,528,102,inf,0.001584786053882726,0.9984152139461173,0.8367670364500792,0.16164817749603805
081E,08,1E,0,533,9,524,454,70,inf,0.016885553470919325,0.9831144465290806,0.851782363977486,0.13133208255159476
081F,08,1F,0,0,0,0,0,0,0.0,0.0,0.0,0.0,0.0
081G,08,1G,0,623,2,621,525,96,inf,0.0032102728731942215,0.9967897271268058,0.8426966292134831,0.15409309791332262
081H,08,1H,0,601,0,601,452,149,inf,0.0,1.0,0.7520798668885191,0.24792013311148087
081I,08,1I,0,0,0,0,0,0,0.0,0.0,0.0,0.0,0.0
081J,08,1J,0,0,0,0,0,0,0.0,0.0,0.0,0.0,0.0
081K,08,1K,0,0,0,0,0,0,0.0,0.0,0.0,0.0,0.0
081L,08,1L,0,0,0,0,0,0,0.0,0.0,0.0,0.0,0.0
081M,08,1M,0,0,0,0,0,0,0.0,0.0,0.0,0.0,0.0
081N,08,1N,0,0,0,0,0,0,0.0,0.0,0.0,0.0,0.0
081P,08,1P,0,0,0,0,0,0,0.0,0.0,0.0,0.0,0.0
081Q,08,1Q,0,0,0,0,0,0,0.0,0.0,0.0,0.0,0.0
081R,08,1R,0,0,0,0,0,0,0.0,0.0,0.0,0.0,0.0
081S,08,1S,0,0,0,0,0,0,0.0,0.0,0.0,0.0,0.0
081T,08,1T,0,527,3,524,429,95,inf,0.0056925996204933585,0.9943074003795066,0.8140417457305503,0.18026565464895636
081U,08,1U,0,0,0,0,0,0,0.0,0.0,0.0,0.0,0.0
081V,08,1V,0,0,0,0,0,0,0.0,0.0,0.0,0.0,0.0
081W,08,1W,0,0,0,0,0,0,0.0,0.0,0.0,0.0,0.0
081X,08,1X,0,573,1,572,452,120,inf,0.0017452006980802793,0.9982547993019197,0.7888307155322862,0.2094240837696335
081Y,08,1Y,0,0,0,0,0,0,0.0,0.0,0.0,0.0,0.0
081Z,08,1Z,0,576,0,576,491,85,inf,0.0,1.0,0.8524305555555556,0.14756944444444445
082A,08,2A,0,556,0,556,462,94,inf,0.0,1.0,0.8309352517985612,0.16906474820143885
082AA,08,2AA,0,0,0,0,0,0,0.0,0.0,0.0,0.0,0.0
082AB,08,2AB,0,0,0,0,0,0,0.0,0.0,0.0,0.0,0.0
082B,08,2B,0,498,8,490,427,63,inf,0.01606425702811245,0.9839357429718876,0.857429718875502,0.12650602409638553
082C,08,2C,0,0,0,0,0,0,0.0,0.0,0.0,0.0,0.0
082D,08,2D,0,576,10,566,492,74,inf,0.017361111111111112,0.9826388888888888,0.8541666666666666,0.1284722222222222
082E,08,2E,0,500,0,500,430,70,inf,0.0,1.0,0.86,0.14
082F,08,2F,0,506,1,505,420,85,inf,0.001976284584980237,0.9980237154150198,0.8300395256916996,0.16798418972332016
082G,08,2G,0,0,0,0,0,0,0.0,0.0,0.0,0.0,0.0
082H,08,2H,0,0,0,0,0,0,0.0,0.0,0.0,0.0,0.0
082I,08,2I,0,0,0,0,0,0,0.0,0.0,0.0,0.0,0.0
082J,08,2J,0,593,1,592,506,86,inf,0.0016863406408094434,0.9983136593591906,0.8532883642495784,0.14502529510961215
082K,08,2K,0,604,2,602,514,88,inf,0.0033112582781456954,0.9966887417218543,0.8509933774834437,0.1456953642384106
082L,08,2L,0,0,0,0,0,0,0.0,0.0,0.0,0.0,0.0
082M,08,2M,0,0,0,0,0,0,0.0,0.0,0.0,0.0,0.0
082N,08,2N,0,0,0,0,0,0,0.0,0.0,0.0,0.0,0.0
082P,08,2P,0,0,0,0,0,0,0.0,0.0,0.0,0.0,0.0
082Q,08,2Q,0,0,0,0,0,0,0.0,0.0,0.0,0.0,0.0
082R,08,2R,0,0,0,0,0,0,0.0,0.0,0.0,0.0,0.0
082S,08,2S,0,533,2,531,451,80,inf,0.00375234521575985,0.9962476547842402,0.8461538461538461,0.150093808630394
082T,08,2T,0,0,0,0,0,0,0.0,0.0,0.0,0.0,0.0
082U,08,2U,0,571,1,570,457,113,inf,0.0017513134851138354,0.9982486865148862,0.8003502626970228,0.1978984238178634
082V,08,2V,0,0,0,0,0,0,0.0,0.0,0.0,0.0,0.0
082W,08,2W,0,0,0,0,0,0,0.0,0.0,0.0,0.0,0.0
082X,08,2X,0,505,0,505,433,72,inf,0.0,1.0,0.8574257425742574,0.14257425742574256
082Y,08,2Y,0,0,0,0,0,0,0.0,0.0,0.0,0.0,0.0
082Z,08,2Z,0,0,0,0,0,0,0.0,0.0,0.0,0.0,0.0
083A,08,3A,0,528,1,527,438,89,inf,0.001893939393939394,0.9981060606060606,0.8295454545454546,0.16856060606060605
083B,08,3B,0,0,0,0,0,0,0.0,0.0,0.0,0.0,0.0
083C,08,3C,0,0,0,0,0,0,0.0,0.0,0.0,0.0,0.0
083D,08,3D,0,0,0,0,0,0,0.0,0.0,0.0,0.0,0.0
083E,08,3E,0,465,2,463,385,78,inf,0.004301075268817204,0.9956989247311828,0.8279569892473119,0.16774193548387098
083F,08,3F,0,0,0,0,0,0,0.0,0.0,0.0,0.0,0.0
083G,08,3G,0,448,0,448,280,168,inf,0.0,1.0,0.625,0.375
083H,08,3H,0,0,0,0,0,0,0.0,0.0,0.0,0.0,0.0
083I,08,3I,0,502,1,501,255,246,inf,0.00199203187250996,0.99800796812749,0.5079681274900398,0.4900398406374502
083J,08,3J,0,541,0,541,265,276,inf,0.0,1.0,0.4898336414048059,0.5101663585951941
083K,08,3K,0,0,0,0,0,0,0.0,0.0,0.0,0.0,0.0
083L,08,3L,0,0,0,0,0,0,0.0,0.0,0.0,0.0,0.0
083M,08,3M,0,0,0,0,0,0,0.0,0.0,0.0,0.0,0.0
083N,08,3N,0,470,1,469,209,260,inf,0.002127659574468085,0.997872340425532,0.44468085106382976,0.5531914893617021
083P,08,3P,0,471,2,469,352,117,inf,0.004246284501061571,0.9957537154989384,0.7473460721868365,0.2484076433121019
083Q,08,3Q,0,438,0,438,302,136,inf,0.0,1.0,0.6894977168949772,0.3105022831050228
083R,08,3R,0,515,0,515,413,102,inf,0.0,1.0,0.8019417475728156,0.19805825242718447
083S,08,3S,0,0,0,0,0,0,0.0,0.0,0.0,0.0,0.0
084A,08,4A,0,365,1,364,114,250,inf,0.0027397260273972603,0.9972602739726028,0.31232876712328766,0.684931506849315
084B,08,4B,0,375,0,375,134,241,inf,0.0,1.0,0.35733333333333334,0.6426666666666667
084C,08,4C,0,523,0,523,147,376,inf,0.0,1.0,0.28107074569789675,0.7189292543021033
084D,08,4D,0,0,0,0,0,0,0.0,0.0,0.0,0.0,0.0
084E,08,4E,0,360,0,360,112,248,inf,0.0,1.0,0.3111111111111111,0.6888888888888889
084F,08,4F,0,421,0,421,106,315,inf,0.0,1.0,0.2517814726840855,0.7482185273159145
084G,08,4G,0,513,0,513,132,381,inf,0.0,1.0,0.2573099415204678,0.7426900584795322
084H,08,4H,0,468,4,464,123,341,inf,0.008547008547008548,0.9914529914529915,0.26282051282051283,0.7286324786324786
084I,08,4I,0,498,1,497,110,387,inf,0.002008032128514056,0.9979919678714859,0.22088353413654618,0.7771084337349398
084J,08,4J,0,499,0,499,135,364,inf,0.0,1.0,0.27054108216432865,0.7294589178356713
084K,08,4K,0,0,0,0,0,0,0.0,0.0,0.0,0.0,0.0
084L,08,4L,0,0,0,0,0,0,0.0,0.0,0.0,0.0,0.0
084M,08,4M,0,0,0,0,0,0,0.0,0.0,0.0,0.0,0.0
084N,08,4N,0,0,0,0,0,0,0.0,0.0,0.0,0.0,0.0
084P,08,4P,0,0,0,0,0,0,0.0,0.0,0.0,0.0,0.0
084Q,08,4Q,0,0,0,0,0,0,0.0,0.0,0.0,0.0,0.0
084R,08,4R,0,0,0,0,0,0,0.0,0.0,0.0,0.0,0.0
084S,08,4S,0,0,0,0,0,0,0.0,0.0,0.0,0.0,0.0
084T,08,4T,0,0,0,0,0,0,0.0,0.0,0.0,0.0,0.0
084U,08,4U,0,0,0,0,0,0,0.0,0.0,0.0,0.0,0.0
084V,08,4V,0,336,0,336,92,244,inf,0.0,1.0,0.27380952380952384,0.7261904761904762
084W,08,4W,0,0,0,0,0,0,0.0,0.0,0.0,0.0,0.0
084X,08,4X,0,0,0,0,0,0,0.0,0.0,0.0,0.0,0.0
084Y,08,4Y,0,0,0,0,0,0,0.0,0.0,0.0,0.0,0.0
084Z,08,4Z,0,0,0,0,0,0,0.0,0.0,0.0,0.0,0.0
085A,08,5A,0,479,2,477,197,280,inf,0.0041753653444676405,0.9958246346555324,0.4112734864300626,0.5845511482254697
085AA,08,5AA,0,0,0,0,0,0,0.0,0.0,0.0,0.0,0.0
085AB,08,5AB,0,0,0,0,0,0,0.0,0.0,0.0,0.0,0.0
085AC,08,5AC,0,0,0,0,0,0,0.0,0.0,0.0,0.0,0.0
085B,08,5B,0,0,0,0,0,0,0.0,0.0,0.0,0.0,0.0
085C,08,5C,0,495,17,478,160,318,inf,0.03434343434343434,0.9656565656565657,0.32323232323232326,0.6424242424242425
085D,08,5D,0,0,0,0,0,0,0.0,0.0,0.0,0.0,0.0
085E,08,5E,0,483,3,480,165,315,inf,0.006211180124223602,0.9937888198757764,0.3416149068322981,0.6521739130434783
085F,08,5F,0,0,0,0,0,0,0.0,0.0,0.0,0.0,0.0
085G,08,5G,0,0,0,0,0,0,0.0,0.0,0.0,0.0,0.0
085H,08,5H,0,0,0,0,0,0,0.0,0.0,0.0,0.0,0.0
085I,08,5I,0,557,3,554,120,434,inf,0.005385996409335727,0.9946140035906643,0.21543985637342908,0.7791741472172352
085J,08,5J,0,471,1,470,111,359,inf,0.0021231422505307855,0.9978768577494692,0.2356687898089172,0.7622080679405521
085K,08,5K,0,485,0,485,146,339,inf,0.0,1.0,0.30103092783505153,0.6989690721649484
085L,08,5L,0,0,0,0,0,0,0.0,0.0,0.0,0.0,0.0
085M,08,5M,0,0,0,0,0,0,0.0,0.0,0.0,0.0,0.0
085N,08,5N,0,491,0,491,122,369,inf,0.0,1.0,0.2484725050916497,0.7515274949083504
085P,08,5P,0,0,0,0,0,0,0.0,0.0,0.0,0.0,0.0
085Q,08,5Q,0,524,0,524,151,373,inf,0.0,1.0,0.2881679389312977,0.7118320610687023
085R,08,5R,0,0,0,0,0,0,0.0,0.0,0.0,0.0,0.0
085S,08,5S,0,355,0,355,86,269,inf,0.0,1.0,0.24225352112676057,0.7577464788732394
085T,08,5T,0,443,0,443,139,304,inf,0.0,1.0,0.31376975169300225,0.6862302483069977
085U,08,5U,0,304,1,303,99,204,inf,0.003289473684210526,0.9967105263157895,0.3256578947368421,0.6710526315789473
085V,08,5V,0,0,0,0,0,0,0.0,0.0,0.0,0.0,0.0
085W,08,5W,0,0,0,0,0,0,0.0,0.0,0.0,0.0,0.0
085X,08,5X,0,0,0,0,0,0,0.0,0.0,0.0,0.0,0.0
085Y,08,5Y,0,0,0,0,0,0,0.0,0.0,0.0,0.0,0.0
085Z,08,5Z,0,444,3,441,147,294,inf,0.006756756756756757,0.9932432432432432,0.3310810810810811,0.6621621621621622
086A,08,6A,0,452,4,448,120,328,inf,0.008849557522123894,0.9911504424778761,0.26548672566371684,0.7256637168141593
086AA,08,6AA,0,0,0,0,0,0,0.0,0.0,0.0,0.0,0.0
086B,08,6B,0,451,2,449,99,350,inf,0.004434589800443459,0.9955654101995566,0.21951219512195122,0.7760532150776053
086C,08,6C,0,0,0,0,0,0,0.0,0.0,0.0,0.0,0.0
086D,08,6D,0,512,12,500,115,385,inf,0.0234375,0.9765625,0.224609375,0.751953125
086E,08,6E,0,479,0,479,96,383,inf,0.0,1.0,0.20041753653444677,0.7995824634655533
086F,08,6F,0,0,0,0,0,0,0.0,0.0,0.0,0.0,0.0
086G,08,6G,0,430,1,429,103,326,inf,0.002325581395348837,0.9976744186046511,0.23953488372093024,0.7581395348837209
086H,08,6H,0,0,0,0,0,0,0.0,0.0,0.0,0.0,0.0
086I,08,6I,0,0,0,0,0,0,0.0,0.0,0.0,0.0,0.0
086J,08,6J,0,502,1,501,126,375,inf,0.00199203187250996,0.99800796812749,0.250996015936255,0.7470119521912351
086K,08,6K,0,0,0,0,0,0,0.0,0.0,0.0,0.0,0.0
086L,08,6L,0,0,0,0,0,0,0.0,0.0,0.0,0.0,0.0
086M,08,6M,0,502,1,501,90,411,inf,0.00199203187250996,0.99800796812749,0.17928286852589642,0.8187250996015937
086N,08,6N,0,380,0,380,87,293,inf,0.0,1.0,0.22894736842105262,0.7710526315789473
086P,08,6P,0,416,0,416,117,299,inf,0.0,1.0,0.28125,0.71875
086Q,08,6Q,0,0,0,0,0,0,0.0,0.0,0.0,0.0,0.0
086R,08,6R,0,0,0,0,0,0,0.0,0.0,0.0,0.0,0.0
086S,08,6S,0,0,0,0,0,0,0.0,0.0,0.0,0.0,0.0
086T,08,6T,0,426,0,426,95,331,inf,0.0,1.0,0.22300469483568075,0.7769953051643192
086U,08,6U,0,0,0,0,0,0,0.0,0.0,0.0,0.0,0.0
086V,08,6V,0,0,0,0,0,0,0.0,0.0,0.0,0.0,0.0
086W,08,6W,0,0,0,0,0,0,0.0,0.0,0.0,0.0,0.0
086X,08,6X,0,436,2,434,137,297,inf,0.0045871559633027525,0.9954128440366973,0.31422018348623854,0.6811926605504587
086Y,08,6Y,0,0,0,0,0,0,0.0,0.0,0.0,0.0,0.0
086Z,08,6Z,0,371,1,370,80,290,inf,0.0026954177897574125,0.9973045822102425,0.215633423180593,0.7816711590296496
09101,09,101,644,211,1,210,178,32,0.327639751552795,0.004739336492890996,0.995260663507109,0.8436018957345972,0.15165876777251186
09102,09,102,801,183,0,183,122,61,0.22846441947565543,0.0,1.0,0.6666666666666666,0.3333333333333333
09103,09,103,842,187,1,186,138,48,0.22209026128266032,0.0053475935828877,0.9946524064171123,0.7379679144385026,0.25668449197860965
09104,09,104,739,170,0,170,134,36,0.23004059539918809,0.0,1.0,0.788235294117647,0.21176470588235294
09105,09,105,617,152,0,152,109,43,0.24635332252836303,0.0,1.0,0.7171052631578947,0.28289473684210525
09106,09,106,784,190,0,190,159,31,0.2423469387755102,0.0,1.0,0.8368421052631579,0.1631578947368421
09107,09,107,699,161,0,161,123,38,0.23032904148783978,0.0,1.0,0.7639751552795031,0.2360248447204969
09108,09,108,821,193,2,191,152,39,0.2350791717417783,0.010362694300518135,0.9896373056994818,0.7875647668393783,0.20207253886010362
09109,09,109,782,212,1,211,164,47,0.2710997442455243,0.0047169811320754715,0.9952830188679245,0.7735849056603774,0.22169811320754718
09110,09,110,835,164,1,163,111,52,0.19640718562874251,0.006097560975609756,0.9939024390243902,0.676829268292683,0.3170731707317073
09111,09,111,603,139,0,139,123,16,0.23051409618573798,0.0,1.0,0.8848920863309353,0.11510791366906475
09112,09,112,834,176,0,176,140,36,0.21103117505995203,0.0,1.0,0.7954545454545454,0.20454545454545456
09113,09,113,930,238,0,238,182,56,0.25591397849462366,0.0,1.0,0.7647058823529411,0.23529411764705882
09114,09,114,748,166,3,163,113,50,0.22192513368983957,0.018072289156626505,0.9819277108433735,0.6807228915662651,0.30120481927710846
09115,09,115,534,62,1,61,21,40,0.11610486891385768,0.016129032258064516,0.9838709677419355,0.3387096774193548,0.6451612903225806
09116,09,116,777,102,0,102,48,54,0.13127413127413126,0.0,1.0,0.47058823529411764,0.5294117647058824
09117,09,117,725,96,0,96,49,47,0.13241379310344828,0.0,1.0,0.5104166666666666,0.4895833333333333
09118,09,118,930,148,2,146,84,62,0.15913978494623657,0.013513513513513514,0.9864864864864865,0.5675675675675675,0.4189189189189189
09119,09,119,904,202,0,202,106,96,0.2234513274336283,0.0,1.0,0.5247524752475248,0.4752475247524752
09120,09,120,718,140,0,140,84,56,0.19498607242339833,0.0,1.0,0.6,0.4
09121,09,121,876,178,0,178,136,42,0.20319634703196346,0.0,1.0,0.7640449438202247,0.23595505617977527
09122,09,122,792,149,0,149,105,44,0.18813131313131312,0.0,1.0,0.7046979865771812,0.2953020134228188
09123,09,123,926,140,0,140,70,70,0.1511879049676026,0.0,1.0,0.5,0.5
09124,09,124,875,103,0,103,46,57,0.11771428571428572,0.0,1.0,0.44660194174757284,0.5533980582524272
09125,09,125,929,167,1,166,72,94,0.1797631862217438,0.005988023952095809,0.9940119760479041,0.4311377245508982,0.562874251497006
09126,09,126,876,203,0,203,134,69,0.2317351598173516,0.0,1.0,0.6600985221674877,0.3399014778325123
09127,09,127,978,180,0,180,100,80,0.18404907975460122,0.0,1.0,0.5555555555555556,0.4444444444444444
09128,09,128,932,179,0,179,73,106,0.19206008583690987,0.0,1.0,0.40782122905027934,0.5921787709497207
09129,09,129,858,187,0,187,112,75,0.21794871794871795,0.0,1.0,0.5989304812834224,0.40106951871657753
09130,09,130,931,242,0,242,134,108,0.25993555316863587,0.0,1.0,0.5537190082644629,0.4462809917355372
09131,09,131,1015,163,0,163,100,63,0.1605911330049261,0.0,1.0,0.6134969325153374,0.38650306748466257
09132,09,132,859,170,0,170,65,105,0.1979045401629802,0.0,1.0,0.38235294117647056,0.6176470588235294
09133,09,133,981,156,0,156,50,106,0.15902140672782875,0.0,1.0,0.32051282051282054,0.6794871794871795
09134,09,134,766,172,1,171,115,56,0.2245430809399478,0.005813953488372093,0.9941860465116279,0.6686046511627907,0.32558139534883723
09135,09,135,758,121,0,121,59,62,0.15963060686015831,0.0,1.0,0.48760330578512395,0.512396694214876
09136,09,136,808,159,0,159,90,69,0.1967821782178218,0.0,1.0,0.5660377358490566,0.4339622641509434
09137,09,137,774,135,0,135,62,73,0.1744186046511628,0.0,1.0,0.45925925925925926,0.5407407407407407
09138,09,138,666,105,1,104,68,36,0.15765765765765766,0.009523809523809525,0.9904761904761905,0.6476190476190476,0.34285714285714286
09139,09,139,982,225,1,224,140,84,0.22912423625254583,0.0044444444444444444,0.9955555555555555,0.6222222222222222,0.37333333333333335
09140,09,140,1045,214,2,212,139,73,0.20478468899521532,0.009345794392523364,0.9906542056074766,0.6495327102803738,0.3411214953271028
09141,09,141,597,105,0,105,42,63,0.17587939698492464,0.0,1.0,0.4,0.6
09142,09,142,840,120,0,120,53,67,0.14285714285714285,0.0,1.0,0.44166666666666665,0.5583333333333333
09143,09,143,979,192,0,192,106,86,0.1961184882533197,0.0,1.0,0.5520833333333334,0.4479166666666667
09201,09,201,907,131,1,130,67,63,0.1444321940463065,0.007633587786259542,0.9923664122137404,0.5114503816793893,0.48091603053435117
09202,09,202,890,169,1,168,71,97,0.1898876404494382,0.005917159763313609,0.9940828402366864,0.42011834319526625,0.5739644970414202
09203,09,203,782,98,0,98,45,53,0.12531969309462915,0.0,1.0,0.45918367346938777,0.5408163265306123
09204,09,204,910,192,0,192,113,79,0.210989010989011,0.0,1.0,0.5885416666666666,0.4114583333333333
09205,09,205,888,212,0,212,63,149,0.23873873873873874,0.0,1.0,0.2971698113207547,0.7028301886792453
09206,09,206,809,144,1,143,43,100,0.17799752781211373,0.006944444444444444,0.9930555555555556,0.2986111111111111,0.6944444444444444
09207,09,207,889,176,0,176,36,140,0.19797525309336333,0.0,1.0,0.20454545454545456,0.7954545454545454
09208,09,208,790,135,3,132,46,86,0.17088607594936708,0.022222222222222223,0.9777777777777777,0.34074074074074073,0.6370370370370371
09209,09,209,809,149,0,149,61,88,0.1841779975278121,0.0,1.0,0.40939597315436244,0.5906040268456376
09210,09,210,705,134,0,134,31,103,0.1900709219858156,0.0,1.0,0.23134328358208955,0.7686567164179104
09211,09,211,1161,245,0,245,149,96,0.21102497846683893,0.0,1.0,0.6081632653061224,0.39183673469387753
09212,09,212,943,195,1,194,48,146,0.2067868504772004,0.005128205128205128,0.9948717948717949,0.24615384615384617,0.7487179487179487
09213,09,213,982,212,1,211,86,125,0.2158859470468432,0.0047169811320754715,0.9952830188679245,0.4056603773584906,0.589622641509434
09214,09,214,685,149,0,149,61,88,0.21751824817518248,0.0,1.0,0.40939597315436244,0.5906040268456376
09215,09,215,727,184,1,183,77,106,0.2530949105914718,0.005434782608695652,0.9945652173913043,0.41847826086956524,0.5760869565217391
09216,09,216,861,220,0,220,113,107,0.25551684088269455,0.0,1.0,0.5136363636363637,0.4863636363636364
09217,09,217,999,232,0,232,105,127,0.23223223223223224,0.0,1.0,0.4525862068965517,0.5474137931034483
09218,09,218,1032,169,1,168,89,79,0.16375968992248063,0.005917159763313609,0.9940828402366864,0.5266272189349113,0.46745562130177515
09219,09,219,629,97,0,97,71,26,0.15421303656597773,0.0,1.0,0.7319587628865979,0.26804123711340205
09220,09,220,871,145,0,145,77,68,0.16647531572904709,0.0,1.0,0.5310344827586206,0.4689655172413793
09221,09,221,653,110,0,110,84,26,0.16845329249617153,0.0,1.0,0.7636363636363637,0.23636363636363636
09222,09,222,615,97,0,97,57,40,0.15772357723577235,0.0,1.0,0.5876288659793815,0.41237113402061853
09223,09,223,818,154,0,154,68,86,0.1882640586797066,0.0,1.0,0.44155844155844154,0.5584415584415584
09224,09,224,931,209,0,209,102,107,0.22448979591836735,0.0,1.0,0.4880382775119617,0.5119617224880383
09225,09,225,770,153,0,153,101,52,0.1987012987012987,0.0,1.0,0.6601307189542484,0.33986928104575165
09226,09,226,827,196,0,196,103,93,0.2370012091898428,0.0,1.0,0.5255102040816326,0.4744897959183674
09227,09,227,856,159,1,158,111,47,0.18574766355140188,0.006289308176100629,0.9937106918238994,0.6981132075471698,0.29559748427672955
09228,09,228,809,137,0,137,83,54,0.16934487021013597,0.0,1.0,0.6058394160583942,0.39416058394160586
09229,09,229,816,129,0,129,80,49,0.15808823529411764,0.0,1.0,0.6201550387596899,0.3798449612403101
09230,09,230,863,199,0,199,119,80,0.23059096176129779,0.0,1.0,0.5979899497487438,0.4020100502512563
09231,09,231,764,127,1,126,71,55,0.1662303664921466,0.007874015748031496,0.9921259842519685,0.5590551181102362,0.4330708661417323
09232,09,232,1012,162,0,162,60,102,0.1600790513833992,0.0,1.0,0.37037037037037035,0.6296296296296297
09233,09,233,1045,176,0,176,106,70,0.16842105263157894,0.0,1.0,0.6022727272727273,0.3977272727272727
09234,09,234,1032,130,0,130,71,59,0.12596899224806202,0.0,1.0,0.5461538461538461,0.45384615384615384
09235,09,235,898,198,0,198,118,80,0.22048997772828507,0.0,1.0,0.5959595959595959,0.40404040404040403
09236,09,236,925,143,1,142,73,69,0.1545945945945946,0.006993006993006993,0.993006993006993,0.5104895104895105,0.4825174825174825
09237,09,237,859,176,1,175,89,86,0.2048894062863795,0.005681818181818182,0.9943181818181818,0.5056818181818182,0.48863636363636365
09238,09,238,990,163,0,163,60,103,0.16464646464646465,0.0,1.0,0.36809815950920244,0.6319018404907976
09239,09,239,900,232,0,232,93,139,0.2577777777777778,0.0,1.0,0.40086206896551724,0.5991379310344828
09240,09,240,785,93,0,93,31,62,0.11847133757961784,0.0,1.0,0.3333333333333333,0.6666666666666666
09241,09,241,1039,155,0,155,69,86,0.14918190567853706,0.0,1.0,0.44516129032258067,0.5548387096774193
09301,09,301,996,313,0,313,89,224,0.3142570281124498,0.0,1.0,0.28434504792332266,0.7156549520766773
09302,09,302,856,143,2,141,63,78,0.16705607476635514,0.013986013986013986,0.986013986013986,0.4405594405594406,0.5454545454545454
09303,09,303,1068,182,2,180,91,89,0.1704119850187266,0.01098901098901099,0.989010989010989,0.5,0.489010989010989
09304,09,304,880,164,0,164,45,119,0.18636363636363637,0.0,1.0,0.27439024390243905,0.725609756097561
09305,09,305,802,186,0,186,63,123,0.23192019950124687,0.0,1.0,0.3387096774193548,0.6612903225806451
09306,09,306,872,176,1,175,85,90,0.2018348623853211,0.005681818181818182,0.9943181818181818,0.48295454545454547,0.5113636363636364
09307,09,307,747,126,0,126,64,62,0.1686746987951807,0.0,1.0,0.5079365079365079,0.49206349206349204
09308,09,308,892,215,2,213,100,113,0.24103139013452915,0.009302325581395349,0.9906976744186047,0.46511627906976744,0.5255813953488372
09309,09,309,940,195,2,193,95,98,0.2074468085106383,0.010256410256410256,0.9897435897435898,0.48717948717948717,0.5025641025641026
09310,09,310,904,153,0,153,67,86,0.16924778761061948,0.0,1.0,0.43790849673202614,0.5620915032679739
09311,09,311,872,166,1,165,67,98,0.19036697247706422,0.006024096385542169,0.9939759036144579,0.4036144578313253,0.5903614457831325
09312,09,312,843,165,0,165,76,89,0.19572953736654805,0.0,1.0,0.46060606060606063,0.5393939393939394
09313,09,313,767,113,1,112,34,78,0.14732724902216426,0.008849557522123894,0.9911504424778761,0.3008849557522124,0.6902654867256637
09314,09,314,693,107,1,106,51,55,0.1544011544011544,0.009345794392523364,0.9906542056074766,0.4766355140186916,0.514018691588785
09315,09,315,783,148,0,148,84,64,0.18901660280970625,0.0,1.0,0.5675675675675675,0.43243243243243246
09316,09,316,1065,202,0,202,106,96,0.18967136150234742,0.0,1.0,0.5247524752475248,0.4752475247524752
09317,09,317,903,139,0,139,38,101,0.1539313399778516,0.0,1.0,0.2733812949640288,0.7266187050359713
09318,09,318,760,152,0,152,44,108,0.2,0.0,1.0,0.2894736842105263,0.7105263157894737
09319,09,319,907,207,0,207,43,164,0.22822491730981256,0.0,1.0,0.20772946859903382,0.7922705314009661
09320,09,320,924,180,0,180,45,135,0.19480519480519481,0.0,1.0,0.25,0.75
09321,09,321,747,167,1,166,49,117,0.22356091030789826,0.005988023952095809,0.9940119760479041,0.2934131736526946,0.7005988023952096
09322,09,322,916,194,1,193,67,126,0.21179039301310043,0.005154639175257732,0.9948453608247423,0.34536082474226804,0.6494845360824743
09323,09,323,841,204,0,204,59,145,0.24256837098692033,0.0,1.0,0.28921568627450983,0.7107843137254902
09324,09,324,857,213,0,213,60,153,0.2485414235705951,0.0,1.0,0.28169014084507044,0.7183098591549296
09325,09,325,857,256,0,256,68,188,0.29871645274212366,0.0,1.0,0.265625,0.734375
09326,09,326,1087,249,0,249,71,178,0.22907083716651333,0.0,1.0,0.285140562248996,0.714859437751004
09327,09,327,873,219,1,218,44,174,0.2508591065292096,0.0045662100456621,0.9954337899543378,0.2009132420091324,0.7945205479452054
09328,09,328,805,170,0,170,48,122,0.2111801242236025,0.0,1.0,0.2823529411764706,0.7176470588235294
09329,09,329,734,121,0,121,21,100,0.164850136239782,0.0,1.0,0.17355371900826447,0.8264462809917356
09330,09,330,743,101,0,101,14,87,0.13593539703903096,0.0,1.0,0.13861386138613863,0.8613861386138614
09331,09,331,798,69,0,69,15,54,0.08646616541353383,0.0,1.0,0.21739130434782608,0.782608695652174
09332,09,332,1084,76,1,75,20,55,0.07011070110701106,0.013157894736842105,0.9868421052631579,0.2631578947368421,0.7236842105263158
09333,09,333,807,170,0,170,25,145,0.21065675340768278,0.0,1.0,0.14705882352941177,0.8529411764705882
09334,09,334,767,126,0,126,25,101,0.16427640156453716,0.0,1.0,0.1984126984126984,0.8015873015873016
09335,09,335,858,238,0,238,45,193,0.2773892773892774,0.0,1.0,0.18907563025210083,0.8109243697478992
09336,09,336,1053,197,0,197,34,163,0.18708452041785376,0.0,1.0,0.17258883248730963,0.8274111675126904
09337,09,337,880,190,1,189,32,157,0.2159090909090909,0.005263157894736842,0.9947368421052631,0.16842105263157894,0.8263157894736842
09338,09,338,744,114,1,113,23,90,0.1532258064516129,0.008771929824561403,0.9912280701754386,0.20175438596491227,0.7894736842105263
09339,09,339,887,69,0,69,12,57,0.0777903043968433,0.0,1.0,0.17391304347826086,0.8260869565217391
09340,09,340,798,88,0,88,14,74,0.11027568922305764,0.0,1.0,0.1590909090909091,0.8409090909090909
09341,09,341,887,135,0,135,26,109,0.15219842164599776,0.0,1.0,0.1925925925925926,0.8074074074074075
09401,09,401,1071,246,0,246,64,182,0.22969187675070027,0.0,1.0,0.2601626016260163,0.7398373983739838
09402,09,402,1189,280,0,280,96,184,0.23549201009251472,0.0,1.0,0.34285714285714286,0.6571428571428571
09403,09,403,1018,218,0,218,35,183,0.21414538310412573,0.0,1.0,0.16055045871559634,0.8394495412844036
09404,09,404,837,151,0,151,39,112,0.18040621266427717,0.0,1.0,0.2582781456953642,0.7417218543046358
09405,09,405,810,166,0,166,33,133,0.20493827160493827,0.0,1.0,0.19879518072289157,0.8012048192771084
09406,09,406,793,198,0,198,46,152,0.24968474148802017,0.0,1.0,0.23232323232323232,0.7676767676767676
09407,09,407,866,227,0,227,58,169,0.26212471131639725,0.0,1.0,0.2555066079295154,0.7444933920704846
09408,09,408,857,166,0,166,39,127,0.19369894982497082,0.0,1.0,0.23493975903614459,0.7650602409638554
09409,09,409,792,216,0,216,63,153,0.2727272727272727,0.0,1.0,0.2916666666666667,0.7083333333333334
09410,09,410,715,158,0,158,48,110,0.22097902097902097,0.0,1.0,0.3037974683544304,0.6962025316455697
09411,09,411,399,143,0,143,32,111,0.3583959899749373,0.0,1.0,0.22377622377622378,0.7762237762237763
09412,09,412,882,242,1,241,71,170,0.2743764172335601,0.004132231404958678,0.9958677685950413,0.29338842975206614,0.7024793388429752
09413,09,413,772,274,0,274,68,206,0.3549222797927461,0.0,1.0,0.24817518248175183,0.7518248175182481
09414,09,414,754,138,1,137,48,89,0.1830238726790451,0.007246376811594203,0.9927536231884058,0.34782608695652173,0.644927536231884
09415,09,415,922,196,1,195,66,129,0.21258134490238612,0.00510204081632653,0.9948979591836735,0.336734693877551,0.6581632653061225
09416,09,416,895,224,0,224,82,142,0.25027932960893856,0.0,1.0,0.36607142857142855,0.6339285714285714
09417,09,417,1465,254,0,254,94,160,0.17337883959044367,0.0,1.0,0.3700787401574803,0.6299212598425197
09418,09,418,1451,306,0,306,166,140,0.21088904203997244,0.0,1.0,0.5424836601307189,0.45751633986928103
09419,09,419,829,160,1,159,45,114,0.19300361881785283,0.00625,0.99375,0.28125,0.7125
09420,09,420,802,121,0,121,48,73,0.15087281795511223,0.0,1.0,0.39669421487603307,0.6033057851239669
09421,09,421,754,119,0,119,52,67,0.15782493368700265,0.0,1.0,0.4369747899159664,0.5630252100840336
09422,09,422,764,157,0,157,85,72,0.2054973821989529,0.0,1.0,0.5414012738853503,0.4585987261146497
09423,09,423,846,173,0,173,80,93,0.2044917257683215,0.0,1.0,0.4624277456647399,0.5375722543352601
09424,09,424,887,99,0,99,41,58,0.11161217587373168,0.0,1.0,0.41414141414141414,0.5858585858585859
09425,09,425,917,145,1,144,35,109,0.15812431842966193,0.006896551724137931,0.993103448275862,0.2413793103448276,0.7517241379310344
09426,09,426,897,187,0,187,100,87,0.2084726867335563,0.0,1.0,0.5347593582887701,0.46524064171123
09427,09,427,760,173,0,173,101,72,0.22763157894736843,0.0,1.0,0.5838150289017341,0.4161849710982659
09428,09,428,906,168,0,168,89,79,0.18543046357615894,0.0,1.0,0.5297619047619048,0.47023809523809523
09429,09,429,975,175,0,175,85,90,0.1794871794871795,0.0,1.0,0.4857142857142857,0.5142857142857142
09430,09,430,879,140,0,140,68,72,0.15927189988623436,0.0,1.0,0.4857142857142857,0.5142857142857142
09431,09,431,1240,236,0,236,110,126,0.19032258064516128,0.0,1.0,0.4661016949152542,0.5338983050847458
09432,09,432,865,200,0,200,113,87,0.23121387283236994,0.0,1.0,0.565,0.435
09433,09,433,897,190,0,190,93,97,0.21181716833890746,0.0,1.0,0.48947368421052634,0.5105263157894737
09434,09,434,1041,138,0,138,55,83,0.13256484149855907,0.0,1.0,0.39855072463768115,0.6014492753623188
09435,09,435,867,129,0,129,65,64,0.14878892733564014,0.0,1.0,0.5038759689922481,0.49612403100775193
09436,09,436,946,230,2,228,116,112,0.24312896405919662,0.008695652173913044,0.991304347826087,0.5043478260869565,0.48695652173913045
09437,09,437,895,186,0,186,99,87,0.20782122905027933,0.0,1.0,0.532258064516129,0.46774193548387094
09438,09,438,1036,255,0,255,72,183,0.24613899613899615,0.0,1.0,0.2823529411764706,0.7176470588235294
09439,09,439,983,238,2,236,100,136,0.24211597151576805,0.008403361344537815,0.9915966386554622,0.42016806722689076,0.5714285714285714
09440,09,440,836,80,0,80,22,58,0.09569377990430622,0.0,1.0,0.275,0.725
09501,09,501,889,230,1,229,139,90,0.25871766029246346,0.004347826086956522,0.9956521739130435,0.6043478260869565,0.391304347826087
09502,09,502,853,154,1,153,38,115,0.18053927315357562,0.006493506493506494,0.9935064935064936,0.24675324675324675,0.7467532467532467
09503,09,503,888,161,1,160,61,99,0.18130630630630631,0.006211180124223602,0.9937888198757764,0.37888198757763975,0.6149068322981367
09504,09,504,906,165,1,164,48,116,0.18211920529801323,0.006060606060606061,0.9939393939393939,0.2909090909090909,0.703030303030303
09505,09,505,932,133,0,133,40,93,0.1427038626609442,0.0,1.0,0.3007518796992481,0.6992481203007519
09506,09,506,893,145,0,145,34,111,0.1623740201567749,0.0,1.0,0.23448275862068965,0.7655172413793103
09507,09,507,761,157,2,155,49,106,0.20630749014454666,0.012738853503184714,0.9872611464968153,0.31210191082802546,0.6751592356687898
09508,09,508,803,162,1,161,63,98,0.20174346201743462,0.006172839506172839,0.9938271604938271,0.3888888888888889,0.6049382716049383
09509,09,509,1040,184,2,182,47,135,0.17692307692307693,0.010869565217391304,0.9891304347826086,0.2554347826086957,0.7336956521739131
09510,09,510,858,153,2,151,50,101,0.17832167832167833,0.013071895424836602,0.9869281045751634,0.32679738562091504,0.6601307189542484
09511,09,511,889,154,0,154,68,86,0.1732283464566929,0.0,1.0,0.44155844155844154,0.5584415584415584
09512,09,512,859,144,1,143,43,100,0.16763678696158324,0.006944444444444444,0.9930555555555556,0.2986111111111111,0.6944444444444444
09513,09,513,813,125,0,125,50,75,0.15375153751537515,0.0,1.0,0.4,0.6
09514,09,514,770,105,0,105,55,50,0.13636363636363635,0.0,1.0,0.5238095238095238,0.47619047619047616
09515,09,515,848,168,0,168,70,98,0.19811320754716982,0.0,1.0,0.4166666666666667,0.5833333333333334
09516,09,516,951,228,0,228,49,179,0.23974763406940064,0.0,1.0,0.2149122807017544,0.7850877192982456
09517,09,517,900,186,2,184,66,118,0.20666666666666667,0.010752688172043012,0.989247311827957,0.3548387096774194,0.6344086021505376
09518,09,518,950,261,2,259,55,204,0.27473684210526317,0.007662835249042145,0.9923371647509579,0.210727969348659,0.7816091954022989
09519,09,519,928,193,1,192,72,120,0.20797413793103448,0.0051813471502590676,0.9948186528497409,0.37305699481865284,0.6217616580310881
09520,09,520,1096,163,1,162,49,113,0.14872262773722628,0.006134969325153374,0.9938650306748467,0.3006134969325153,0.6932515337423313
09521,09,521,869,148,0,148,33,115,0.17031070195627157,0.0,1.0,0.22297297297297297,0.777027027027027
09522,09,522,902,166,0,166,45,121,0.18403547671840353,0.0,1.0,0.2710843373493976,0.7289156626506024
09523,09,523,951,140,1,139,43,96,0.14721345951629863,0.007142857142857143,0.9928571428571429,0.30714285714285716,0.6857142857142857
09524,09,524,762,182,1,181,56,125,0.2388451443569554,0.005494505494505495,0.9945054945054945,0.3076923076923077,0.6868131868131868
09525,09,525,931,206,0,206,71,135,0.22126745435016112,0.0,1.0,0.3446601941747573,0.6553398058252428
09526,09,526,882,188,0,188,49,139,0.21315192743764172,0.0,1.0,0.26063829787234044,0.7393617021276596
09527,09,527,895,213,2,211,64,147,0.23798882681564246,0.009389671361502348,0.9906103286384976,0.3004694835680751,0.6901408450704225
09528,09,528,967,280,1,279,55,224,0.28955532574974147,0.0035714285714285713,0.9964285714285714,0.19642857142857142,0.8
09529,09,529,915,247,1,246,53,193,0.26994535519125684,0.004048582995951417,0.9959514170040485,0.2145748987854251,0.7813765182186235
09530,09,530,901,233,0,233,42,191,0.2586015538290788,0.0,1.0,0.18025751072961374,0.8197424892703863
09531,09,531,1055,254,1,253,41,212,0.24075829383886255,0.003937007874015748,0.9960629921259843,0.16141732283464566,0.8346456692913385
09532,09,532,829,169,0,169,47,122,0.20386007237635706,0.0,1.0,0.2781065088757396,0.7218934911242604
09533,09,533,798,127,0,127,28,99,0.15914786967418545,0.0,1.0,0.2204724409448819,0.7795275590551181
09601,09,601,830,185,0,185,130,55,0.22289156626506024,0.0,1.0,0.7027027027027027,0.2972972972972973
09602,09,602,836,213,0,213,56,157,0.25478468899521534,0.0,1.0,0.26291079812206575,0.7370892018779343
09603,09,603,927,248,1,247,92,155,0.267529665587918,0.004032258064516129,0.9959677419354839,0.3709677419354839,0.625
09604,09,604,768,178,0,178,68,110,0.23177083333333334,0.0,1.0,0.38202247191011235,0.6179775280898876
09605,09,605,877,173,0,173,100,73,0.19726339794754846,0.0,1.0,0.5780346820809249,0.42196531791907516
09606,09,606,981,230,0,230,93,137,0.2344546381243629,0.0,1.0,0.4043478260869565,0.5956521739130435
09607,09,607,757,112,0,112,31,81,0.14795244385733158,0.0,1.0,0.2767857142857143,0.7232142857142857
09608,09,608,1016,225,0,225,72,153,0.22145669291338582,0.0,1.0,0.32,0.68
09609,09,609,808,121,0,121,41,80,0.14975247524752475,0.0,1.0,0.33884297520661155,0.6611570247933884
09610,09,610,930,205,0,205,105,100,0.22043010752688172,0.0,1.0,0.5121951219512195,0.4878048780487805
09611,09,611,1048,340,1,339,142,197,0.3244274809160305,0.0029411764705882353,0.9970588235294118,0.4176470588235294,0.5794117647058824
09612,09,612,834,225,0,225,95,130,0.2697841726618705,0.0,1.0,0.4222222222222222,0.5777777777777777
09613,09,613,947,217,0,217,109,108,0.22914466737064415,0.0,1.0,0.5023041474654378,0.4976958525345622
09614,09,614,1047,191,1,190,81,109,0.18242597898758356,0.005235602094240838,0.9947643979057592,0.42408376963350786,0.5706806282722513
09615,09,615,826,161,0,161,71,90,0.19491525423728814,0.0,1.0,0.4409937888198758,0.5590062111801242
09616,09,616,861,199,1,198,112,86,0.2311265969802555,0.005025125628140704,0.9949748743718593,0.5628140703517588,0.4321608040201005
09617,09,617,991,197,1,196,88,108,0.1987891019172553,0.005076142131979695,0.9949238578680203,0.4467005076142132,0.5482233502538071
09618,09,618,971,254,0,254,106,148,0.2615859938208033,0.0,1.0,0.41732283464566927,0.5826771653543307
09619,09,619,875,165,1,164,70,94,0.18857142857142858,0.006060606060606061,0.9939393939393939,0.42424242424242425,0.5696969696969697
09620,09,620,1039,239,0,239,113,126,0.2300288739172281,0.0,1.0,0.47280334728033474,0.5271966527196653
09621,09,621,885,162,0,162,88,74,0.18305084745762712,0.0,1.0,0.5432098765432098,0.4567901234567901
09622,09,622,935,277,1,276,163,113,0.2962566844919786,0.0036101083032490976,0.9963898916967509,0.5884476534296029,0.40794223826714804
09623,09,623,977,255,1,254,132,122,0.2610030706243603,0.00392156862745098,0.996078431372549,0.5176470588235295,0.47843137254901963
09624,09,624,987,224,1,223,105,118,0.22695035460992907,0.004464285714285714,0.9955357142857143,0.46875,0.5267857142857143
09625,09,625,852,217,0,217,122,95,0.2546948356807512,0.0,1.0,0.5622119815668203,0.4377880184331797
09626,09,626,937,282,0,282,156,126,0.30096051227321235,0.0,1.0,0.5531914893617021,0.44680851063829785
09627,09,627,962,194,0,194,105,89,0.20166320166320167,0.0,1.0,0.5412371134020618,0.4587628865979381
09628,09,628,824,250,2,248,120,128,0.30339805825242716,0.008,0.992,0.48,0.512
09629,09,629,1046,218,2,216,81,135,0.2084130019120459,0.009174311926605505,0.9908256880733946,0.37155963302752293,0.6192660550458715
09630,09,630,899,237,0,237,64,173,0.26362625139043383,0.0,1.0,0.270042194092827,0.729957805907173
09631,09,631,811,207,0,207,67,140,0.25524044389642414,0.0,1.0,0.32367149758454106,0.6763285024154589
09632,09,632,881,233,0,233,71,162,0.264472190692395,0.0,1.0,0.30472103004291845,0.6952789699570815
09633,09,633,953,268,0,268,97,171,0.2812172088142707,0.0,1.0,0.3619402985074627,0.6380597014925373
09634,09,634,1002,214,0,214,68,146,0.21357285429141717,0.0,1.0,0.3177570093457944,0.6822429906542056
09635,09,635,1460,384,0,384,119,265,0.26301369863013696,0.0,1.0,0.3098958333333333,0.6901041666666666
09636,09,636,994,262,0,262,82,180,0.2635814889336016,0.0,1.0,0.31297709923664124,0.6870229007633588
091A,09,1A,0,515,9,506,399,107,inf,0.017475728155339806,0.9825242718446602,0.7747572815533981,0.20776699029126214
091B,09,1B,0,275,1,274,208,66,inf,0.0036363636363636364,0.9963636363636363,0.7563636363636363,0.24
091C,09,1C,0,364,0,364,277,87,inf,0.0,1.0,0.760989010989011,0.23901098901098902
091D,09,1D,0,299,0,299,230,69,inf,0.0,1.0,0.7692307692307693,0.23076923076923078
091E,09,1E,0,275,2,273,220,53,inf,0.007272727272727273,0.9927272727272727,0.8,0.19272727272727272
091F,09,1F,0,416,0,416,297,119,inf,0.0,1.0,0.7139423076923077,0.2860576923076923
091G,09,1G,0,187,1,186,101,85,inf,0.0053475935828877,0.9946524064171123,0.5401069518716578,0.45454545454545453
091H,09,1H,0,210,1,209,100,109,inf,0.004761904761904762,0.9952380952380953,0.47619047619047616,0.5190476190476191
091I,09,1I,0,222,0,222,125,97,inf,0.0,1.0,0.5630630630630631,0.4369369369369369
091J,09,1J,0,220,1,219,115,104,inf,0.004545454545454545,0.9954545454545455,0.5227272727272727,0.4727272727272727
091K,09,1K,0,230,0,230,101,129,inf,0.0,1.0,0.4391304347826087,0.5608695652173913
091L,09,1L,0,199,3,196,105,91,inf,0.01507537688442211,0.9849246231155779,0.5276381909547738,0.457286432160804
091M,09,1M,0,271,0,271,199,72,inf,0.0,1.0,0.7343173431734318,0.2656826568265683
091N,09,1N,0,294,0,294,168,126,inf,0.0,1.0,0.5714285714285714,0.42857142857142855
091P,09,1P,0,208,1,207,115,92,inf,0.004807692307692308,0.9951923076923077,0.5528846153846154,0.4423076923076923
091Q,09,1Q,0,309,1,308,181,127,inf,0.003236245954692557,0.9967637540453075,0.5857605177993528,0.4110032362459547
091R,09,1R,0,444,8,436,112,324,inf,0.018018018018018018,0.9819819819819819,0.25225225225225223,0.7297297297297297
091S,09,1S,0,346,0,346,257,89,inf,0.0,1.0,0.7427745664739884,0.25722543352601157
091T,09,1T,0,161,0,161,79,82,inf,0.0,1.0,0.4906832298136646,0.5093167701863354
091U,09,1U,0,345,0,345,217,128,inf,0.0,1.0,0.6289855072463768,0.3710144927536232
091V,09,1V,0,243,0,243,123,120,inf,0.0,1.0,0.5061728395061729,0.49382716049382713
092A,09,2A,0,373,0,373,158,215,inf,0.0,1.0,0.42359249329758714,0.5764075067024129
092B,09,2B,0,194,1,193,66,127,inf,0.005154639175257732,0.9948453608247423,0.3402061855670103,0.654639175257732
092C,09,2C,0,307,1,306,85,221,inf,0.003257328990228013,0.996742671009772,0.2768729641693811,0.7198697068403909
092D,09,2D,0,162,2,160,73,87,inf,0.012345679012345678,0.9876543209876543,0.4506172839506173,0.5370370370370371
092E,09,2E,0,325,0,325,147,178,inf,0.0,1.0,0.4523076923076923,0.5476923076923077
092F,09,2F,0,231,0,231,109,122,inf,0.0,1.0,0.47186147186147187,0.5281385281385281
092G,09,2G,0,249,0,249,122,127,inf,0.0,1.0,0.4899598393574297,0.5100401606425703
092H,09,2H,0,388,0,388,153,235,inf,0.0,1.0,0.3943298969072165,0.6056701030927835
092I,09,2I,0,284,7,277,119,158,inf,0.02464788732394366,0.9753521126760564,0.41901408450704225,0.5563380281690141
092J,09,2J,0,245,1,244,134,110,inf,0.004081632653061225,0.9959183673469387,0.5469387755102041,0.4489795918367347
092K,09,2K,0,266,2,264,135,129,inf,0.007518796992481203,0.9924812030075187,0.5075187969924813,0.4849624060150376
092L,09,2L,0,313,0,313,110,203,inf,0.0,1.0,0.3514376996805112,0.6485623003194888
092M,09,2M,0,186,1,185,87,98,inf,0.005376344086021506,0.9946236559139785,0.46774193548387094,0.5268817204301075
092N,09,2N,0,311,1,310,151,159,inf,0.003215434083601286,0.9967845659163987,0.4855305466237942,0.5112540192926045
092P,09,2P,0,261,3,258,163,95,inf,0.011494252873563218,0.9885057471264368,0.6245210727969349,0.36398467432950193
092Q,09,2Q,0,227,3,224,114,110,inf,0.013215859030837005,0.986784140969163,0.5022026431718062,0.4845814977973568
092R,09,2R,0,248,0,248,162,86,inf,0.0,1.0,0.6532258064516129,0.3467741935483871
092S,09,2S,0,174,0,174,112,62,inf,0.0,1.0,0.6436781609195402,0.3563218390804598
092T,09,2T,0,261,0,261,162,99,inf,0.0,1.0,0.6206896551724138,0.3793103448275862
092U,09,2U,0,198,2,196,125,71,inf,0.010101010101010102,0.98989898989899,0.6313131313131313,0.35858585858585856
092V,09,2V,0,211,0,211,137,74,inf,0.0,1.0,0.6492890995260664,0.35071090047393366
093A,09,3A,0,262,0,262,89,173,inf,0.0,1.0,0.33969465648854963,0.6603053435114504
093B,09,3B,0,254,3,251,131,120,inf,0.011811023622047244,0.9881889763779528,0.515748031496063,0.47244094488188976
093C,09,3C,0,251,0,251,115,136,inf,0.0,1.0,0.4581673306772908,0.5418326693227091
093D,09,3D,0,296,1,295,111,184,inf,0.0033783783783783786,0.9966216216216216,0.375,0.6216216216216216
093E,09,3E,0,184,0,184,95,89,inf,0.0,1.0,0.5163043478260869,0.483695652173913
093F,09,3F,0,243,1,242,108,134,inf,0.00411522633744856,0.9958847736625515,0.4444444444444444,0.551440329218107
093G,09,3G,0,239,0,239,132,107,inf,0.0,1.0,0.5523012552301255,0.4476987447698745
093H,09,3H,0,385,1,384,217,167,inf,0.0025974025974025974,0.9974025974025974,0.5636363636363636,0.43376623376623374
093I,09,3I,0,318,0,318,94,224,inf,0.0,1.0,0.29559748427672955,0.7044025157232704
093J,09,3J,0,284,0,284,85,199,inf,0.0,1.0,0.2992957746478873,0.7007042253521126
093K,09,3K,0,335,0,335,104,231,inf,0.0,1.0,0.31044776119402984,0.6895522388059702
093L,09,3L,0,353,0,353,99,254,inf,0.0,1.0,0.2804532577903683,0.7195467422096318
093M,09,3M,0,388,2,386,110,276,inf,0.005154639175257732,0.9948453608247423,0.28350515463917525,0.711340206185567
093N,09,3N,0,281,1,280,82,198,inf,0.0035587188612099642,0.99644128113879,0.2918149466192171,0.7046263345195729
093P,09,3P,0,173,0,173,52,121,inf,0.0,1.0,0.30057803468208094,0.6994219653179191
093Q,09,3Q,0,181,4,177,47,130,inf,0.022099447513812154,0.9779005524861878,0.2596685082872928,0.7182320441988951
093R,09,3R,0,269,5,264,37,227,inf,0.01858736059479554,0.9814126394052045,0.137546468401487,0.8438661710037175
093S,09,3S,0,286,4,282,81,201,inf,0.013986013986013986,0.986013986013986,0.28321678321678323,0.7027972027972028
093T,09,3T,0,187,1,186,38,148,inf,0.0053475935828877,0.9946524064171123,0.20320855614973263,0.7914438502673797
093U,09,3U,0,74,0,74,27,47,inf,0.0,1.0,0.36486486486486486,0.6351351351351351
093V,09,3V,0,144,0,144,28,116,inf,0.0,1.0,0.19444444444444445,0.8055555555555556
094A,09,4A,0,328,0,328,70,258,inf,0.0,1.0,0.21341463414634146,0.7865853658536586
094B,09,4B,0,399,3,396,70,326,inf,0.007518796992481203,0.9924812030075187,0.17543859649122806,0.8170426065162907
094C,09,4C,0,356,0,356,95,261,inf,0.0,1.0,0.26685393258426965,0.7331460674157303
094D,09,4D,0,350,2,348,90,258,inf,0.005714285714285714,0.9942857142857143,0.2571428571428571,0.7371428571428571
094E,09,4E,0,333,3,330,100,230,inf,0.009009009009009009,0.990990990990991,0.3003003003003003,0.6906906906906907
094F,09,4F,0,300,0,300,117,183,inf,0.0,1.0,0.39,0.61
094G,09,4G,0,193,1,192,60,132,inf,0.0051813471502590676,0.9948186528497409,0.31088082901554404,0.6839378238341969
094H,09,4H,0,333,1,332,157,175,inf,0.003003003003003003,0.996996996996997,0.47147147147147145,0.5255255255255256
094I,09,4I,0,363,2,361,149,212,inf,0.005509641873278237,0.9944903581267218,0.41046831955922863,0.5840220385674931
094J,09,4J,0,244,0,244,106,138,inf,0.0,1.0,0.4344262295081967,0.5655737704918032
094K,09,4K,0,362,0,362,179,183,inf,0.0,1.0,0.494475138121547,0.505524861878453
094L,09,4L,0,165,0,165,72,93,inf,0.0,1.0,0.43636363636363634,0.5636363636363636
094M,09,4M,0,173,2,171,86,85,inf,0.011560693641618497,0.9884393063583815,0.49710982658959535,0.4913294797687861
094N,09,4N,0,269,0,269,127,142,inf,0.0,1.0,0.4721189591078067,0.5278810408921933
094P,09,4P,0,194,1,193,123,70,inf,0.005154639175257732,0.9948453608247423,0.634020618556701,0.36082474226804123
094Q,09,4Q,0,355,2,353,182,171,inf,0.005633802816901409,0.9943661971830986,0.5126760563380282,0.48169014084507045
094R,09,4R,0,343,7,336,142,194,inf,0.02040816326530612,0.9795918367346939,0.4139941690962099,0.565597667638484
094S,09,4S,0,319,7,312,159,153,inf,0.0219435736677116,0.9780564263322884,0.49843260188087773,0.47962382445141066
094T,09,4T,0,341,1,340,195,145,inf,0.002932551319648094,0.9970674486803519,0.5718475073313783,0.4252199413489736
094U,09,4U,0,209,0,209,119,90,inf,0.0,1.0,0.569377990430622,0.430622009569378
095A,09,5A,0,221,0,221,129,92,inf,0.0,1.0,0.583710407239819,0.416289592760181
095B,09,5B,0,198,4,194,87,107,inf,0.020202020202020204,0.9797979797979798,0.4393939393939394,0.5404040404040404
095C,09,5C,0,288,0,288,121,167,inf,0.0,1.0,0.4201388888888889,0.5798611111111112
095D,09,5D,0,205,0,205,66,139,inf,0.0,1.0,0.32195121951219513,0.6780487804878049
095E,09,5E,0,322,0,322,105,217,inf,0.0,1.0,0.32608695652173914,0.6739130434782609
095F,09,5F,0,304,0,304,84,220,inf,0.0,1.0,0.27631578947368424,0.7236842105263158
095G,09,5G,0,284,0,284,74,210,inf,0.0,1.0,0.2605633802816901,0.7394366197183099
095H,09,5H,0,351,1,350,87,263,inf,0.002849002849002849,0.9971509971509972,0.24786324786324787,0.7492877492877493
095I,09,5I,0,176,0,176,67,109,inf,0.0,1.0,0.3806818181818182,0.6193181818181818
095J,09,5J,0,364,9,355,98,257,inf,0.024725274725274724,0.9752747252747253,0.2692307692307692,0.7060439560439561
095K,09,5K,0,220,0,220,69,151,inf,0.0,1.0,0.31363636363636366,0.6863636363636364
095L,09,5L,0,189,1,188,68,120,inf,0.005291005291005291,0.9947089947089947,0.35978835978835977,0.6349206349206349
095M,09,5M,0,228,0,228,105,123,inf,0.0,1.0,0.4605263157894737,0.5394736842105263
095N,09,5N,0,213,4,209,70,139,inf,0.018779342723004695,0.9812206572769953,0.3286384976525822,0.6525821596244131
095P,09,5P,0,206,3,203,87,116,inf,0.014563106796116505,0.9854368932038835,0.4223300970873786,0.5631067961165048
095Q,09,5Q,0,287,0,287,191,96,inf,0.0,1.0,0.6655052264808362,0.3344947735191638
095R,09,5R,0,144,0,144,45,99,inf,0.0,1.0,0.3125,0.6875
096A,09,6A,0,370,0,370,138,232,inf,0.0,1.0,0.372972972972973,0.6270270270270271
096B,09,6B,0,323,1,322,108,214,inf,0.0030959752321981426,0.9969040247678018,0.33436532507739936,0.6625386996904025
096C,09,6C,0,293,0,293,148,145,inf,0.0,1.0,0.5051194539249146,0.4948805460750853
096D,09,6D,0,227,0,227,95,132,inf,0.0,1.0,0.4185022026431718,0.5814977973568282
096E,09,6E,0,204,0,204,99,105,inf,0.0,1.0,0.4852941176470588,0.5147058823529411
096F,09,6F,0,287,0,287,136,151,inf,0.0,1.0,0.4738675958188153,0.5261324041811847
096G,09,6G,0,337,0,337,169,168,inf,0.0,1.0,0.5014836795252225,0.49851632047477745
096H,09,6H,0,318,0,318,165,153,inf,0.0,1.0,0.5188679245283019,0.4811320754716981
096I,09,6I,0,334,2,332,138,194,inf,0.005988023952095809,0.9940119760479041,0.41317365269461076,0.5808383233532934
096J,09,6J,0,321,0,321,148,173,inf,0.0,1.0,0.46105919003115264,0.5389408099688473
096K,09,6K,0,221,0,221,91,130,inf,0.0,1.0,0.4117647058823529,0.5882352941176471
096L,09,6L,0,327,0,327,184,143,inf,0.0,1.0,0.5626911314984709,0.43730886850152906
096M,09,6M,0,335,0,335,186,149,inf,0.0,1.0,0.5552238805970149,0.44477611940298506
096N,09,6N,0,260,1,259,112,147,inf,0.0038461538461538464,0.9961538461538462,0.4307692307692308,0.5653846153846154
096P,09,6P,0,375,0,375,113,262,inf,0.0,1.0,0.30133333333333334,0.6986666666666667
096Q,09,6Q,0,354,0,354,123,231,inf,0.0,1.0,0.3474576271186441,0.652542372881356
096R,09,6R,0,397,1,396,127,269,inf,0.0025188916876574307,0.9974811083123426,0.3198992443324937,0.6775818639798489
096S,09,6S,0,287,0,287,101,186,inf,0.0,1.0,0.3519163763066202,0.6480836236933798
10101,10,101,1348,148,0,148,28,120,0.10979228486646884,0.0,1.0,0.1891891891891892,0.8108108108108109
10102,10,102,1344,194,0,194,56,138,0.14434523809523808,0.0,1.0,0.28865979381443296,0.711340206185567
10103,10,103,1172,133,2,131,47,84,0.11348122866894197,0.015037593984962405,0.9849624060150376,0.3533834586466165,0.631578947368421
10104,10,104,1321,179,0,179,40,139,0.13550340651021953,0.0,1.0,0.22346368715083798,0.776536312849162
10105,10,105,1198,186,1,185,40,145,0.15525876460767946,0.005376344086021506,0.9946236559139785,0.21505376344086022,0.7795698924731183
10106,10,106,1219,151,1,150,38,112,0.12387202625102543,0.006622516556291391,0.9933774834437086,0.25165562913907286,0.7417218543046358
10107,10,107,1288,156,0,156,33,123,0.12111801242236025,0.0,1.0,0.21153846153846154,0.7884615384615384
10108,10,108,1301,119,1,118,25,93,0.09146810146041506,0.008403361344537815,0.9915966386554622,0.21008403361344538,0.7815126050420168
10109,10,109,1353,163,0,163,40,123,0.1204730229120473,0.0,1.0,0.24539877300613497,0.754601226993865
10110,10,110,1344,149,0,149,50,99,0.11086309523809523,0.0,1.0,0.33557046979865773,0.6644295302013423
10111,10,111,1135,139,0,139,31,108,0.12246696035242291,0.0,1.0,0.22302158273381295,0.7769784172661871
10112,10,112,1062,119,0,119,30,89,0.1120527306967985,0.0,1.0,0.25210084033613445,0.7478991596638656
10113,10,113,1148,154,2,152,31,121,0.13414634146341464,0.012987012987012988,0.987012987012987,0.2012987012987013,0.7857142857142857
10114,10,114,1582,145,1,144,38,106,0.09165613147914033,0.006896551724137931,0.993103448275862,0.2620689655172414,0.7310344827586207
10115,10,115,1271,170,0,170,34,136,0.13375295043273014,0.0,1.0,0.2,0.8
10116,10,116,1125,132,0,132,30,102,0.11733333333333333,0.0,1.0,0.22727272727272727,0.7727272727272727
10117,10,117,1267,156,1,155,40,115,0.12312549329123915,0.00641025641025641,0.9935897435897436,0.2564102564102564,0.7371794871794872
10118,10,118,1247,258,0,258,52,206,0.20689655172413793,0.0,1.0,0.20155038759689922,0.7984496124031008
10119,10,119,1238,245,0,245,44,201,0.19789983844911146,0.0,1.0,0.17959183673469387,0.8204081632653061
10120,10,120,1149,110,0,110,31,79,0.09573542210617929,0.0,1.0,0.2818181818181818,0.7181818181818181
10121,10,121,1275,189,2,187,51,136,0.14823529411764705,0.010582010582010581,0.9894179894179894,0.2698412698412698,0.7195767195767195
10122,10,122,1235,181,0,181,41,140,0.1465587044534413,0.0,1.0,0.2265193370165746,0.7734806629834254
10123,10,123,1223,156,0,156,35,121,0.12755519215044972,0.0,1.0,0.22435897435897437,0.7756410256410257
10124,10,124,1163,121,0,121,34,87,0.10404127257093723,0.0,1.0,0.2809917355371901,0.71900826446281
10125,10,125,1185,100,0,100,18,82,0.08438818565400844,0.0,1.0,0.18,0.82
10201,10,201,1623,238,0,238,72,166,0.14664202094886014,0.0,1.0,0.3025210084033613,0.6974789915966386
10202,10,202,1300,149,1,148,56,92,0.11461538461538462,0.006711409395973154,0.9932885906040269,0.37583892617449666,0.6174496644295302
10203,10,203,1184,163,1,162,42,120,0.13766891891891891,0.006134969325153374,0.9938650306748467,0.25766871165644173,0.7361963190184049
10204,10,204,1153,142,0,142,29,113,0.12315698178664354,0.0,1.0,0.20422535211267606,0.795774647887324
10205,10,205,1140,134,0,134,36,98,0.11754385964912281,0.0,1.0,0.26865671641791045,0.7313432835820896
10206,10,206,1148,150,0,150,42,108,0.13066202090592335,0.0,1.0,0.28,0.72
10207,10,207,1215,169,0,169,47,122,0.1390946502057613,0.0,1.0,0.2781065088757396,0.7218934911242604
10208,10,208,1299,201,1,200,47,153,0.15473441108545036,0.004975124378109453,0.9950248756218906,0.23383084577114427,0.7611940298507462
10209,10,209,1338,185,0,185,36,149,0.1382660687593423,0.0,1.0,0.1945945945945946,0.8054054054054054
10210,10,210,1367,194,0,194,40,154,0.14191660570592537,0.0,1.0,0.20618556701030927,0.7938144329896907
10211,10,211,1362,242,0,242,60,182,0.1776798825256975,0.0,1.0,0.24793388429752067,0.7520661157024794
10212,10,212,1310,148,1,147,42,105,0.11297709923664122,0.006756756756756757,0.9932432432432432,0.28378378378378377,0.7094594594594594
10213,10,213,1315,168,0,168,45,123,0.12775665399239544,0.0,1.0,0.26785714285714285,0.7321428571428571
10214,10,214,1335,160,1,159,33,126,0.1198501872659176,0.00625,0.99375,0.20625,0.7875
10215,10,215,1319,172,0,172,46,126,0.13040181956027294,0.0,1.0,0.26744186046511625,0.7325581395348837
10216,10,216,1100,157,0,157,54,103,0.14272727272727273,0.0,1.0,0.34394904458598724,0.6560509554140127
10217,10,217,1231,210,0,210,50,160,0.17059301380991065,0.0,1.0,0.23809523809523808,0.7619047619047619
10218,10,218,1156,216,1,215,66,149,0.18685121107266436,0.004629629629629629,0.9953703703703703,0.3055555555555556,0.6898148148148148
10219,10,219,1124,221,0,221,66,155,0.19661921708185054,0.0,1.0,0.2986425339366516,0.7013574660633484
10220,10,220,1163,212,0,212,66,146,0.1822871883061049,0.0,1.0,0.3113207547169811,0.6886792452830188
10221,10,221,1127,215,0,215,54,161,0.19077196095829635,0.0,1.0,0.25116279069767444,0.7488372093023256
10222,10,222,1128,169,1,168,36,132,0.149822695035461,0.005917159763313609,0.9940828402366864,0.21301775147928995,0.7810650887573964
10223,10,223,1123,160,0,160,49,111,0.14247551202137132,0.0,1.0,0.30625,0.69375
10224,10,224,1067,156,0,156,28,128,0.14620431115276475,0.0,1.0,0.1794871794871795,0.8205128205128205
10225,10,225,1197,190,0,190,48,142,0.15873015873015872,0.0,1.0,0.25263157894736843,0.7473684210526316
10226,10,226,1160,156,1,155,37,118,0.13448275862068965,0.00641025641025641,0.9935897435897436,0.23717948717948717,0.7564102564102564
10227,10,227,1141,119,1,118,30,88,0.10429447852760736,0.008403361344537815,0.9915966386554622,0.25210084033613445,0.7394957983193278
10301,10,301,1475,145,0,145,30,115,0.09830508474576272,0.0,1.0,0.20689655172413793,0.7931034482758621
10302,10,302,1438,151,0,151,40,111,0.10500695410292073,0.0,1.0,0.26490066225165565,0.7350993377483444
10303,10,303,1496,136,1,135,28,107,0.09090909090909091,0.007352941176470588,0.9926470588235294,0.20588235294117646,0.7867647058823529
10304,10,304,1232,60,2,58,12,46,0.048701298701298704,0.03333333333333333,0.9666666666666667,0.2,0.7666666666666667
10305,10,305,1369,138,1,137,40,97,0.10080350620891161,0.007246376811594203,0.9927536231884058,0.2898550724637681,0.7028985507246377
10306,10,306,1138,93,0,93,32,61,0.08172231985940245,0.0,1.0,0.34408602150537637,0.6559139784946236
10307,10,307,950,144,0,144,49,95,0.15157894736842106,0.0,1.0,0.3402777777777778,0.6597222222222222
10308,10,308,1323,184,0,184,47,137,0.13907785336356765,0.0,1.0,0.2554347826086957,0.7445652173913043
10309,10,309,1363,158,0,158,31,127,0.11592076302274394,0.0,1.0,0.1962025316455696,0.8037974683544303
10310,10,310,1389,186,0,186,47,139,0.13390928725701945,0.0,1.0,0.25268817204301075,0.7473118279569892
10311,10,311,1315,167,0,167,58,109,0.1269961977186312,0.0,1.0,0.3473053892215569,0.6526946107784432
10312,10,312,1058,85,0,85,29,56,0.08034026465028356,0.0,1.0,0.3411764705882353,0.6588235294117647
10313,10,313,1115,131,1,130,38,92,0.11748878923766816,0.007633587786259542,0.9923664122137404,0.2900763358778626,0.7022900763358778
10314,10,314,983,114,0,114,40,74,0.11597151576805696,0.0,1.0,0.3508771929824561,0.6491228070175439
10315,10,315,1209,178,0,178,44,134,0.14722911497105046,0.0,1.0,0.24719101123595505,0.7528089887640449
10316,10,316,1245,162,0,162,32,130,0.13012048192771083,0.0,1.0,0.19753086419753085,0.8024691358024691
10317,10,317,1213,125,1,124,33,91,0.10305028854080792,0.008,0.992,0.264,0.728
10318,10,318,1179,124,0,124,34,90,0.10517387616624257,0.0,1.0,0.27419354838709675,0.7258064516129032
10319,10,319,1074,82,0,82,20,62,0.07635009310986965,0.0,1.0,0.24390243902439024,0.7560975609756098
10320,10,320,1088,119,1,118,29,89,0.109375,0.008403361344537815,0.9915966386554622,0.24369747899159663,0.7478991596638656
10321,10,321,1382,179,0,179,55,124,0.12952243125904486,0.0,1.0,0.30726256983240224,0.6927374301675978
10322,10,322,1348,157,0,157,33,124,0.11646884272997032,0.0,1.0,0.21019108280254778,0.7898089171974523
10323,10,323,1199,130,1,129,30,99,0.10842368640533778,0.007692307692307693,0.9923076923076923,0.23076923076923078,0.7615384615384615
10324,10,324,1347,182,0,182,41,141,0.13511507052709726,0.0,1.0,0.22527472527472528,0.7747252747252747
10325,10,325,1089,154,1,153,44,109,0.1414141414141414,0.006493506493506494,0.9935064935064936,0.2857142857142857,0.7077922077922078
10326,10,326,1199,234,0,234,61,173,0.195162635529608,0.0,1.0,0.2606837606837607,0.7393162393162394
10327,10,327,1165,214,0,214,63,151,0.18369098712446352,0.0,1.0,0.29439252336448596,0.705607476635514
10401,10,401,1185,158,0,158,62,96,0.13333333333333333,0.0,1.0,0.3924050632911392,0.6075949367088608
10402,10,402,1179,139,0,139,57,82,0.11789652247667515,0.0,1.0,0.41007194244604317,0.5899280575539568
10403,10,403,1177,196,0,196,52,144,0.16652506372132542,0.0,1.0,0.2653061224489796,0.7346938775510204
10404,10,404,1129,178,1,177,50,127,0.15766164747564215,0.0056179775280898875,0.9943820224719101,0.2808988764044944,0.7134831460674157
10405,10,405,1171,146,0,146,46,100,0.1246797608881298,0.0,1.0,0.3150684931506849,0.684931506849315
10406,10,406,1342,209,0,209,64,145,0.1557377049180328,0.0,1.0,0.3062200956937799,0.69377990430622
10407,10,407,734,141,0,141,46,95,0.19209809264305178,0.0,1.0,0.3262411347517731,0.6737588652482269
10408,10,408,733,149,0,149,47,102,0.20327421555252387,0.0,1.0,0.31543624161073824,0.6845637583892618
10409,10,409,1296,183,0,183,46,137,0.1412037037037037,0.0,1.0,0.25136612021857924,0.7486338797814208
10410,10,410,1194,160,0,160,52,108,0.13400335008375208,0.0,1.0,0.325,0.675
10411,10,411,1109,213,0,213,71,142,0.1920649233543733,0.0,1.0,0.3333333333333333,0.6666666666666666
10412,10,412,1221,278,1,277,58,219,0.22768222768222768,0.0035971223021582736,0.9964028776978417,0.20863309352517986,0.7877697841726619
10413,10,413,1242,271,0,271,96,175,0.2181964573268921,0.0,1.0,0.35424354243542433,0.6457564575645757
10414,10,414,1068,254,2,252,51,201,0.23782771535580524,0.007874015748031496,0.9921259842519685,0.20078740157480315,0.7913385826771654
10415,10,415,1075,99,0,99,35,64,0.09209302325581395,0.0,1.0,0.35353535353535354,0.6464646464646465
10416,10,416,1234,354,0,354,78,276,0.28687196110210694,0.0,1.0,0.22033898305084745,0.7796610169491526
10417,10,417,1131,173,2,171,58,113,0.15296198054818744,0.011560693641618497,0.9884393063583815,0.3352601156069364,0.653179190751445
10418,10,418,1204,164,0,164,56,108,0.1362126245847176,0.0,1.0,0.34146341463414637,0.6585365853658537
10419,10,419,1233,202,0,202,70,132,0.16382806163828062,0.0,1.0,0.3465346534653465,0.6534653465346535
10420,10,420,1321,292,1,291,72,219,0.2210446631339894,0.003424657534246575,0.9965753424657534,0.2465753424657534,0.75
10421,10,421,1350,331,0,331,114,217,0.24518518518518517,0.0,1.0,0.34441087613293053,0.6555891238670695
10422,10,422,821,124,0,124,70,54,0.1510353227771011,0.0,1.0,0.5645161290322581,0.43548387096774194
10423,10,423,1027,228,0,228,65,163,0.22200584225900682,0.0,1.0,0.2850877192982456,0.7149122807017544
10424,10,424,733,220,0,220,76,144,0.30013642564802184,0.0,1.0,0.34545454545454546,0.6545454545454545
10425,10,425,1166,245,0,245,82,163,0.21012006861063465,0.0,1.0,0.3346938775510204,0.6653061224489796
10426,10,426,1073,336,1,335,106,229,0.3131407269338304,0.002976190476190476,0.9970238095238095,0.31547619047619047,0.6815476190476191
10427,10,427,1137,295,0,295,105,190,0.2594547053649956,0.0,1.0,0.3559322033898305,0.6440677966101694
10428,10,428,1051,229,2,227,70,157,0.21788772597526165,0.008733624454148471,0.9912663755458515,0.3056768558951965,0.6855895196506551
10429,10,429,1104,253,1,252,77,175,0.22916666666666666,0.003952569169960474,0.9960474308300395,0.30434782608695654,0.691699604743083
10430,10,430,1041,239,0,239,61,178,0.22958693563880883,0.0,1.0,0.25523012552301255,0.7447698744769874
10431,10,431,1179,250,1,249,75,174,0.21204410517387617,0.004,0.996,0.3,0.696
10501,10,501,1188,273,2,271,39,232,0.2297979797979798,0.007326007326007326,0.9926739926739927,0.14285714285714285,0.8498168498168498
10502,10,502,1217,250,3,247,62,185,0.20542317173377156,0.012,0.988,0.248,0.74
10503,10,503,1216,236,0,236,55,181,0.19407894736842105,0.0,1.0,0.2330508474576271,0.7669491525423728
10504,10,504,1222,315,3,312,84,228,0.25777414075286414,0.009523809523809525,0.9904761904761905,0.26666666666666666,0.7238095238095238
10505,10,505,1174,320,0,320,80,240,0.272572402044293,0.0,1.0,0.25,0.75
10506,10,506,1222,367,0,367,116,251,0.30032733224222585,0.0,1.0,0.31607629427792916,0.6839237057220708
10507,10,507,1310,244,0,244,87,157,0.18625954198473282,0.0,1.0,0.35655737704918034,0.6434426229508197
10508,10,508,1031,276,2,274,101,173,0.2677012609117362,0.007246376811594203,0.9927536231884058,0.36594202898550726,0.6268115942028986
10509,10,509,1204,221,0,221,60,161,0.18355481727574752,0.0,1.0,0.27149321266968324,0.7285067873303167
10510,10,510,980,202,0,202,67,135,0.20612244897959184,0.0,1.0,0.3316831683168317,0.6683168316831684
10511,10,511,1137,258,0,258,95,163,0.22691292875989447,0.0,1.0,0.3682170542635659,0.6317829457364341
10512,10,512,1137,284,1,283,82,201,0.2497801231310466,0.0035211267605633804,0.9964788732394366,0.2887323943661972,0.7077464788732394
10513,10,513,1159,257,0,257,63,194,0.22174288179465057,0.0,1.0,0.245136186770428,0.754863813229572
10514,10,514,1090,218,0,218,73,145,0.2,0.0,1.0,0.3348623853211009,0.6651376146788991
10515,10,515,1052,248,1,247,44,203,0.23574144486692014,0.004032258064516129,0.9959677419354839,0.1774193548387097,0.8185483870967742
10516,10,516,1084,280,0,280,49,231,0.25830258302583026,0.0,1.0,0.175,0.825
10517,10,517,1068,261,0,261,57,204,0.2443820224719101,0.0,1.0,0.21839080459770116,0.7816091954022989
10518,10,518,1058,261,0,261,61,200,0.24669187145557656,0.0,1.0,0.23371647509578544,0.7662835249042146
10519,10,519,1063,287,0,287,62,225,0.2699905926622766,0.0,1.0,0.21602787456445993,0.7839721254355401
10520,10,520,1137,291,2,289,61,228,0.2559366754617414,0.006872852233676976,0.993127147766323,0.20962199312714777,0.7835051546391752
10521,10,521,1085,202,2,200,39,161,0.18617511520737326,0.009900990099009901,0.9900990099009901,0.19306930693069307,0.7970297029702971
10522,10,522,1048,222,0,222,37,185,0.21183206106870228,0.0,1.0,0.16666666666666666,0.8333333333333334
10523,10,523,1053,220,1,219,81,138,0.20892687559354226,0.004545454545454545,0.9954545454545455,0.36818181818181817,0.6272727272727273
10524,10,524,1038,288,0,288,54,234,0.2774566473988439,0.0,1.0,0.1875,0.8125
10525,10,525,1053,307,1,306,50,256,0.29154795821462487,0.003257328990228013,0.996742671009772,0.16286644951140064,0.8338762214983714
10526,10,526,1033,286,1,285,71,214,0.27686350435624396,0.0034965034965034965,0.9965034965034965,0.24825174825174826,0.7482517482517482
10527,10,527,1141,296,0,296,93,203,0.25942156003505695,0.0,1.0,0.3141891891891892,0.6858108108108109
10528,10,528,1155,268,0,268,68,200,0.23203463203463204,0.0,1.0,0.2537313432835821,0.746268656716418
10529,10,529,1070,228,0,228,53,175,0.2130841121495327,0.0,1.0,0.2324561403508772,0.7675438596491229
10530,10,530,1228,248,0,248,76,172,0.20195439739413681,0.0,1.0,0.3064516129032258,0.6935483870967742
10601,10,601,1283,141,1,140,26,114,0.10989867498051442,0.0070921985815602835,0.9929078014184397,0.18439716312056736,0.8085106382978723
10602,10,602,1296,167,0,167,43,124,0.12885802469135801,0.0,1.0,0.25748502994011974,0.7425149700598802
10603,10,603,1249,138,2,136,38,98,0.11048839071257005,0.014492753623188406,0.9855072463768116,0.2753623188405797,0.7101449275362319
10604,10,604,1353,186,1,185,45,140,0.13747228381374724,0.005376344086021506,0.9946236559139785,0.24193548387096775,0.7526881720430108
10605,10,605,1384,220,1,219,60,159,0.15895953757225434,0.004545454545454545,0.9954545454545455,0.2727272727272727,0.7227272727272728
10606,10,606,1234,166,0,166,56,110,0.13452188006482982,0.0,1.0,0.3373493975903614,0.6626506024096386
10607,10,607,1242,180,0,180,51,129,0.14492753623188406,0.0,1.0,0.2833333333333333,0.7166666666666667
10608,10,608,1274,144,0,144,37,107,0.1130298273155416,0.0,1.0,0.2569444444444444,0.7430555555555556
10609,10,609,1232,187,0,187,54,133,0.15178571428571427,0.0,1.0,0.2887700534759358,0.7112299465240641
10610,10,610,1121,154,0,154,46,108,0.13737734165923282,0.0,1.0,0.2987012987012987,0.7012987012987013
10611,10,611,1112,172,1,171,41,130,0.15467625899280577,0.005813953488372093,0.9941860465116279,0.23837209302325582,0.7558139534883721
10612,10,612,896,106,0,106,35,71,0.11830357142857142,0.0,1.0,0.330188679245283,0.6698113207547169
10613,10,613,1249,183,0,183,59,124,0.1465172137710168,0.0,1.0,0.3224043715846995,0.6775956284153005
10614,10,614,1266,130,0,130,37,93,0.10268562401263823,0.0,1.0,0.2846153846153846,0.7153846153846154
10615,10,615,1231,264,2,262,72,190,0.21445978878960195,0.007575757575757576,0.9924242424242424,0.2727272727272727,0.7196969696969697
10616,10,616,1107,287,1,286,88,198,0.25925925925925924,0.003484320557491289,0.9965156794425087,0.30662020905923343,0.6898954703832753
10617,10,617,1124,304,0,304,77,227,0.2704626334519573,0.0,1.0,0.2532894736842105,0.7467105263157895
10618,10,618,1114,208,1,207,56,151,0.1867145421903052,0.004807692307692308,0.9951923076923077,0.2692307692307692,0.7259615384615384
10619,10,619,1088,244,2,242,67,175,0.22426470588235295,0.00819672131147541,0.9918032786885246,0.27459016393442626,0.7172131147540983
10620,10,620,1111,290,0,290,70,220,0.26102610261026105,0.0,1.0,0.2413793103448276,0.7586206896551724
10621,10,621,1142,178,0,178,28,150,0.15586690017513136,0.0,1.0,0.15730337078651685,0.8426966292134831
10622,10,622,1170,160,2,158,29,129,0.13675213675213677,0.0125,0.9875,0.18125,0.80625
10623,10,623,1188,129,0,129,27,102,0.10858585858585859,0.0,1.0,0.20930232558139536,0.7906976744186046
10624,10,624,990,65,0,65,15,50,0.06565656565656566,0.0,1.0,0.23076923076923078,0.7692307692307693
10625,10,625,1145,123,1,122,37,85,0.10742358078602621,0.008130081300813009,0.991869918699187,0.3008130081300813,0.6910569105691057
10626,10,626,1243,202,0,202,48,154,0.16251005631536605,0.0,1.0,0.2376237623762376,0.7623762376237624
101A,10,1A,0,379,0,379,122,257,inf,0.0,1.0,0.32189973614775724,0.6781002638522428
101B,10,1B,0,0,0,0,0,0,0.0,0.0,0.0,0.0,0.0
101C,10,1C,0,376,0,376,93,283,inf,0.0,1.0,0.2473404255319149,0.7526595744680851
101D,10,1D,0,0,0,0,0,0,0.0,0.0,0.0,0.0,0.0
101E,10,1E,0,538,2,536,164,372,inf,0.0037174721189591076,0.9962825278810409,0.3048327137546468,0.6914498141263941
101F,10,1F,0,0,0,0,0,0,0.0,0.0,0.0,0.0,0.0
101G,10,1G,0,359,0,359,109,250,inf,0.0,1.0,0.30362116991643456,0.6963788300835655
101H,10,1H,0,0,0,0,0,0,0.0,0.0,0.0,0.0,0.0
101J,10,1J,0,460,2,458,160,298,inf,0.004347826086956522,0.9956521739130435,0.34782608695652173,0.6478260869565218
101K,10,1K,0,0,0,0,0,0,0.0,0.0,0.0,0.0,0.0
101L,10,1L,0,415,1,414,109,305,inf,0.0024096385542168677,0.9975903614457832,0.26265060240963856,0.7349397590361446
101M,10,1M,0,0,0,0,0,0,0.0,0.0,0.0,0.0,0.0
102A,10,2A,0,558,1,557,188,369,inf,0.0017921146953405018,0.9982078853046595,0.33691756272401435,0.6612903225806451
102B,10,2B,0,0,0,0,0,0,0.0,0.0,0.0,0.0,0.0
102C,10,2C,0,376,0,376,123,253,inf,0.0,1.0,0.3271276595744681,0.6728723404255319
102D,10,2D,0,0,0,0,0,0,0.0,0.0,0.0,0.0,0.0
102E,10,2E,0,329,0,329,85,244,inf,0.0,1.0,0.25835866261398177,0.7416413373860182
102F,10,2F,0,0,0,0,0,0,0.0,0.0,0.0,0.0,0.0
102G,10,2G,0,424,1,423,138,285,inf,0.0023584905660377358,0.9976415094339622,0.32547169811320753,0.6721698113207547
102H,10,2H,0,0,0,0,0,0,0.0,0.0,0.0,0.0,0.0
102J,10,2J,0,322,0,322,119,203,inf,0.0,1.0,0.3695652173913043,0.6304347826086957
102K,10,2K,0,0,0,0,0,0,0.0,0.0,0.0,0.0,0.0
102L,10,2L,0,436,0,436,122,314,inf,0.0,1.0,0.2798165137614679,0.7201834862385321
102M,10,2M,0,0,0,0,0,0,0.0,0.0,0.0,0.0,0.0
102N,10,2N,0,295,1,294,86,208,inf,0.003389830508474576,0.9966101694915255,0.29152542372881357,0.7050847457627119
102P,10,2P,0,0,0,0,0,0,0.0,0.0,0.0,0.0,0.0
102Q,10,2Q,0,414,2,412,130,282,inf,0.004830917874396135,0.9951690821256038,0.3140096618357488,0.6811594202898551
102R,10,2R,0,0,0,0,0,0,0.0,0.0,0.0,0.0,0.0
102S,10,2S,0,504,0,504,139,365,inf,0.0,1.0,0.2757936507936508,0.7242063492063492
102T,10,2T,0,0,0,0,0,0,0.0,0.0,0.0,0.0,0.0
103A,10,3A,0,337,4,333,101,232,inf,0.011869436201780416,0.9881305637982196,0.2997032640949555,0.6884272997032641
103B,10,3B,0,0,0,0,0,0,0.0,0.0,0.0,0.0,0.0
103C,10,3C,0,317,1,316,126,190,inf,0.0031545741324921135,0.9968454258675079,0.39747634069400634,0.5993690851735016
103D,10,3D,0,0,0,0,0,0,0.0,0.0,0.0,0.0,0.0
103E,10,3E,0,486,1,485,175,310,inf,0.00205761316872428,0.9979423868312757,0.360082304526749,0.6378600823045267
103F,10,3F,0,0,0,0,0,0,0.0,0.0,0.0,0.0,0.0
103G,10,3G,0,382,1,381,119,262,inf,0.002617801047120419,0.9973821989528796,0.31151832460732987,0.6858638743455497
103H,10,3H,0,0,0,0,0,0,0.0,0.0,0.0,0.0,0.0
103J,10,3J,0,246,0,246,75,171,inf,0.0,1.0,0.3048780487804878,0.6951219512195121
103K,10,3K,0,0,0,0,0,0,0.0,0.0,0.0,0.0,0.0
103L,10,3L,0,554,3,551,197,354,inf,0.005415162454873646,0.9945848375451264,0.3555956678700361,0.6389891696750902
103M,10,3M,0,0,0,0,0,0,0.0,0.0,0.0,0.0,0.0
103N,10,3N,0,564,2,562,158,404,inf,0.0035460992907801418,0.9964539007092199,0.2801418439716312,0.7163120567375887
103P,10,3P,0,0,0,0,0,0,0.0,0.0,0.0,0.0,0.0
104A,10,4A,0,392,0,392,156,236,inf,0.0,1.0,0.3979591836734694,0.6020408163265306
104B,10,4B,0,0,0,0,0,0,0.0,0.0,0.0,0.0,0.0
104C,10,4C,0,192,1,191,72,119,inf,0.005208333333333333,0.9947916666666666,0.375,0.6197916666666666
104D,10,4D,0,0,0,0,0,0,0.0,0.0,0.0,0.0,0.0
104E,10,4E,0,425,0,425,111,314,inf,0.0,1.0,0.2611764705882353,0.7388235294117647
104F,10,4F,0,0,0,0,0,0,0.0,0.0,0.0,0.0,0.0
104G,10,4G,0,428,0,428,149,279,inf,0.0,1.0,0.34813084112149534,0.6518691588785047
104H,10,4H,0,0,0,0,0,0,0.0,0.0,0.0,0.0,0.0
104J,10,4J,0,538,0,538,145,393,inf,0.0,1.0,0.2695167286245353,0.7304832713754646
104K,10,4K,0,0,0,0,0,0,0.0,0.0,0.0,0.0,0.0
104L,10,4L,0,474,1,473,141,332,inf,0.002109704641350211,0.9978902953586498,0.2974683544303797,0.70042194092827
104M,10,4M,0,0,0,0,0,0,0.0,0.0,0.0,0.0,0.0
104N,10,4N,0,530,0,530,158,372,inf,0.0,1.0,0.2981132075471698,0.7018867924528301
104P,10,4P,0,0,0,0,0,0,0.0,0.0,0.0,0.0,0.0
104Q,10,4Q,0,582,3,579,176,403,inf,0.005154639175257732,0.9948453608247423,0.3024054982817869,0.6924398625429553
104R,10,4R,0,0,0,0,0,0,0.0,0.0,0.0,0.0,0.0
104S,10,4S,0,425,0,425,149,276,inf,0.0,1.0,0.35058823529411764,0.6494117647058824
104T,10,4T,0,0,0,0,0,0,0.0,0.0,0.0,0.0,0.0
104V,10,4V,0,508,0,508,165,343,inf,0.0,1.0,0.3248031496062992,0.6751968503937008
104W,10,4W,0,0,0,0,0,0,0.0,0.0,0.0,0.0,0.0
104X,10,4X,0,532,0,532,140,392,inf,0.0,1.0,0.2631578947368421,0.7368421052631579
104Y,10,4Y,0,0,0,0,0,0,0.0,0.0,0.0,0.0,0.0
104ZA,10,4ZA,0,414,1,413,127,286,inf,0.0024154589371980675,0.9975845410628019,0.30676328502415456,0.6908212560386473
104ZB,10,4ZB,0,0,0,0,0,0,0.0,0.0,0.0,0.0,0.0
104ZC,10,4ZC,0,193,0,193,58,135,inf,0.0,1.0,0.3005181347150259,0.6994818652849741
105A,10,5A,0,551,3,548,158,390,inf,0.0054446460980036296,0.9945553539019963,0.2867513611615245,0.7078039927404719
105B,10,5B,0,0,0,0,0,0,0.0,0.0,0.0,0.0,0.0
105C,10,5C,0,612,0,612,154,458,inf,0.0,1.0,0.25163398692810457,0.7483660130718954
105D,10,5D,0,0,0,0,0,0,0.0,0.0,0.0,0.0,0.0
105E,10,5E,0,461,0,461,153,308,inf,0.0,1.0,0.3318872017353579,0.6681127982646421
105F,10,5F,0,0,0,0,0,0,0.0,0.0,0.0,0.0,0.0
105G,10,5G,0,502,1,501,179,322,inf,0.00199203187250996,0.99800796812749,0.3565737051792829,0.6414342629482072
105H,10,5H,0,0,0,0,0,0,0.0,0.0,0.0,0.0,0.0
105J,10,5J,0,438,1,437,128,309,inf,0.00228310502283105,0.997716894977169,0.2922374429223744,0.7054794520547946
105K,10,5K,0,0,0,0,0,0,0.0,0.0,0.0,0.0,0.0
105L,10,5L,0,391,0,391,116,275,inf,0.0,1.0,0.2966751918158568,0.7033248081841432
105M,10,5M,0,0,0,0,0,0,0.0,0.0,0.0,0.0,0.0
105N,10,5N,0,513,0,513,170,343,inf,0.0,1.0,0.3313840155945419,0.6686159844054581
105P,10,5P,0,0,0,0,0,0,0.0,0.0,0.0,0.0,0.0
105Q,10,5Q,0,467,0,467,119,348,inf,0.0,1.0,0.25481798715203424,0.7451820128479657
105R,10,5R,0,0,0,0,0,0,0.0,0.0,0.0,0.0,0.0
105S,10,5S,0,435,1,434,100,334,inf,0.0022988505747126436,0.9977011494252873,0.22988505747126436,0.767816091954023
105T,10,5T,0,0,0,0,0,0,0.0,0.0,0.0,0.0,0.0
105V,10,5V,0,462,0,462,111,351,inf,0.0,1.0,0.24025974025974026,0.7597402597402597
105W,10,5W,0,0,0,0,0,0,0.0,0.0,0.0,0.0,0.0
105X,10,5X,0,485,0,485,126,359,inf,0.0,1.0,0.2597938144329897,0.7402061855670103
105Y,10,5Y,0,0,0,0,0,0,0.0,0.0,0.0,0.0,0.0
105ZA,10,5ZA,0,498,0,498,127,371,inf,0.0,1.0,0.25502008032128515,0.7449799196787149
105ZB,10,5ZB,0,0,0,0,0,0,0.0,0.0,0.0,0.0,0.0
105ZC,10,5ZC,0,436,0,436,95,341,inf,0.0,1.0,0.21788990825688073,0.7821100917431193
105ZD,10,5ZD,0,0,0,0,0,0,0.0,0.0,0.0,0.0,0.0
105ZE,10,5ZE,0,501,0,501,148,353,inf,0.0,1.0,0.2954091816367265,0.7045908183632734
105ZF,10,5ZF,0,0,0,0,0,0,0.0,0.0,0.0,0.0,0.0
105ZG,10,5ZG,0,463,1,462,129,333,inf,0.0021598272138228943,0.9978401727861771,0.2786177105831533,0.7192224622030238
105ZH,10,5ZH,0,0,0,0,0,0,0.0,0.0,0.0,0.0,0.0
106A,10,6A,0,445,0,445,149,296,inf,0.0,1.0,0.3348314606741573,0.6651685393258427
106B,10,6B,0,0,0,0,0,0,0.0,0.0,0.0,0.0,0.0
106C,10,6C,0,549,0,549,170,379,inf,0.0,1.0,0.30965391621129323,0.6903460837887068
106D,10,6D,0,0,0,0,0,0,0.0,0.0,0.0,0.0,0.0
106E,10,6E,0,405,2,403,141,262,inf,0.0049382716049382715,0.9950617283950617,0.34814814814814815,0.6469135802469136
106F,10,6F,0,0,0,0,0,0,0.0,0.0,0.0,0.0,0.0
106G,10,6G,0,473,1,472,159,313,inf,0.0021141649048625794,0.9978858350951374,0.3361522198731501,0.6617336152219874
106H,10,6H,0,0,0,0,0,0,0.0,0.0,0.0,0.0,0.0
106J,10,6J,0,537,1,536,182,354,inf,0.00186219739292365,0.9981378026070763,0.33891992551210426,0.659217877094972
106K,10,6K,0,0,0,0,0,0,0.0,0.0,0.0,0.0,0.0
106L,10,6L,0,465,0,465,122,343,inf,0.0,1.0,0.2623655913978495,0.7376344086021506
106M,10,6M,0,0,0,0,0,0,0.0,0.0,0.0,0.0,0.0
106N,10,6N,0,348,0,348,108,240,inf,0.0,1.0,0.3103448275862069,0.6896551724137931
106P,10,6P,0,0,0,0,0,0,0.0,0.0,0.0,0.0,0.0
106Q,10,6Q,0,206,1,205,67,138,inf,0.0048543689320388345,0.9951456310679612,0.32524271844660196,0.6699029126213593
11101,11,101,1024,177,0,177,38,139,0.1728515625,0.0,1.0,0.21468926553672316,0.7853107344632768
11102,11,102,1118,289,1,288,61,227,0.2584973166368515,0.0034602076124567475,0.9965397923875432,0.21107266435986158,0.7854671280276817
11103,11,103,1464,324,0,324,89,235,0.22131147540983606,0.0,1.0,0.27469135802469136,0.7253086419753086
11104,11,104,989,198,0,198,42,156,0.20020222446916078,0.0,1.0,0.21212121212121213,0.7878787878787878
11105,11,105,828,209,0,209,52,157,0.2524154589371981,0.0,1.0,0.24880382775119617,0.7511961722488039
11106,11,106,1001,142,0,142,37,105,0.14185814185814186,0.0,1.0,0.2605633802816901,0.7394366197183099
11107,11,107,927,118,0,118,32,86,0.1272923408845739,0.0,1.0,0.2711864406779661,0.7288135593220338
11108,11,108,988,71,0,71,13,58,0.07186234817813765,0.0,1.0,0.18309859154929578,0.8169014084507042
11109,11,109,1086,171,0,171,30,141,0.1574585635359116,0.0,1.0,0.17543859649122806,0.8245614035087719
11110,11,110,920,88,0,88,17,71,0.09565217391304348,0.0,1.0,0.19318181818181818,0.8068181818181818
11111,11,111,1106,158,0,158,36,122,0.14285714285714285,0.0,1.0,0.22784810126582278,0.7721518987341772
11112,11,112,892,150,1,149,32,117,0.1681614349775785,0.006666666666666667,0.9933333333333333,0.21333333333333335,0.78
11113,11,113,963,156,0,156,45,111,0.16199376947040497,0.0,1.0,0.28846153846153844,0.7115384615384616
11114,11,114,649,70,0,70,11,59,0.10785824345146379,0.0,1.0,0.15714285714285714,0.8428571428571429
11115,11,115,675,108,0,108,25,83,0.16,0.0,1.0,0.23148148148148148,0.7685185185185185
11116,11,116,855,163,1,162,48,114,0.19064327485380117,0.006134969325153374,0.9938650306748467,0.294478527607362,0.6993865030674846
11117,11,117,861,136,0,136,33,103,0.15795586527293845,0.0,1.0,0.2426470588235294,0.7573529411764706
11118,11,118,922,147,0,147,34,113,0.1594360086767896,0.0,1.0,0.23129251700680273,0.7687074829931972
11119,11,119,926,116,1,115,36,79,0.12526997840172785,0.008620689655172414,0.9913793103448276,0.3103448275862069,0.6810344827586207
11120,11,120,827,93,0,93,24,69,0.1124546553808948,0.0,1.0,0.25806451612903225,0.7419354838709677
11121,11,121,780,126,0,126,37,89,0.16153846153846155,0.0,1.0,0.29365079365079366,0.7063492063492064
11122,11,122,930,112,3,109,31,78,0.12043010752688173,0.026785714285714284,0.9732142857142857,0.2767857142857143,0.6964285714285714
11123,11,123,913,116,1,115,27,88,0.12705366922234393,0.008620689655172414,0.9913793103448276,0.23275862068965517,0.7586206896551724
11124,11,124,1097,228,2,226,59,167,0.20783956244302643,0.008771929824561403,0.9912280701754386,0.25877192982456143,0.7324561403508771
11125,11,125,1015,89,1,88,19,69,0.08768472906403942,0.011235955056179775,0.9887640449438202,0.21348314606741572,0.7752808988764045
11126,11,126,857,128,0,128,24,104,0.14935822637106183,0.0,1.0,0.1875,0.8125
11127,11,127,941,156,0,156,32,124,0.16578108395324123,0.0,1.0,0.20512820512820512,0.7948717948717948
11128,11,128,845,65,0,65,18,47,0.07692307692307693,0.0,1.0,0.27692307692307694,0.7230769230769231
11129,11,129,999,88,0,88,16,72,0.08808808808808809,0.0,1.0,0.18181818181818182,0.8181818181818182
11130,11,130,881,122,1,121,27,94,0.13847900113507378,0.00819672131147541,0.9918032786885246,0.22131147540983606,0.7704918032786885
11131,11,131,769,140,0,140,48,92,0.18205461638491546,0.0,1.0,0.34285714285714286,0.6571428571428571
11132,11,132,930,160,0,160,45,115,0.17204301075268819,0.0,1.0,0.28125,0.71875
11133,11,133,837,163,1,162,45,117,0.19474313022700118,0.006134969325153374,0.9938650306748467,0.27607361963190186,0.7177914110429447
11134,11,134,768,92,0,92,13,79,0.11979166666666667,0.0,1.0,0.14130434782608695,0.8586956521739131
11135,11,135,1193,187,0,187,46,141,0.1567476948868399,0.0,1.0,0.24598930481283424,0.7540106951871658
11136,11,136,804,119,1,118,19,99,0.1480099502487562,0.008403361344537815,0.9915966386554622,0.15966386554621848,0.8319327731092437
11201,11,201,904,130,1,129,34,95,0.14380530973451328,0.007692307692307693,0.9923076923076923,0.26153846153846155,0.7307692307692307
11202,11,202,998,134,0,134,28,106,0.1342685370741483,0.0,1.0,0.208955223880597,0.7910447761194029
11203,11,203,1021,122,1,121,25,96,0.11949069539666993,0.00819672131147541,0.9918032786885246,0.20491803278688525,0.7868852459016393
11204,11,204,878,89,0,89,21,68,0.10136674259681093,0.0,1.0,0.23595505617977527,0.7640449438202247
11205,11,205,986,158,0,158,37,121,0.16024340770791076,0.0,1.0,0.23417721518987342,0.7658227848101266
11206,11,206,929,124,0,124,33,91,0.13347685683530677,0.0,1.0,0.2661290322580645,0.7338709677419355
11207,11,207,839,95,0,95,15,80,0.11323003575685339,0.0,1.0,0.15789473684210525,0.8421052631578947
11208,11,208,1107,243,0,243,72,171,0.21951219512195122,0.0,1.0,0.2962962962962963,0.7037037037037037
11209,11,209,1043,273,2,271,73,198,0.26174496644295303,0.007326007326007326,0.9926739926739927,0.2673992673992674,0.7252747252747253
11210,11,210,939,164,0,164,32,132,0.17465388711395102,0.0,1.0,0.1951219512195122,0.8048780487804879
11211,11,211,911,246,0,246,79,167,0.270032930845225,0.0,1.0,0.32113821138211385,0.6788617886178862
11212,11,212,849,212,0,212,58,154,0.2497055359246172,0.0,1.0,0.27358490566037735,0.7264150943396226
11213,11,213,742,99,0,99,48,51,0.1334231805929919,0.0,1.0,0.48484848484848486,0.5151515151515151
11214,11,214,873,85,0,85,30,55,0.09736540664375716,0.0,1.0,0.35294117647058826,0.6470588235294118
11215,11,215,966,191,0,191,33,158,0.19772256728778467,0.0,1.0,0.17277486910994763,0.8272251308900523
11216,11,216,1096,279,1,278,86,192,0.2545620437956204,0.0035842293906810036,0.996415770609319,0.30824372759856633,0.6881720430107527
11217,11,217,1003,243,0,243,70,173,0.24227318045862412,0.0,1.0,0.2880658436213992,0.7119341563786008
11218,11,218,777,123,0,123,33,90,0.1583011583011583,0.0,1.0,0.2682926829268293,0.7317073170731707
11219,11,219,894,122,1,121,29,92,0.13646532438478748,0.00819672131147541,0.9918032786885246,0.23770491803278687,0.7540983606557377
11220,11,220,921,225,0,225,53,172,0.24429967426710097,0.0,1.0,0.23555555555555555,0.7644444444444445
11221,11,221,1028,153,0,153,54,99,0.14883268482490272,0.0,1.0,0.35294117647058826,0.6470588235294118
11222,11,222,1016,208,1,207,90,117,0.2047244094488189,0.004807692307692308,0.9951923076923077,0.4326923076923077,0.5625
11223,11,223,858,150,0,150,49,101,0.17482517482517482,0.0,1.0,0.32666666666666666,0.6733333333333333
11224,11,224,866,217,2,215,83,132,0.25057736720554274,0.009216589861751152,0.9907834101382489,0.3824884792626728,0.6082949308755761
11225,11,225,887,183,0,183,59,124,0.20631341600901917,0.0,1.0,0.3224043715846995,0.6775956284153005
11226,11,226,1116,244,0,244,95,149,0.21863799283154123,0.0,1.0,0.38934426229508196,0.610655737704918
11227,11,227,947,149,0,149,57,92,0.1573389651531151,0.0,1.0,0.3825503355704698,0.6174496644295302
11228,11,228,968,186,2,184,50,134,0.1921487603305785,0.010752688172043012,0.989247311827957,0.26881720430107525,0.7204301075268817
11229,11,229,1039,258,0,258,151,107,0.24831568816169394,0.0,1.0,0.5852713178294574,0.41472868217054265
11230,11,230,870,164,0,164,53,111,0.18850574712643678,0.0,1.0,0.3231707317073171,0.676829268292683
11231,11,231,1086,176,0,176,64,112,0.16206261510128914,0.0,1.0,0.36363636363636365,0.6363636363636364
11232,11,232,1524,239,1,238,89,149,0.1568241469816273,0.0041841004184100415,0.99581589958159,0.3723849372384937,0.6234309623430963
11233,11,233,933,154,0,154,45,109,0.16505894962486603,0.0,1.0,0.2922077922077922,0.7077922077922078
11234,11,234,846,124,2,122,40,82,0.14657210401891252,0.016129032258064516,0.9838709677419355,0.3225806451612903,0.6612903225806451
11301,11,301,1050,149,1,148,64,84,0.1419047619047619,0.006711409395973154,0.9932885906040269,0.42953020134228187,0.5637583892617449
11302,11,302,1018,132,0,132,66,66,0.12966601178781925,0.0,1.0,0.5,0.5
11303,11,303,935,135,1,134,49,85,0.1443850267379679,0.007407407407407408,0.9925925925925926,0.362962962962963,0.6296296296296297
11304,11,304,912,108,1,107,50,57,0.11842105263157894,0.009259259259259259,0.9907407407407407,0.46296296296296297,0.5277777777777778
11305,11,305,967,174,2,172,69,103,0.17993795243019647,0.011494252873563218,0.9885057471264368,0.39655172413793105,0.5919540229885057
11306,11,306,1035,167,0,167,75,92,0.16135265700483092,0.0,1.0,0.4491017964071856,0.5508982035928144
11307,11,307,997,199,1,198,85,113,0.1995987963891675,0.005025125628140704,0.9949748743718593,0.4271356783919598,0.5678391959798995
11308,11,308,966,141,0,141,62,79,0.14596273291925466,0.0,1.0,0.4397163120567376,0.5602836879432624
11309,11,309,954,147,0,147,53,94,0.1540880503144654,0.0,1.0,0.36054421768707484,0.6394557823129252
11310,11,310,1035,120,1,119,48,71,0.11594202898550725,0.008333333333333333,0.9916666666666667,0.4,0.5916666666666667
11311,11,311,1190,193,2,191,53,138,0.16218487394957984,0.010362694300518135,0.9896373056994818,0.27461139896373055,0.7150259067357513
11312,11,312,1164,179,0,179,52,127,0.15378006872852235,0.0,1.0,0.2905027932960894,0.7094972067039106
11313,11,313,1194,136,0,136,66,70,0.11390284757118928,0.0,1.0,0.4852941176470588,0.5147058823529411
11314,11,314,977,111,0,111,32,79,0.11361310133060389,0.0,1.0,0.2882882882882883,0.7117117117117117
11315,11,315,934,118,0,118,38,80,0.12633832976445397,0.0,1.0,0.3220338983050847,0.6779661016949152
11316,11,316,861,168,3,165,75,90,0.1951219512195122,0.017857142857142856,0.9821428571428571,0.44642857142857145,0.5357142857142857
11317,11,317,880,129,0,129,50,79,0.14659090909090908,0.0,1.0,0.3875968992248062,0.6124031007751938
11318,11,318,988,103,0,103,52,51,0.10425101214574899,0.0,1.0,0.5048543689320388,0.49514563106796117
11319,11,319,813,79,0,79,27,52,0.0971709717097171,0.0,1.0,0.34177215189873417,0.6582278481012658
11320,11,320,1021,174,0,174,63,111,0.17042115572967678,0.0,1.0,0.3620689655172414,0.6379310344827587
11321,11,321,914,124,0,124,41,83,0.13566739606126915,0.0,1.0,0.33064516129032256,0.6693548387096774
11322,11,322,789,123,2,121,46,75,0.155893536121673,0.016260162601626018,0.983739837398374,0.37398373983739835,0.6097560975609756
11323,11,323,963,113,0,113,66,47,0.11734164070612668,0.0,1.0,0.584070796460177,0.415929203539823
11324,11,324,724,152,2,150,98,52,0.20994475138121546,0.013157894736842105,0.9868421052631579,0.6447368421052632,0.34210526315789475
11325,11,325,948,188,0,188,75,113,0.19831223628691982,0.0,1.0,0.39893617021276595,0.601063829787234
11326,11,326,643,158,1,157,86,71,0.24572317262830481,0.006329113924050633,0.9936708860759493,0.5443037974683544,0.44936708860759494
11327,11,327,852,183,0,183,109,74,0.2147887323943662,0.0,1.0,0.5956284153005464,0.40437158469945356
11328,11,328,1166,201,1,200,136,64,0.17238421955403088,0.004975124378109453,0.9950248756218906,0.6766169154228856,0.31840796019900497
11329,11,329,775,105,1,104,50,54,0.13548387096774195,0.009523809523809525,0.9904761904761905,0.47619047619047616,0.5142857142857142
11330,11,330,1010,97,0,97,49,48,0.09603960396039604,0.0,1.0,0.5051546391752577,0.4948453608247423
11331,11,331,958,154,0,154,53,101,0.16075156576200417,0.0,1.0,0.34415584415584416,0.6558441558441559
11332,11,332,894,102,0,102,43,59,0.11409395973154363,0.0,1.0,0.4215686274509804,0.5784313725490197
11333,11,333,921,145,0,145,49,96,0.15743756786102062,0.0,1.0,0.33793103448275863,0.6620689655172414
11334,11,334,664,107,0,107,36,71,0.16114457831325302,0.0,1.0,0.3364485981308411,0.6635514018691588
11335,11,335,810,118,0,118,52,66,0.145679012345679,0.0,1.0,0.4406779661016949,0.559322033898305
11336,11,336,755,156,0,156,45,111,0.20662251655629138,0.0,1.0,0.28846153846153844,0.7115384615384616
11401,11,401,1018,207,0,207,125,82,0.20333988212180745,0.0,1.0,0.6038647342995169,0.3961352657004831
11402,11,402,859,176,1,175,78,97,0.2048894062863795,0.005681818181818182,0.9943181818181818,0.4431818181818182,0.5511363636363636
11403,11,403,979,152,0,152,53,99,0.15526046986721145,0.0,1.0,0.34868421052631576,0.6513157894736842
11404,11,404,922,195,0,195,97,98,0.21149674620390455,0.0,1.0,0.49743589743589745,0.5025641025641026
11405,11,405,985,184,2,182,74,108,0.18680203045685279,0.010869565217391304,0.9891304347826086,0.40217391304347827,0.5869565217391305
11406,11,406,903,155,1,154,54,100,0.1716500553709856,0.0064516129032258064,0.9935483870967742,0.34838709677419355,0.6451612903225806
11407,11,407,988,149,1,148,63,85,0.1508097165991903,0.006711409395973154,0.9932885906040269,0.4228187919463087,0.5704697986577181
11408,11,408,983,148,0,148,75,73,0.150559511698881,0.0,1.0,0.5067567567567568,0.49324324324324326
11409,11,409,970,164,0,164,88,76,0.16907216494845362,0.0,1.0,0.5365853658536586,0.4634146341463415
11410,11,410,1029,153,0,153,72,81,0.14868804664723032,0.0,1.0,0.47058823529411764,0.5294117647058824
11411,11,411,786,124,0,124,67,57,0.15776081424936386,0.0,1.0,0.5403225806451613,0.4596774193548387
11412,11,412,782,194,1,193,94,99,0.24808184143222506,0.005154639175257732,0.9948453608247423,0.4845360824742268,0.5103092783505154
11413,11,413,878,174,0,174,115,59,0.19817767653758542,0.0,1.0,0.6609195402298851,0.3390804597701149
11414,11,414,986,157,1,156,89,67,0.1592292089249493,0.006369426751592357,0.9936305732484076,0.5668789808917197,0.4267515923566879
11415,11,415,702,129,0,129,73,56,0.18376068376068377,0.0,1.0,0.5658914728682171,0.43410852713178294
11416,11,416,1177,251,0,251,177,74,0.21325403568394222,0.0,1.0,0.7051792828685259,0.2948207171314741
11417,11,417,966,219,0,219,126,93,0.2267080745341615,0.0,1.0,0.5753424657534246,0.4246575342465753
11418,11,418,1004,177,2,175,113,62,0.17629482071713148,0.011299435028248588,0.9887005649717514,0.6384180790960452,0.3502824858757062
11419,11,419,918,163,1,162,49,113,0.1775599128540305,0.006134969325153374,0.9938650306748467,0.3006134969325153,0.6932515337423313
11420,11,420,959,153,0,153,85,68,0.15954118873826903,0.0,1.0,0.5555555555555556,0.4444444444444444
11421,11,421,1012,220,0,220,135,85,0.21739130434782608,0.0,1.0,0.6136363636363636,0.38636363636363635
11422,11,422,924,196,1,195,135,60,0.21212121212121213,0.00510204081632653,0.9948979591836735,0.6887755102040817,0.30612244897959184
11423,11,423,832,181,1,180,125,55,0.21754807692307693,0.0055248618784530384,0.994475138121547,0.6906077348066298,0.30386740331491713
11424,11,424,846,133,0,133,107,26,0.15721040189125296,0.0,1.0,0.8045112781954887,0.19548872180451127
11425,11,425,866,145,1,144,90,54,0.1674364896073903,0.006896551724137931,0.993103448275862,0.6206896551724138,0.3724137931034483
11426,11,426,968,213,1,212,144,68,0.22004132231404958,0.004694835680751174,0.9953051643192489,0.676056338028169,0.3192488262910798
11427,11,427,1027,146,0,146,73,73,0.14216163583252192,0.0,1.0,0.5,0.5
11428,11,428,882,149,0,149,56,93,0.1689342403628118,0.0,1.0,0.37583892617449666,0.6241610738255033
11429,11,429,1174,151,0,151,81,70,0.12862010221465076,0.0,1.0,0.5364238410596026,0.46357615894039733
11430,11,430,701,95,0,95,28,67,0.1355206847360913,0.0,1.0,0.29473684210526313,0.7052631578947368
11431,11,431,828,154,0,154,59,95,0.1859903381642512,0.0,1.0,0.38311688311688313,0.6168831168831169
11432,11,432,864,177,2,175,105,70,0.2048611111111111,0.011299435028248588,0.9887005649717514,0.5932203389830508,0.3954802259887006
11433,11,433,839,216,1,215,166,49,0.25744934445768775,0.004629629629629629,0.9953703703703703,0.7685185185185185,0.22685185185185186
11434,11,434,844,152,1,151,65,86,0.18009478672985782,0.006578947368421052,0.993421052631579,0.4276315789473684,0.5657894736842105
11435,11,435,813,255,0,255,202,53,0.31365313653136534,0.0,1.0,0.792156862745098,0.20784313725490197
11436,11,436,1002,296,3,293,234,59,0.2954091816367265,0.010135135135135136,0.9898648648648649,0.7905405405405406,0.19932432432432431
11501,11,501,805,173,0,173,107,66,0.21490683229813665,0.0,1.0,0.6184971098265896,0.3815028901734104
11502,11,502,998,145,0,145,57,88,0.14529058116232466,0.0,1.0,0.3931034482758621,0.6068965517241379
11503,11,503,1020,162,0,162,40,122,0.1588235294117647,0.0,1.0,0.24691358024691357,0.7530864197530864
11504,11,504,845,177,0,177,50,127,0.20946745562130178,0.0,1.0,0.2824858757062147,0.7175141242937854
11505,11,505,812,77,1,76,27,49,0.09482758620689655,0.012987012987012988,0.987012987012987,0.35064935064935066,0.6363636363636364
11506,11,506,953,110,0,110,38,72,0.11542497376705142,0.0,1.0,0.34545454545454546,0.6545454545454545
11507,11,507,1066,217,0,217,138,79,0.20356472795497185,0.0,1.0,0.6359447004608295,0.3640552995391705
11508,11,508,993,225,0,225,127,98,0.22658610271903323,0.0,1.0,0.5644444444444444,0.43555555555555553
11509,11,509,1270,240,2,238,97,141,0.1889763779527559,0.008333333333333333,0.9916666666666667,0.4041666666666667,0.5875
11510,11,510,1145,214,0,214,76,138,0.1868995633187773,0.0,1.0,0.35514018691588783,0.6448598130841121
11511,11,511,940,190,1,189,131,58,0.20212765957446807,0.005263157894736842,0.9947368421052631,0.6894736842105263,0.30526315789473685
11512,11,512,915,165,1,164,101,63,0.18032786885245902,0.006060606060606061,0.9939393939393939,0.6121212121212121,0.38181818181818183
11513,11,513,1015,233,0,233,118,115,0.22955665024630542,0.0,1.0,0.5064377682403434,0.49356223175965663
11514,11,514,1028,205,0,205,111,94,0.19941634241245138,0.0,1.0,0.5414634146341464,0.4585365853658537
11515,11,515,965,217,0,217,90,127,0.22487046632124352,0.0,1.0,0.4147465437788018,0.5852534562211982
11516,11,516,963,145,0,145,56,89,0.1505711318795431,0.0,1.0,0.38620689655172413,0.6137931034482759
11517,11,517,985,170,0,170,132,38,0.17258883248730963,0.0,1.0,0.7764705882352941,0.2235294117647059
11518,11,518,842,191,0,191,118,73,0.22684085510688837,0.0,1.0,0.6178010471204188,0.38219895287958117
11519,11,519,932,161,0,161,74,87,0.17274678111587982,0.0,1.0,0.45962732919254656,0.5403726708074534
11520,11,520,854,130,1,129,58,71,0.1522248243559719,0.007692307692307693,0.9923076923076923,0.4461538461538462,0.5461538461538461
11521,11,521,1022,172,3,169,76,93,0.16829745596868884,0.01744186046511628,0.9825581395348837,0.4418604651162791,0.5406976744186046
11522,11,522,957,133,0,133,45,88,0.13897596656217345,0.0,1.0,0.3383458646616541,0.6616541353383458
11523,11,523,971,211,0,211,141,70,0.21730175077239958,0.0,1.0,0.6682464454976303,0.33175355450236965
11524,11,524,857,186,0,186,145,41,0.21703617269544925,0.0,1.0,0.7795698924731183,0.22043010752688172
11525,11,525,966,255,1,254,194,60,0.2639751552795031,0.00392156862745098,0.996078431372549,0.7607843137254902,0.23529411764705882
11526,11,526,1037,257,0,257,176,81,0.24783027965284474,0.0,1.0,0.6848249027237354,0.3151750972762646
11527,11,527,891,175,0,175,111,64,0.19640852974186307,0.0,1.0,0.6342857142857142,0.3657142857142857
11528,11,528,953,189,0,189,81,108,0.19832109129066108,0.0,1.0,0.42857142857142855,0.5714285714285714
11529,11,529,1086,145,0,145,60,85,0.13351749539594843,0.0,1.0,0.41379310344827586,0.5862068965517241
11530,11,530,1009,141,0,141,57,84,0.13974231912784935,0.0,1.0,0.40425531914893614,0.5957446808510638
11531,11,531,940,206,0,206,76,130,0.21914893617021278,0.0,1.0,0.36893203883495146,0.6310679611650486
11532,11,532,1053,158,1,157,66,91,0.15004748338081672,0.006329113924050633,0.9936708860759493,0.4177215189873418,0.5759493670886076
11533,11,533,874,131,0,131,66,65,0.14988558352402745,0.0,1.0,0.5038167938931297,0.4961832061068702
11534,11,534,1113,141,0,141,55,86,0.12668463611859837,0.0,1.0,0.3900709219858156,0.6099290780141844
11601,11,601,942,215,0,215,130,85,0.22823779193205945,0.0,1.0,0.6046511627906976,0.3953488372093023
11602,11,602,952,236,0,236,177,59,0.24789915966386555,0.0,1.0,0.75,0.25
11603,11,603,841,293,2,291,195,96,0.34839476813317477,0.006825938566552901,0.9931740614334471,0.6655290102389079,0.32764505119453924
11604,11,604,916,127,0,127,53,74,0.13864628820960698,0.0,1.0,0.41732283464566927,0.5826771653543307
11605,11,605,974,169,0,169,65,104,0.1735112936344969,0.0,1.0,0.38461538461538464,0.6153846153846154
11606,11,606,1053,177,2,175,77,98,0.16809116809116809,0.011299435028248588,0.9887005649717514,0.4350282485875706,0.5536723163841808
11607,11,607,1472,218,0,218,126,92,0.1480978260869565,0.0,1.0,0.5779816513761468,0.42201834862385323
11608,11,608,861,142,0,142,62,80,0.16492450638792103,0.0,1.0,0.43661971830985913,0.5633802816901409
11609,11,609,956,177,0,177,78,99,0.18514644351464435,0.0,1.0,0.4406779661016949,0.559322033898305
11610,11,610,943,126,1,125,48,77,0.13361611876988336,0.007936507936507936,0.9920634920634921,0.38095238095238093,0.6111111111111112
11611,11,611,917,151,0,151,48,103,0.16466739367502725,0.0,1.0,0.31788079470198677,0.6821192052980133
11612,11,612,799,175,1,174,88,86,0.2190237797246558,0.005714285714285714,0.9942857142857143,0.5028571428571429,0.49142857142857144
11613,11,613,1001,176,1,175,87,88,0.17582417582417584,0.005681818181818182,0.9943181818181818,0.4943181818181818,0.5
11614,11,614,785,174,0,174,90,84,0.22165605095541402,0.0,1.0,0.5172413793103449,0.4827586206896552
11615,11,615,948,231,1,230,93,137,0.24367088607594936,0.004329004329004329,0.9956709956709957,0.4025974025974026,0.5930735930735931
11616,11,616,1052,202,0,202,66,136,0.1920152091254753,0.0,1.0,0.32673267326732675,0.6732673267326733
11617,11,617,840,187,0,187,102,85,0.2226190476190476,0.0,1.0,0.5454545454545454,0.45454545454545453
11618,11,618,785,197,0,197,119,78,0.25095541401273885,0.0,1.0,0.6040609137055838,0.39593908629441626
11619,11,619,793,170,2,168,101,67,0.21437578814627994,0.011764705882352941,0.9882352941176471,0.5941176470588235,0.3941176470588235
11620,11,620,757,217,0,217,94,123,0.2866578599735799,0.0,1.0,0.43317972350230416,0.5668202764976958
11621,11,621,809,221,1,220,112,108,0.273176761433869,0.004524886877828055,0.995475113122172,0.5067873303167421,0.48868778280542985
11622,11,622,870,252,1,251,142,109,0.2896551724137931,0.003968253968253968,0.996031746031746,0.5634920634920635,0.43253968253968256
11623,11,623,955,250,1,249,135,114,0.2617801047120419,0.004,0.996,0.54,0.456
11624,11,624,897,251,0,251,146,105,0.2798216276477146,0.0,1.0,0.5816733067729084,0.41832669322709165
11625,11,625,869,265,0,265,165,100,0.3049482163406214,0.0,1.0,0.6226415094339622,0.37735849056603776
11626,11,626,874,203,0,203,102,101,0.2322654462242563,0.0,1.0,0.5024630541871922,0.4975369458128079
11627,11,627,923,220,1,219,115,104,0.23835319609967498,0.004545454545454545,0.9954545454545455,0.5227272727272727,0.4727272727272727
11628,11,628,1193,258,0,258,144,114,0.2162615255658005,0.0,1.0,0.5581395348837209,0.4418604651162791
11629,11,629,851,214,1,213,121,92,0.25146886016451236,0.004672897196261682,0.9953271028037384,0.5654205607476636,0.42990654205607476
11630,11,630,893,282,1,281,166,115,0.3157894736842105,0.0035460992907801418,0.9964539007092199,0.5886524822695035,0.4078014184397163
11631,11,631,783,193,0,193,108,85,0.24648786717752236,0.0,1.0,0.5595854922279793,0.44041450777202074
11632,11,632,856,213,0,213,127,86,0.2488317757009346,0.0,1.0,0.596244131455399,0.40375586854460094
11633,11,633,921,247,5,242,92,150,0.2681867535287731,0.020242914979757085,0.979757085020243,0.3724696356275304,0.6072874493927125
11634,11,634,667,196,1,195,109,86,0.2938530734632684,0.00510204081632653,0.9948979591836735,0.5561224489795918,0.4387755102040816
111A,11,1A,0,379,1,378,123,255,inf,0.002638522427440633,0.9973614775725593,0.3245382585751979,0.6728232189973615
111B,11,1B,0,245,1,244,77,167,inf,0.004081632653061225,0.9959183673469387,0.3142857142857143,0.6816326530612244
111C,11,1C,0,336,0,336,84,252,inf,0.0,1.0,0.25,0.75
111D,11,1D,0,267,1,266,89,177,inf,0.003745318352059925,0.9962546816479401,0.3333333333333333,0.6629213483146067
111E,11,1E,0,150,3,147,44,103,inf,0.02,0.98,0.29333333333333333,0.6866666666666666
111F,11,1F,0,247,0,247,56,191,inf,0.0,1.0,0.22672064777327935,0.7732793522267206
111G,11,1G,0,140,1,139,51,88,inf,0.007142857142857143,0.9928571428571429,0.36428571428571427,0.6285714285714286
111H,11,1H,0,197,0,197,75,122,inf,0.0,1.0,0.38071065989847713,0.6192893401015228
111I,11,1I,0,155,0,155,38,117,inf,0.0,1.0,0.24516129032258063,0.7548387096774194
111K,11,1K,0,136,0,136,42,94,inf,0.0,1.0,0.3088235294117647,0.6911764705882353
111L,11,1L,0,153,1,152,41,111,inf,0.006535947712418301,0.9934640522875817,0.2679738562091503,0.7254901960784313
111M,11,1M,0,193,0,193,69,124,inf,0.0,1.0,0.35751295336787564,0.6424870466321243
111N,11,1N,0,266,0,266,85,181,inf,0.0,1.0,0.31954887218045114,0.6804511278195489
111P,11,1P,0,217,1,216,75,141,inf,0.004608294930875576,0.9953917050691244,0.3456221198156682,0.6497695852534562
111Q,11,1Q,0,108,0,108,42,66,inf,0.0,1.0,0.3888888888888889,0.6111111111111112
111R,11,1R,0,130,0,130,47,83,inf,0.0,1.0,0.36153846153846153,0.6384615384615384
111S,11,1S,0,152,1,151,58,93,inf,0.006578947368421052,0.993421052631579,0.3815789473684211,0.6118421052631579
111T,11,1T,0,113,0,113,34,79,inf,0.0,1.0,0.3008849557522124,0.6991150442477876
112A,11,2A,0,239,0,239,63,176,inf,0.0,1.0,0.26359832635983266,0.7364016736401674
112B,11,2B,0,209,0,209,56,153,inf,0.0,1.0,0.2679425837320574,0.7320574162679426
112C,11,2C,0,169,0,169,47,122,inf,0.0,1.0,0.2781065088757396,0.7218934911242604
112D,11,2D,0,312,0,312,79,233,inf,0.0,1.0,0.2532051282051282,0.7467948717948718
112E,11,2E,0,353,1,352,115,237,inf,0.0028328611898017,0.9971671388101983,0.32577903682719545,0.6713881019830028
112F,11,2F,0,221,0,221,85,136,inf,0.0,1.0,0.38461538461538464,0.6153846153846154
112G,11,2G,0,264,0,264,63,201,inf,0.0,1.0,0.23863636363636365,0.7613636363636364
112H,11,2H,0,358,0,358,133,225,inf,0.0,1.0,0.3715083798882682,0.6284916201117319
112I,11,2I,0,247,1,246,72,174,inf,0.004048582995951417,0.9959514170040485,0.291497975708502,0.7044534412955465
112K,11,2K,0,213,0,213,58,155,inf,0.0,1.0,0.27230046948356806,0.7276995305164319
112L,11,2L,0,312,1,311,112,199,inf,0.003205128205128205,0.9967948717948718,0.358974358974359,0.6378205128205128
112M,11,2M,0,308,0,308,103,205,inf,0.0,1.0,0.3344155844155844,0.6655844155844156
112N,11,2N,0,315,2,313,162,151,inf,0.006349206349206349,0.9936507936507937,0.5142857142857142,0.4793650793650794
112P,11,2P,0,251,0,251,116,135,inf,0.0,1.0,0.46215139442231074,0.5378486055776892
112Q,11,2Q,0,262,1,261,124,137,inf,0.003816793893129771,0.9961832061068703,0.4732824427480916,0.5229007633587787
112R,11,2R,0,279,0,279,136,143,inf,0.0,1.0,0.4874551971326165,0.5125448028673835
112S,11,2S,0,269,0,269,79,190,inf,0.0,1.0,0.2936802973977695,0.7063197026022305
113A,11,3A,0,274,0,274,139,135,inf,0.0,1.0,0.5072992700729927,0.4927007299270073
113B,11,3B,0,279,0,279,118,161,inf,0.0,1.0,0.4229390681003584,0.5770609318996416
113C,11,3C,0,242,0,242,114,128,inf,0.0,1.0,0.47107438016528924,0.5289256198347108
113D,11,3D,0,206,2,204,77,127,inf,0.009708737864077669,0.9902912621359223,0.3737864077669903,0.616504854368932
113E,11,3E,0,222,1,221,84,137,inf,0.0045045045045045045,0.9954954954954955,0.3783783783783784,0.6171171171171171
113F,11,3F,0,323,5,318,138,180,inf,0.015479876160990712,0.9845201238390093,0.42724458204334365,0.5572755417956656
113G,11,3G,0,242,0,242,109,133,inf,0.0,1.0,0.45041322314049587,0.5495867768595041
113H,11,3H,0,170,1,169,57,112,inf,0.0058823529411764705,0.9941176470588236,0.3352941176470588,0.6588235294117647
113I,11,3I,0,242,1,241,114,127,inf,0.004132231404958678,0.9958677685950413,0.47107438016528924,0.5247933884297521
113K,11,3K,0,163,0,163,85,78,inf,0.0,1.0,0.5214723926380368,0.4785276073619632
113L,11,3L,0,357,1,356,219,137,inf,0.0028011204481792717,0.9971988795518207,0.6134453781512605,0.38375350140056025
113M,11,3M,0,239,4,235,122,113,inf,0.016736401673640166,0.9832635983263598,0.5104602510460251,0.47280334728033474
113N,11,3N,0,332,1,331,235,96,inf,0.0030120481927710845,0.9969879518072289,0.7078313253012049,0.2891566265060241
113P,11,3P,0,261,1,260,127,133,inf,0.0038314176245210726,0.9961685823754789,0.48659003831417624,0.5095785440613027
113Q,11,3Q,0,222,1,221,98,123,inf,0.0045045045045045045,0.9954954954954955,0.44144144144144143,0.5540540540540541
113R,11,3R,0,150,0,150,68,82,inf,0.0,1.0,0.4533333333333333,0.5466666666666666
113S,11,3S,0,197,1,196,73,123,inf,0.005076142131979695,0.9949238578680203,0.37055837563451777,0.6243654822335025
114A,11,4A,0,249,0,249,144,105,inf,0.0,1.0,0.5783132530120482,0.42168674698795183
114B,11,4B,0,258,0,258,108,150,inf,0.0,1.0,0.4186046511627907,0.5813953488372093
114C,11,4C,0,208,0,208,78,130,inf,0.0,1.0,0.375,0.625
114D,11,4D,0,232,0,232,123,109,inf,0.0,1.0,0.5301724137931034,0.4698275862068966
114E,11,4E,0,225,0,225,102,123,inf,0.0,1.0,0.4533333333333333,0.5466666666666666
114F,11,4F,0,260,0,260,168,92,inf,0.0,1.0,0.6461538461538462,0.35384615384615387
114G,11,4G,0,257,4,253,132,121,inf,0.01556420233463035,0.9844357976653697,0.5136186770428015,0.4708171206225681
114H,11,4H,0,378,1,377,265,112,inf,0.0026455026455026454,0.9973544973544973,0.701058201058201,0.2962962962962963
114I,11,4I,0,338,0,338,246,92,inf,0.0,1.0,0.727810650887574,0.27218934911242604
114K,11,4K,0,287,0,287,131,156,inf,0.0,1.0,0.4564459930313589,0.5435540069686411
114L,11,4L,0,276,0,276,175,101,inf,0.0,1.0,0.6340579710144928,0.36594202898550726
114M,11,4M,0,357,2,355,263,92,inf,0.0056022408963585435,0.9943977591036415,0.7366946778711485,0.25770308123249297
114N,11,4N,0,305,1,304,216,88,inf,0.003278688524590164,0.9967213114754099,0.7081967213114754,0.28852459016393445
114P,11,4P,0,242,2,240,110,130,inf,0.008264462809917356,0.9917355371900827,0.45454545454545453,0.5371900826446281
114Q,11,4Q,0,205,2,203,108,95,inf,0.00975609756097561,0.9902439024390244,0.526829268292683,0.4634146341463415
114R,11,4R,0,213,0,213,120,93,inf,0.0,1.0,0.5633802816901409,0.43661971830985913
114S,11,4S,0,306,0,306,219,87,inf,0.0,1.0,0.7156862745098039,0.28431372549019607
114T,11,4T,0,365,0,365,283,82,inf,0.0,1.0,0.7753424657534247,0.22465753424657534
115A,11,5A,0,273,0,273,198,75,inf,0.0,1.0,0.7252747252747253,0.27472527472527475
115B,11,5B,0,365,1,364,244,120,inf,0.0027397260273972603,0.9972602739726028,0.6684931506849315,0.3287671232876712
115C,11,5C,0,227,0,227,101,126,inf,0.0,1.0,0.44493392070484583,0.5550660792951542
115D,11,5D,0,296,1,295,118,177,inf,0.0033783783783783786,0.9966216216216216,0.39864864864864863,0.597972972972973
115E,11,5E,0,220,2,218,109,109,inf,0.00909090909090909,0.990909090909091,0.4954545454545455,0.4954545454545455
115F,11,5F,0,321,0,321,227,94,inf,0.0,1.0,0.7071651090342679,0.29283489096573206
115G,11,5G,0,316,2,314,220,94,inf,0.006329113924050633,0.9936708860759493,0.6962025316455697,0.2974683544303797
115H,11,5H,0,344,0,344,217,127,inf,0.0,1.0,0.6308139534883721,0.3691860465116279
115I,11,5I,0,235,1,234,142,92,inf,0.00425531914893617,0.9957446808510638,0.6042553191489362,0.39148936170212767
115K,11,5K,0,221,0,221,96,125,inf,0.0,1.0,0.4343891402714932,0.5656108597285068
115L,11,5L,0,249,0,249,96,153,inf,0.0,1.0,0.3855421686746988,0.6144578313253012
115M,11,5M,0,304,0,304,239,65,inf,0.0,1.0,0.7861842105263158,0.2138157894736842
115N,11,5N,0,404,1,403,303,100,inf,0.0024752475247524753,0.9975247524752475,0.75,0.24752475247524752
115P,11,5P,0,290,0,290,181,109,inf,0.0,1.0,0.6241379310344828,0.3758620689655172
115Q,11,5Q,0,291,0,291,118,173,inf,0.0,1.0,0.4054982817869416,0.5945017182130584
115R,11,5R,0,241,1,240,112,128,inf,0.004149377593360996,0.995850622406639,0.46473029045643155,0.5311203319502075
115S,11,5S,0,233,0,233,111,122,inf,0.0,1.0,0.47639484978540775,0.5236051502145923
116A,11,6A,0,318,0,318,136,182,inf,0.0,1.0,0.4276729559748428,0.5723270440251572
116B,11,6B,0,336,0,336,177,159,inf,0.0,1.0,0.5267857142857143,0.4732142857142857
116C,11,6C,0,238,0,238,108,130,inf,0.0,1.0,0.453781512605042,0.5462184873949579
116D,11,6D,0,242,2,240,123,117,inf,0.008264462809917356,0.9917355371900827,0.5082644628099173,0.4834710743801653
116E,11,6E,0,359,1,358,233,125,inf,0.002785515320334262,0.9972144846796658,0.649025069637883,0.34818941504178275
116F,11,6F,0,286,1,285,171,114,inf,0.0034965034965034965,0.9965034965034965,0.5979020979020979,0.3986013986013986
116G,11,6G,0,328,0,328,193,135,inf,0.0,1.0,0.5884146341463414,0.4115853658536585
116H,11,6H,0,280,1,279,148,131,inf,0.0035714285714285713,0.9964285714285714,0.5285714285714286,0.46785714285714286
116I,11,6I,0,365,1,364,162,202,inf,0.0027397260273972603,0.9972602739726028,0.4438356164383562,0.5534246575342465
116K,11,6K,0,321,2,319,189,130,inf,0.006230529595015576,0.9937694704049844,0.5887850467289719,0.40498442367601245
116L,11,6L,0,322,1,321,180,141,inf,0.003105590062111801,0.9968944099378882,0.5590062111801242,0.43788819875776397
116M,11,6M,0,372,2,370,201,169,inf,0.005376344086021506,0.9946236559139785,0.5403225806451613,0.4543010752688172
116N,11,6N,0,334,2,332,150,182,inf,0.005988023952095809,0.9940119760479041,0.4491017964071856,0.5449101796407185
116P,11,6P,0,357,0,357,191,166,inf,0.0,1.0,0.5350140056022409,0.4649859943977591
116Q,11,6Q,0,358,1,357,201,156,inf,0.002793296089385475,0.9972067039106145,0.5614525139664804,0.43575418994413406
116R,11,6R,0,445,1,444,249,195,inf,0.0022471910112359553,0.9977528089887641,0.5595505617977528,0.43820224719101125
116S,11,6S,0,371,5,366,202,164,inf,0.013477088948787063,0.9865229110512129,0.5444743935309974,0.4420485175202156
12101,12,101,1124,185,1,184,85,99,0.16459074733096085,0.005405405405405406,0.9945945945945946,0.4594594594594595,0.5351351351351351
12102,12,102,834,105,1,104,53,51,0.12589928057553956,0.009523809523809525,0.9904761904761905,0.5047619047619047,0.4857142857142857
12103,12,103,762,98,1,97,39,58,0.12860892388451445,0.01020408163265306,0.9897959183673469,0.3979591836734694,0.5918367346938775
12104,12,104,831,151,1,150,67,83,0.18170878459687123,0.006622516556291391,0.9933774834437086,0.44370860927152317,0.5496688741721855
12105,12,105,964,99,1,98,54,44,0.10269709543568464,0.010101010101010102,0.98989898989899,0.5454545454545454,0.4444444444444444
12106,12,106,1145,159,0,159,77,82,0.1388646288209607,0.0,1.0,0.48427672955974843,0.5157232704402516
12107,12,107,854,154,0,154,47,107,0.18032786885245902,0.0,1.0,0.3051948051948052,0.6948051948051948
12108,12,108,1152,239,0,239,90,149,0.2074652777777778,0.0,1.0,0.37656903765690375,0.6234309623430963
12109,12,109,849,98,1,97,35,62,0.1154299175500589,0.01020408163265306,0.9897959183673469,0.35714285714285715,0.6326530612244898
12110,12,110,950,128,0,128,58,70,0.13473684210526315,0.0,1.0,0.453125,0.546875
12111,12,111,1083,160,0,160,104,56,0.14773776546629733,0.0,1.0,0.65,0.35
12112,12,112,1175,176,0,176,63,113,0.1497872340425532,0.0,1.0,0.35795454545454547,0.6420454545454546
12113,12,113,920,139,0,139,44,95,0.15108695652173912,0.0,1.0,0.31654676258992803,0.6834532374100719
12114,12,114,1350,119,1,118,50,68,0.08814814814814814,0.008403361344537815,0.9915966386554622,0.42016806722689076,0.5714285714285714
12115,12,115,994,133,0,133,63,70,0.13380281690140844,0.0,1.0,0.47368421052631576,0.5263157894736842
12116,12,116,1011,152,1,151,75,76,0.1503461918892186,0.006578947368421052,0.993421052631579,0.4934210526315789,0.5
12117,12,117,1057,141,0,141,63,78,0.13339640491958374,0.0,1.0,0.44680851063829785,0.5531914893617021
12118,12,118,1083,116,0,116,49,67,0.10710987996306556,0.0,1.0,0.4224137931034483,0.5775862068965517
12119,12,119,1249,162,1,161,82,79,0.1297037630104083,0.006172839506172839,0.9938271604938271,0.5061728395061729,0.4876543209876543
12120,12,120,1249,166,1,165,64,101,0.13290632506004804,0.006024096385542169,0.9939759036144579,0.3855421686746988,0.608433734939759
12121,12,121,1137,166,1,165,74,91,0.14599824098504838,0.006024096385542169,0.9939759036144579,0.4457831325301205,0.5481927710843374
12122,12,122,1129,170,1,169,77,92,0.15057573073516387,0.0058823529411764705,0.9941176470588236,0.45294117647058824,0.5411764705882353
12123,12,123,1176,140,0,140,46,94,0.11904761904761904,0.0,1.0,0.32857142857142857,0.6714285714285714
12124,12,124,1126,132,2,130,56,74,0.1172291296625222,0.015151515151515152,0.9848484848484849,0.42424242424242425,0.5606060606060606
12125,12,125,1167,168,2,166,82,84,0.14395886889460155,0.011904761904761904,0.9880952380952381,0.4880952380952381,0.5
12126,12,126,1307,175,0,175,80,95,0.13389441469013008,0.0,1.0,0.45714285714285713,0.5428571428571428
12201,12,201,1045,180,1,179,57,122,0.1722488038277512,0.005555555555555556,0.9944444444444445,0.31666666666666665,0.6777777777777778
12202,12,202,1127,151,0,151,41,110,0.13398402839396628,0.0,1.0,0.271523178807947,0.7284768211920529
12203,12,203,1131,247,0,247,76,171,0.21839080459770116,0.0,1.0,0.3076923076923077,0.6923076923076923
12204,12,204,915,201,1,200,51,149,0.21967213114754097,0.004975124378109453,0.9950248756218906,0.2537313432835821,0.7412935323383084
12205,12,205,741,196,1,195,62,133,0.26450742240215924,0.00510204081632653,0.9948979591836735,0.3163265306122449,0.6785714285714286
12206,12,206,1281,154,0,154,57,97,0.12021857923497267,0.0,1.0,0.37012987012987014,0.6298701298701299
12207,12,207,1303,215,1,214,52,162,0.16500383729854182,0.004651162790697674,0.9953488372093023,0.24186046511627907,0.7534883720930232
12208,12,208,1200,111,0,111,27,84,0.0925,0.0,1.0,0.24324324324324326,0.7567567567567568
12209,12,209,1213,144,1,143,39,104,0.11871393239901072,0.006944444444444444,0.9930555555555556,0.2708333333333333,0.7222222222222222
12210,12,210,1198,158,0,158,53,105,0.1318864774624374,0.0,1.0,0.33544303797468356,0.6645569620253164
12211,12,211,1309,214,2,212,66,146,0.16348357524828114,0.009345794392523364,0.9906542056074766,0.308411214953271,0.6822429906542056
12212,12,212,1240,151,1,150,28,122,0.1217741935483871,0.006622516556291391,0.9933774834437086,0.18543046357615894,0.8079470198675497
12213,12,213,1109,189,0,189,69,120,0.1704238052299369,0.0,1.0,0.36507936507936506,0.6349206349206349
12214,12,214,1241,215,1,214,61,153,0.17324738114423852,0.004651162790697674,0.9953488372093023,0.2837209302325581,0.7116279069767442
12215,12,215,1317,197,3,194,49,145,0.14958238420653,0.015228426395939087,0.9847715736040609,0.24873096446700507,0.7360406091370558
12216,12,216,909,133,1,132,55,77,0.14631463146314633,0.007518796992481203,0.9924812030075187,0.41353383458646614,0.5789473684210527
12217,12,217,1171,190,1,189,71,118,0.16225448334756618,0.005263157894736842,0.9947368421052631,0.3736842105263158,0.6210526315789474
12218,12,218,935,83,1,82,33,49,0.08877005347593583,0.012048192771084338,0.9879518072289156,0.39759036144578314,0.5903614457831325
12219,12,219,984,141,2,139,44,95,0.14329268292682926,0.014184397163120567,0.9858156028368794,0.3120567375886525,0.6737588652482269
12220,12,220,1183,129,1,128,51,77,0.10904480135249366,0.007751937984496124,0.9922480620155039,0.3953488372093023,0.5968992248062015
12221,12,221,1279,205,1,204,84,120,0.1602814698983581,0.004878048780487805,0.9951219512195122,0.4097560975609756,0.5853658536585366
12222,12,222,1297,147,0,147,70,77,0.1133384734001542,0.0,1.0,0.47619047619047616,0.5238095238095238
12223,12,223,557,173,0,173,53,120,0.3105924596050269,0.0,1.0,0.3063583815028902,0.6936416184971098
12224,12,224,321,73,0,73,19,54,0.22741433021806853,0.0,1.0,0.2602739726027397,0.7397260273972602
12225,12,225,1092,185,2,183,63,120,0.16941391941391942,0.010810810810810811,0.9891891891891892,0.34054054054054056,0.6486486486486487
12226,12,226,961,163,0,163,33,130,0.1696149843912591,0.0,1.0,0.20245398773006135,0.7975460122699386
12301,12,301,1300,435,2,433,113,320,0.3346153846153846,0.004597701149425287,0.9954022988505747,0.2597701149425287,0.735632183908046
12302,12,302,1211,320,0,320,97,223,0.26424442609413706,0.0,1.0,0.303125,0.696875
12303,12,303,1216,294,1,293,86,207,0.24177631578947367,0.003401360544217687,0.9965986394557823,0.2925170068027211,0.7040816326530612
12304,12,304,998,249,0,249,108,141,0.24949899799599198,0.0,1.0,0.43373493975903615,0.5662650602409639
12305,12,305,1224,323,0,323,118,205,0.2638888888888889,0.0,1.0,0.3653250773993808,0.6346749226006192
12306,12,306,1381,348,0,348,107,241,0.2519913106444605,0.0,1.0,0.3074712643678161,0.6925287356321839
12307,12,307,1343,364,4,360,112,248,0.2710349962769918,0.01098901098901099,0.989010989010989,0.3076923076923077,0.6813186813186813
12308,12,308,1252,343,1,342,103,239,0.273961661341853,0.0029154518950437317,0.9970845481049563,0.30029154518950435,0.6967930029154519
12309,12,309,1295,295,1,294,124,170,0.2277992277992278,0.003389830508474576,0.9966101694915255,0.42033898305084744,0.576271186440678
12310,12,310,1187,316,4,312,99,213,0.2662173546756529,0.012658227848101266,0.9873417721518988,0.31329113924050633,0.6740506329113924
12311,12,311,1170,262,0,262,83,179,0.22393162393162394,0.0,1.0,0.31679389312977096,0.683206106870229
12312,12,312,1334,309,3,306,83,223,0.23163418290854573,0.009708737864077669,0.9902912621359223,0.2686084142394822,0.7216828478964401
12313,12,313,1231,312,1,311,92,219,0.25345247766043866,0.003205128205128205,0.9967948717948718,0.2948717948717949,0.7019230769230769
12314,12,314,1201,217,1,216,89,127,0.1806827643630308,0.004608294930875576,0.9953917050691244,0.41013824884792627,0.5852534562211982
12315,12,315,1173,307,3,304,99,205,0.2617220801364024,0.009771986970684038,0.990228013029316,0.32247557003257327,0.6677524429967426
12316,12,316,1280,275,2,273,124,149,0.21484375,0.007272727272727273,0.9927272727272727,0.4509090909090909,0.5418181818181819
12317,12,317,1277,243,2,241,89,152,0.19028974158183243,0.00823045267489712,0.9917695473251029,0.3662551440329218,0.6255144032921811
12318,12,318,1178,319,0,319,133,186,0.2707979626485569,0.0,1.0,0.4169278996865204,0.5830721003134797
12319,12,319,1362,164,2,162,50,112,0.12041116005873716,0.012195121951219513,0.9878048780487805,0.3048780487804878,0.6829268292682927
12320,12,320,1118,131,0,131,43,88,0.11717352415026834,0.0,1.0,0.3282442748091603,0.6717557251908397
12321,12,321,1269,232,0,232,81,151,0.18282111899133174,0.0,1.0,0.34913793103448276,0.6508620689655172
12322,12,322,1343,230,3,227,71,156,0.1712583767684289,0.013043478260869565,0.9869565217391304,0.30869565217391304,0.6782608695652174
12323,12,323,1066,280,0,280,80,200,0.2626641651031895,0.0,1.0,0.2857142857142857,0.7142857142857143
12324,12,324,249,71,1,70,22,48,0.285140562248996,0.014084507042253521,0.9859154929577465,0.30985915492957744,0.676056338028169
12325,12,325,1208,250,0,250,137,113,0.20695364238410596,0.0,1.0,0.548,0.452
12401,12,401,1449,383,2,381,165,216,0.26432022084196,0.005221932114882507,0.9947780678851175,0.4308093994778068,0.5639686684073107
12402,12,402,1232,240,0,240,83,157,0.19480519480519481,0.0,1.0,0.3458333333333333,0.6541666666666667
12403,12,403,1137,215,2,213,62,151,0.18909410729991205,0.009302325581395349,0.9906976744186047,0.28837209302325584,0.7023255813953488
12404,12,404,1186,119,1,118,30,88,0.10033726812816189,0.008403361344537815,0.9915966386554622,0.25210084033613445,0.7394957983193278
12405,12,405,1305,174,1,173,61,112,0.13333333333333333,0.005747126436781609,0.9942528735632183,0.3505747126436782,0.6436781609195402
12406,12,406,1293,224,0,224,101,123,0.17324052590873937,0.0,1.0,0.45089285714285715,0.5491071428571429
12407,12,407,1108,299,1,298,121,177,0.26985559566787004,0.0033444816053511705,0.9966555183946488,0.40468227424749165,0.5919732441471572
12408,12,408,1617,420,2,418,177,241,0.2597402597402597,0.004761904761904762,0.9952380952380953,0.42142857142857143,0.5738095238095238
12409,12,409,1153,249,3,246,71,175,0.21595836947094535,0.012048192771084338,0.9879518072289156,0.285140562248996,0.7028112449799196
12410,12,410,992,186,2,184,49,135,0.1875,0.010752688172043012,0.989247311827957,0.26344086021505375,0.7258064516129032
12411,12,411,884,193,1,192,42,150,0.21832579185520362,0.0051813471502590676,0.9948186528497409,0.21761658031088082,0.7772020725388601
12412,12,412,1336,342,3,339,125,214,0.2559880239520958,0.008771929824561403,0.9912280701754386,0.3654970760233918,0.6257309941520468
12413,12,413,1290,254,3,251,82,169,0.19689922480620156,0.011811023622047244,0.9881889763779528,0.3228346456692913,0.6653543307086615
12414,12,414,1399,291,4,287,130,157,0.20800571837026446,0.013745704467353952,0.9862542955326461,0.44673539518900346,0.5395189003436426
12415,12,415,1329,233,1,232,108,124,0.17531978931527464,0.004291845493562232,0.9957081545064378,0.463519313304721,0.5321888412017167
12416,12,416,1325,224,0,224,73,151,0.16905660377358492,0.0,1.0,0.32589285714285715,0.6741071428571429
12417,12,417,1362,309,3,306,102,204,0.22687224669603523,0.009708737864077669,0.9902912621359223,0.3300970873786408,0.6601941747572816
12418,12,418,1360,192,1,191,78,113,0.1411764705882353,0.005208333333333333,0.9947916666666666,0.40625,0.5885416666666666
12419,12,419,1421,228,0,228,74,154,0.16045038705137227,0.0,1.0,0.32456140350877194,0.6754385964912281
12420,12,420,1298,250,1,249,84,165,0.1926040061633282,0.004,0.996,0.336,0.66
12421,12,421,1091,294,0,294,106,188,0.2694775435380385,0.0,1.0,0.36054421768707484,0.6394557823129252
12422,12,422,1129,225,2,223,74,149,0.19929140832595216,0.008888888888888889,0.9911111111111112,0.3288888888888889,0.6622222222222223
12423,12,423,1272,232,0,232,97,135,0.18238993710691823,0.0,1.0,0.41810344827586204,0.5818965517241379
12424,12,424,1333,234,1,233,49,184,0.17554388597149287,0.004273504273504274,0.9957264957264957,0.2094017094017094,0.7863247863247863
12425,12,425,975,200,1,199,46,153,0.20512820512820512,0.005,0.995,0.23,0.765
12426,12,426,912,140,0,140,48,92,0.15350877192982457,0.0,1.0,0.34285714285714286,0.6571428571428571
12427,12,427,1180,194,0,194,76,118,0.16440677966101694,0.0,1.0,0.3917525773195876,0.6082474226804123
12501,12,501,1179,352,2,350,131,219,0.29855810008481765,0.005681818181818182,0.9943181818181818,0.3721590909090909,0.6221590909090909
12502,12,502,1214,299,1,298,91,207,0.24629324546952225,0.0033444816053511705,0.9966555183946488,0.30434782608695654,0.6923076923076923
12503,12,503,1326,298,1,297,98,199,0.22473604826546004,0.003355704697986577,0.9966442953020134,0.3288590604026846,0.6677852348993288
12504,12,504,1224,91,0,91,25,66,0.07434640522875817,0.0,1.0,0.27472527472527475,0.7252747252747253
12505,12,505,879,125,0,125,30,95,0.1422070534698521,0.0,1.0,0.24,0.76
12506,12,506,846,104,0,104,25,79,0.12293144208037825,0.0,1.0,0.2403846153846154,0.7596153846153846
12507,12,507,789,91,0,91,27,64,0.11533586818757921,0.0,1.0,0.2967032967032967,0.7032967032967034
12508,12,508,604,44,0,44,17,27,0.0728476821192053,0.0,1.0,0.38636363636363635,0.6136363636363636
12509,12,509,941,84,0,84,20,64,0.08926673751328375,0.0,1.0,0.23809523809523808,0.7619047619047619
12510,12,510,716,63,1,62,18,44,0.08798882681564246,0.015873015873015872,0.9841269841269841,0.2857142857142857,0.6984126984126984
12511,12,511,1292,89,0,89,25,64,0.06888544891640867,0.0,1.0,0.2808988764044944,0.7191011235955056
12512,12,512,969,127,0,127,43,84,0.13106295149638802,0.0,1.0,0.33858267716535434,0.6614173228346457
12513,12,513,1171,96,0,96,17,79,0.08198121263877028,0.0,1.0,0.17708333333333334,0.8229166666666666
12514,12,514,1202,81,0,81,24,57,0.06738768718801996,0.0,1.0,0.2962962962962963,0.7037037037037037
12515,12,515,799,81,0,81,20,61,0.10137672090112641,0.0,1.0,0.24691358024691357,0.7530864197530864
12516,12,516,1213,135,0,135,54,81,0.11129431162407255,0.0,1.0,0.4,0.6
12517,12,517,900,92,0,92,21,71,0.10222222222222223,0.0,1.0,0.22826086956521738,0.7717391304347826
12518,12,518,1133,163,0,163,48,115,0.14386584289496912,0.0,1.0,0.294478527607362,0.7055214723926381
12519,12,519,1108,124,1,123,35,88,0.11191335740072202,0.008064516129032258,0.9919354838709677,0.28225806451612906,0.7096774193548387
12520,12,520,982,61,0,61,23,38,0.062118126272912425,0.0,1.0,0.3770491803278688,0.6229508196721312
12521,12,521,1005,150,0,150,50,100,0.14925373134328357,0.0,1.0,0.3333333333333333,0.6666666666666666
12522,12,522,783,68,0,68,10,58,0.08684546615581099,0.0,1.0,0.14705882352941177,0.8529411764705882
12523,12,523,1145,121,1,120,32,88,0.1056768558951965,0.008264462809917356,0.9917355371900827,0.2644628099173554,0.7272727272727273
12524,12,524,1105,114,1,113,27,86,0.10316742081447963,0.008771929824561403,0.9912280701754386,0.23684210526315788,0.7543859649122807
12525,12,525,765,167,1,166,44,122,0.21830065359477124,0.005988023952095809,0.9940119760479041,0.2634730538922156,0.7305389221556886
12526,12,526,1247,114,0,114,25,89,0.09141940657578188,0.0,1.0,0.21929824561403508,0.7807017543859649
12601,12,601,266,72,0,72,37,35,0.2706766917293233,0.0,1.0,0.5138888888888888,0.4861111111111111
12602,12,602,1316,391,2,389,121,268,0.29711246200607905,0.005115089514066497,0.9948849104859335,0.309462915601023,0.6854219948849105
12603,12,603,1166,240,0,240,96,144,0.2058319039451115,0.0,1.0,0.4,0.6
12604,12,604,1043,303,2,301,124,177,0.29050814956855225,0.006600660066006601,0.9933993399339934,0.40924092409240925,0.5841584158415841
12605,12,605,871,237,2,235,78,157,0.27210103329506313,0.008438818565400843,0.9915611814345991,0.3291139240506329,0.6624472573839663
12606,12,606,1222,329,0,329,129,200,0.2692307692307692,0.0,1.0,0.39209726443769,0.60790273556231
12607,12,607,991,242,0,242,95,147,0.24419778002018164,0.0,1.0,0.3925619834710744,0.6074380165289256
12608,12,608,692,189,2,187,75,112,0.273121387283237,0.010582010582010581,0.9894179894179894,0.3968253968253968,0.5925925925925926
12609,12,609,1240,297,3,294,93,201,0.23951612903225805,0.010101010101010102,0.98989898989899,0.31313131313131315,0.6767676767676768
12610,12,610,962,238,0,238,102,136,0.24740124740124741,0.0,1.0,0.42857142857142855,0.5714285714285714
12611,12,611,806,215,3,212,78,134,0.2667493796526055,0.013953488372093023,0.986046511627907,0.3627906976744186,0.6232558139534884
12612,12,612,1226,257,0,257,91,166,0.2096247960848287,0.0,1.0,0.3540856031128405,0.6459143968871596
12613,12,613,1079,285,1,284,115,169,0.26413345690454126,0.0035087719298245615,0.9964912280701754,0.40350877192982454,0.5929824561403508
12614,12,614,1214,237,1,236,113,123,0.19522240527182866,0.004219409282700422,0.9957805907172996,0.4767932489451477,0.5189873417721519
12615,12,615,1298,279,0,279,94,185,0.21494607087827428,0.0,1.0,0.33691756272401435,0.6630824372759857
12616,12,616,1217,306,2,304,115,189,0.2514379622021364,0.006535947712418301,0.9934640522875817,0.3758169934640523,0.6176470588235294
12617,12,617,1189,306,1,305,142,163,0.25735912531539107,0.0032679738562091504,0.9967320261437909,0.46405228758169936,0.5326797385620915
12618,12,618,1263,312,3,309,136,173,0.24703087885985747,0.009615384615384616,0.9903846153846154,0.4358974358974359,0.5544871794871795
12619,12,619,1249,417,5,412,177,235,0.33386709367493994,0.011990407673860911,0.988009592326139,0.4244604316546763,0.5635491606714629
12620,12,620,968,262,0,262,96,166,0.2706611570247934,0.0,1.0,0.366412213740458,0.6335877862595419
12621,12,621,916,249,0,249,122,127,0.2718340611353712,0.0,1.0,0.4899598393574297,0.5100401606425703
12622,12,622,1079,259,0,259,90,169,0.24003707136237257,0.0,1.0,0.3474903474903475,0.6525096525096525
12623,12,623,872,247,1,246,78,168,0.28325688073394495,0.004048582995951417,0.9959514170040485,0.3157894736842105,0.680161943319838
12624,12,624,1133,344,2,342,107,235,0.3036187113857017,0.005813953488372093,0.9941860465116279,0.311046511627907,0.6831395348837209
12625,12,625,1114,216,0,216,86,130,0.19389587073608616,0.0,1.0,0.39814814814814814,0.6018518518518519
12626,12,626,1191,317,1,316,116,200,0.2661628883291352,0.0031545741324921135,0.9968454258675079,0.3659305993690852,0.6309148264984227
121A,12,1A,0,455,2,453,171,282,inf,0.004395604395604396,0.9956043956043956,0.3758241758241758,0.6197802197802198
121B,12,1B,0,0,0,0,0,0,0.0,0.0,0.0,0.0,0.0
121C,12,1C,0,368,1,367,171,196,inf,0.002717391304347826,0.9972826086956522,0.46467391304347827,0.532608695652174
121D,12,1D,0,0,0,0,0,0,0.0,0.0,0.0,0.0,0.0
121E,12,1E,0,485,0,485,178,307,inf,0.0,1.0,0.3670103092783505,0.6329896907216495
121F,12,1F,0,0,0,0,0,0,0.0,0.0,0.0,0.0,0.0
121G,12,1G,0,497,1,496,178,318,inf,0.002012072434607646,0.9979879275653923,0.358148893360161,0.6398390342052314
121H,12,1H,0,0,0,0,0,0,0.0,0.0,0.0,0.0,0.0
121I,12,1I,0,469,1,468,233,235,inf,0.0021321961620469083,0.997867803837953,0.4968017057569296,0.5010660980810234
121J,12,1J,0,0,0,0,0,0,0.0,0.0,0.0,0.0,0.0
121K,12,1K,0,787,4,783,388,395,inf,0.005082592121982211,0.9949174078780177,0.49301143583227447,0.5019059720457433
121L,12,1L,0,0,0,0,0,0,0.0,0.0,0.0,0.0,0.0
121M,12,1M,0,0,0,0,0,0,0.0,0.0,0.0,0.0,0.0
122A,12,2A,0,645,0,645,211,434,inf,0.0,1.0,0.3271317829457364,0.6728682170542636
122B,12,2B,0,0,0,0,0,0,0.0,0.0,0.0,0.0,0.0
122C,12,2C,0,469,0,469,141,328,inf,0.0,1.0,0.3006396588486141,0.6993603411513859
122D,12,2D,0,0,0,0,0,0,0.0,0.0,0.0,0.0,0.0
122E,12,2E,0,593,0,593,218,375,inf,0.0,1.0,0.3676222596964587,0.6323777403035413
122F,12,2F,0,0,0,0,0,0,0.0,0.0,0.0,0.0,0.0
122G,12,2G,0,688,3,685,200,485,inf,0.00436046511627907,0.9956395348837209,0.29069767441860467,0.7049418604651163
122H,12,2H,0,0,0,0,0,0,0.0,0.0,0.0,0.0,0.0
122I,12,2I,0,431,1,430,164,266,inf,0.002320185614849188,0.9976798143851509,0.3805104408352668,0.617169373549884
122J,12,2J,0,0,0,0,0,0,0.0,0.0,0.0,0.0,0.0
122K,12,2K,0,707,2,705,249,456,inf,0.002828854314002829,0.9971711456859972,0.3521923620933522,0.6449787835926449
122L,12,2L,0,0,0,0,0,0,0.0,0.0,0.0,0.0,0.0
122M,12,2M,0,0,0,0,0,0,0.0,0.0,0.0,0.0,0.0
123A,12,3A,0,695,1,694,185,509,inf,0.0014388489208633094,0.9985611510791367,0.26618705035971224,0.7323741007194244
123B,12,3B,0,0,0,0,0,0,0.0,0.0,0.0,0.0,0.0
123C,12,3C,0,848,1,847,248,599,inf,0.0011792452830188679,0.9988207547169812,0.29245283018867924,0.7063679245283019
123D,12,3D,0,931,5,926,327,599,inf,0.0053705692803437165,0.9946294307196563,0.35123523093447906,0.6433941997851772
123E,12,3E,0,0,0,0,0,0,0.0,0.0,0.0,0.0,0.0
123F,12,3F,0,880,1,879,249,630,inf,0.0011363636363636363,0.9988636363636364,0.28295454545454546,0.7159090909090909
123G,12,3G,0,0,0,0,0,0,0.0,0.0,0.0,0.0,0.0
123H,12,3H,0,0,0,0,0,0,0.0,0.0,0.0,0.0,0.0
123I,12,3I,0,0,0,0,0,0,0.0,0.0,0.0,0.0,0.0
123J,12,3J,0,599,3,596,261,335,inf,0.005008347245409015,0.994991652754591,0.4357262103505843,0.5592654424040067
123K,12,3K,0,732,0,732,245,487,inf,0.0,1.0,0.33469945355191255,0.6653005464480874
123L,12,3L,0,0,0,0,0,0,0.0,0.0,0.0,0.0,0.0
123M,12,3M,0,0,0,0,0,0,0.0,0.0,0.0,0.0,0.0
123N,12,3N,0,0,0,0,0,0,0.0,0.0,0.0,0.0,0.0
123P,12,3P,0,703,3,700,218,482,inf,0.004267425320056899,0.9957325746799431,0.310099573257468,0.6856330014224751
124A,12,4A,0,892,2,890,374,516,inf,0.002242152466367713,0.9977578475336323,0.4192825112107623,0.57847533632287
124B,12,4B,0,597,1,596,200,396,inf,0.0016750418760469012,0.998324958123953,0.33500837520938026,0.6633165829145728
124C,12,4C,0,0,0,0,0,0,0.0,0.0,0.0,0.0,0.0
124D,12,4D,0,895,1,894,319,575,inf,0.0011173184357541898,0.9988826815642458,0.3564245810055866,0.6424581005586593
124E,12,4E,0,0,0,0,0,0,0.0,0.0,0.0,0.0,0.0
124F,12,4F,0,0,0,0,0,0,0.0,0.0,0.0,0.0,0.0
124G,12,4G,0,706,2,704,246,458,inf,0.0028328611898017,0.9971671388101983,0.34844192634560905,0.6487252124645893
124H,12,4H,0,0,0,0,0,0,0.0,0.0,0.0,0.0,0.0
124I,12,4I,0,750,1,749,316,433,inf,0.0013333333333333333,0.9986666666666667,0.42133333333333334,0.5773333333333334
124J,12,4J,0,548,1,547,180,367,inf,0.0018248175182481751,0.9981751824817519,0.3284671532846715,0.6697080291970803
124K,12,4K,0,576,0,576,197,379,inf,0.0,1.0,0.3420138888888889,0.6579861111111112
124L,12,4L,0,0,0,0,0,0,0.0,0.0,0.0,0.0,0.0
124M,12,4M,0,0,0,0,0,0,0.0,0.0,0.0,0.0,0.0
124N,12,4N,0,0,0,0,0,0,0.0,0.0,0.0,0.0,0.0
125A,12,5A,0,855,2,853,241,612,inf,0.0023391812865497076,0.9976608187134502,0.2818713450292398,0.7157894736842105
125B,12,5B,0,0,0,0,0,0,0.0,0.0,0.0,0.0,0.0
125C,12,5C,0,472,1,471,113,358,inf,0.00211864406779661,0.9978813559322034,0.23940677966101695,0.7584745762711864
125D,12,5D,0,0,0,0,0,0,0.0,0.0,0.0,0.0,0.0
125E,12,5E,0,357,0,357,129,228,inf,0.0,1.0,0.36134453781512604,0.6386554621848739
125F,12,5F,0,384,0,384,116,268,inf,0.0,1.0,0.3020833333333333,0.6979166666666666
125G,12,5G,0,0,0,0,0,0,0.0,0.0,0.0,0.0,0.0
125H,12,5H,0,681,2,679,184,495,inf,0.002936857562408223,0.9970631424375918,0.2701908957415565,0.7268722466960352
125I,12,5I,0,0,0,0,0,0,0.0,0.0,0.0,0.0,0.0
125J,12,5J,0,0,0,0,0,0,0.0,0.0,0.0,0.0,0.0
126A,12,6A,0,590,1,589,189,400,inf,0.001694915254237288,0.9983050847457627,0.32033898305084746,0.6779661016949152
126B,12,6B,0,0,0,0,0,0,0.0,0.0,0.0,0.0,0.0
126C,12,6C,0,671,1,670,219,451,inf,0.0014903129657228018,0.9985096870342772,0.3263785394932936,0.6721311475409836
126D,12,6D,0,412,1,411,145,266,inf,0.0024271844660194173,0.9975728155339806,0.35194174757281554,0.6456310679611651
126E,12,6E,0,0,0,0,0,0,0.0,0.0,0.0,0.0,0.0
126F,12,6F,0,500,3,497,144,353,inf,0.006,0.994,0.288,0.706
126G,12,6G,0,0,0,0,0,0,0.0,0.0,0.0,0.0,0.0
126H,12,6H,0,561,0,561,192,369,inf,0.0,1.0,0.3422459893048128,0.6577540106951871
126I,12,6I,0,0,0,0,0,0,0.0,0.0,0.0,0.0,0.0
126J,12,6J,0,0,0,0,0,0,0.0,0.0,0.0,0.0,0.0
126K,12,6K,0,536,1,535,197,338,inf,0.0018656716417910447,0.9981343283582089,0.3675373134328358,0.6305970149253731
126L,12,6L,0,0,0,0,0,0,0.0,0.0,0.0,0.0,0.0
126M,12,6M,0,519,1,518,175,343,inf,0.0019267822736030828,0.9980732177263969,0.3371868978805395,0.6608863198458574
126N,12,6N,0,425,0,425,148,277,inf,0.0,1.0,0.34823529411764703,0.6517647058823529
126P,12,6P,0,0,0,0,0,0,0.0,0.0,0.0,0.0,0.0
126Q,12,6Q,0,461,5,456,185,271,inf,0.010845986984815618,0.9891540130151844,0.40130151843817785,0.5878524945770065
126R,12,6R,0,0,0,0,0,0,0.0,0.0,0.0,0.0,0.0
126S,12,6S,0,617,1,616,204,412,inf,0.0016207455429497568,0.9983792544570502,0.33063209076175043,0.6677471636952999
126T,12,6T,0,0,0,0,0,0,0.0,0.0,0.0,0.0,0.0
126U,12,6U,0,380,3,377,124,253,inf,0.007894736842105263,0.9921052631578947,0.3263157894736842,0.6657894736842105
126V,12,6V,0,0,0,0,0,0,0.0,0.0,0.0,0.0,0.0
126W,12,6W,0,0,0,0,0,0,0.0,0.0,0.0,0.0,0.0
