id,district_id,electoral_district_id,eligible_voters,voters,invalid_votes,valid_votes,vote_yes,vote_no,voter_turnout,invalid_votes_percentage,valid_votes_percentage,vote_yes_percentage,vote_no_percentage
011A,01,1A,0,528,2,526,257,269,inf,0.3787878787878788,99.62121212121212,48.67424242424242,50.9469696969697
011B,01,1B,0,500,0,500,200,300,inf,0.0,100.0,40.0,60.0
011C,01,1C,0,500,1,499,200,299,inf,0.2,99.8,40.0,59.8
011D,01,1D,0,514,1,513,260,253,inf,0.19455252918287938,99.80544747081711,50.583657587548636,49.221789883268485
011E,01,1E,0,500,1,499,200,299,inf,0.2,99.8,40.0,59.8
011F,01,1F,0,500,1,499,200,299,inf,0.2,99.8,40.0,59.8
011G,01,1G,0,1032,0,1032,438,594,inf,0.0,100.0,42.44186046511628,57.55813953488372
011H,01,1H,0,1038,1,1037,438,599,inf,0.09633911368015415,99.90366088631984,42.19653179190752,57.70712909441234
011I,01,1I,0,529,2,527,257,270,inf,0.3780718336483932,99.62192816635161,48.582230623818525,51.03969754253308
011K,01,1K,0,546,0,546,292,254,inf,0.0,100.0,53.47985347985348,46.52014652014652
011L,01,1L,0,517,0,517,235,282,inf,0.0,100.0,45.45454545454545,54.54545454545454
011M,01,1M,0,1040,0,1040,399,641,inf,0.0,100.0,38.36538461538462,61.63461538461539
011N,01,1N,0,1050,37,1013,498,515,inf,3.5238095238095237,96.47619047619047,47.42857142857143,49.047619047619044
011O,01,1O,0,513,0,513,260,253,inf,0.0,100.0,50.682261208576996,49.317738791423
011P,01,1P,0,1047,2,1045,507,538,inf,0.19102196752626552,99.80897803247373,48.42406876790831,51.38490926456542
011Q,01,1Q,0,537,1,536,289,247,inf,0.186219739292365,99.81378026070763,53.81750465549349,45.99627560521415
011R,01,1R,0,528,0,528,339,189,inf,0.0,100.0,64.20454545454545,35.79545454545455
01100,01,100,3095,588,0,588,205,383,18.9983844911147,0.0,100.0,34.863945578231295,65.1360544217687
01101,01,101,2479,484,0,484,211,273,19.52400161355385,0.0,100.0,43.595041322314046,56.40495867768595
01105,01,105,3973,891,1,890,352,538,22.426378051849987,0.11223344556677892,99.88776655443323,39.50617283950617,60.38159371492705
01107,01,107,3587,804,1,803,267,536,22.41427376637859,0.12437810945273632,99.87562189054727,33.2089552238806,66.66666666666666
01111,01,111,2281,534,0,534,202,332,23.41078474353354,0.0,100.0,37.82771535580524,62.172284644194754
01112,01,112,2396,559,0,559,162,397,23.330550918196995,0.0,100.0,28.980322003577818,71.01967799642217
01115,01,115,3096,640,1,639,225,414,20.671834625322997,0.15625,99.84375,35.15625,64.6875
01118,01,118,2509,546,2,544,195,349,21.761658031088082,0.3663003663003663,99.63369963369964,35.714285714285715,63.91941391941391
01120,01,120,3454,560,1,559,361,198,16.213086276780544,0.17857142857142858,99.82142857142857,64.46428571428572,35.35714285714286
01121,01,121,2912,540,2,538,186,352,18.543956043956044,0.3703703703703704,99.62962962962963,34.44444444444444,65.18518518518519
01129,01,129,3059,460,0,460,250,210,15.037593984962406,0.0,100.0,54.347826086956516,45.65217391304348
01200,01,200,2101,460,0,460,149,311,21.894336030461684,0.0,100.0,32.391304347826086,67.6086956521739
01202,01,202,3399,645,2,643,165,478,18.976169461606354,0.31007751937984496,99.68992248062015,25.581395348837212,74.10852713178294
01205,01,205,2931,586,1,585,130,455,19.993176390310474,0.17064846416382254,99.82935153583618,22.18430034129693,77.64505119453925
01207,01,207,3168,602,0,602,230,372,19.002525252525253,0.0,100.0,38.205980066445186,61.79401993355482
01209,01,209,3914,779,3,776,228,548,19.902912621359224,0.38510911424903727,99.61489088575097,29.268292682926827,70.34659820282413
01212,01,212,3479,639,1,638,112,526,18.367346938775512,0.1564945226917058,99.8435054773083,17.52738654147105,82.31611893583725
01214,01,214,3074,547,4,543,106,437,17.794404684450228,0.7312614259597806,99.26873857404021,19.378427787934186,79.89031078610603
01217,01,217,2197,423,0,423,113,310,19.253527537551207,0.0,100.0,26.713947990543733,73.28605200945626
01219,01,219,3308,760,1,759,154,605,22.97460701330109,0.13157894736842105,99.86842105263159,20.263157894736842,79.60526315789474
01221,01,221,3903,751,1,750,133,617,19.241609018703564,0.13315579227696406,99.86684420772303,17.70972037283622,82.15712383488682
01300,01,300,3180,687,1,686,392,294,21.60377358490566,0.1455604075691412,99.85443959243085,57.05967976710335,42.79475982532751
01302,01,302,2839,577,1,576,285,291,20.324057766819305,0.17331022530329288,99.8266897746967,49.393414211438476,50.43327556325823
01305,01,305,3162,834,0,834,415,419,26.37571157495256,0.0,100.0,49.76019184652279,50.23980815347721
01307,01,307,2626,536,1,535,270,265,20.41127189642041,0.18656716417910446,99.81343283582089,50.373134328358205,49.440298507462686
01308,01,308,1993,298,2,296,137,159,14.952333166081285,0.6711409395973155,99.32885906040269,45.97315436241611,53.355704697986575
01312,01,312,2368,673,2,671,318,353,28.42060810810811,0.2971768202080238,99.70282317979198,47.251114413075776,52.4517087667162
01315,01,315,2273,615,1,614,328,286,27.056753189617243,0.16260162601626016,99.83739837398375,53.333333333333336,46.5040650406504
01317,01,317,3682,1051,2,1049,545,504,28.544269418794133,0.19029495718363465,99.80970504281636,51.85537583254044,47.95432921027592
01321,01,321,2366,438,0,438,243,195,18.512256973795434,0.0,100.0,55.47945205479452,44.52054794520548
01323,01,323,2195,423,1,422,199,223,19.27107061503417,0.2364066193853428,99.76359338061465,47.04491725768322,52.71867612293144
01325,01,325,2596,405,2,403,198,205,15.600924499229585,0.49382716049382713,99.50617283950616,48.888888888888886,50.617283950617285
01327,01,327,2882,453,3,450,238,212,15.71825121443442,0.6622516556291391,99.33774834437085,52.53863134657837,46.799116997792495
01400,01,400,3144,377,1,376,173,203,11.991094147582697,0.2652519893899204,99.73474801061008,45.88859416445623,53.84615384615385
01403,01,403,2570,531,1,530,242,288,20.661478599221788,0.18832391713747645,99.81167608286252,45.5743879472693,54.23728813559322
01404,01,404,2491,460,0,460,229,231,18.46647932557206,0.0,100.0,49.78260869565217,50.21739130434783
01405,01,405,1873,336,0,336,174,162,17.93913507741591,0.0,100.0,51.78571428571429,48.214285714285715
01409,01,409,3046,665,0,665,299,366,21.831910702560737,0.0,100.0,44.962406015037594,55.037593984962406
01414,01,414,1963,363,0,363,162,201,18.492103922567498,0.0,100.0,44.62809917355372,55.371900826446286
01415,01,415,2819,463,2,461,243,218,16.424263923377083,0.4319654427645789,99.56803455723542,52.48380129589633,47.084233261339094
01416,01,416,3412,607,1,606,248,358,17.790152403282534,0.16474464579901155,99.835255354201,40.85667215815486,58.97858319604613
01421,01,421,2708,526,3,523,226,297,19.423929098966028,0.5703422053231939,99.42965779467681,42.96577946768061,56.463878326996195
01425,01,425,2610,464,0,464,220,244,17.77777777777778,0.0,100.0,47.41379310344828,52.58620689655172
01427,01,427,2744,498,0,498,166,332,18.14868804664723,0.0,100.0,33.33333333333333,66.66666666666666
01431,01,431,2956,438,1,437,191,246,14.817320703653586,0.228310502283105,99.77168949771689,43.60730593607306,56.16438356164384
01500,01,500,3182,514,1,513,351,162,16.153362664990574,0.19455252918287938,99.80544747081711,68.28793774319067,31.517509727626457
01504,01,504,3008,441,2,439,224,215,14.66090425531915,0.45351473922902497,99.54648526077098,50.79365079365079,48.75283446712018
01505,01,505,2696,661,2,659,466,193,24.51780415430267,0.30257186081694404,99.69742813918305,70.49924357034796,29.1981845688351
01508,01,508,2286,418,0,418,282,136,18.285214348206473,0.0,100.0,67.46411483253588,32.535885167464116
01510,01,510,2206,337,0,337,247,90,15.276518585675431,0.0,100.0,73.29376854599407,26.706231454005934
01512,01,512,2119,380,2,378,195,183,17.93298725814063,0.5263157894736842,99.47368421052632,51.31578947368421,48.1578947368421
01513,01,513,2513,329,2,327,180,147,13.09192200557103,0.60790273556231,99.3920972644377,54.7112462006079,44.680851063829785
01516,01,516,3003,510,2,508,273,235,16.98301698301698,0.39215686274509803,99.6078431372549,53.529411764705884,46.07843137254902
01519,01,519,2389,520,0,520,317,203,21.76642946839682,0.0,100.0,60.96153846153847,39.03846153846154
01522,01,522,2366,330,1,329,233,96,13.947590870667796,0.30303030303030304,99.69696969696969,70.60606060606061,29.09090909090909
01524,01,524,1980,295,0,295,114,181,14.898989898989898,0.0,100.0,38.64406779661017,61.35593220338983
01528,01,528,3006,556,2,554,251,303,18.496340652029275,0.3597122302158274,99.64028776978418,45.143884892086334,54.49640287769785
01600,01,600,2101,309,1,308,173,135,14.707282246549264,0.3236245954692557,99.67637540453075,55.98705501618123,43.689320388349515
01601,01,601,2849,324,0,324,154,170,11.372411372411372,0.0,100.0,47.53086419753087,52.46913580246913
01602,01,602,1914,390,0,390,196,194,20.37617554858934,0.0,100.0,50.256410256410255,49.743589743589745
01603,01,603,2708,329,0,329,188,141,12.149187592319056,0.0,100.0,57.14285714285714,42.857142857142854
01605,01,605,2758,379,0,379,154,225,13.741841914430747,0.0,100.0,40.633245382585756,59.36675461741425
01612,01,612,2030,272,0,272,119,153,13.399014778325121,0.0,100.0,43.75,56.25
01613,01,613,3042,442,2,440,216,224,14.529914529914532,0.4524886877828055,99.5475113122172,48.86877828054298,50.678733031674206
01617,01,617,2153,269,0,269,123,146,12.494194147700883,0.0,100.0,45.72490706319702,54.27509293680297
01620,01,620,1902,226,1,225,126,99,11.88222923238696,0.4424778761061947,99.5575221238938,55.75221238938053,43.80530973451327
01623,01,623,2838,420,0,420,207,213,14.799154334038056,0.0,100.0,49.28571428571429,50.71428571428571
01624,01,624,2158,337,0,337,181,156,15.61631139944393,0.0,100.0,53.70919881305638,46.29080118694362
01627,01,627,2679,369,1,368,200,168,13.773796192609183,0.27100271002710025,99.7289972899729,54.20054200542005,45.52845528455284
01632,01,632,2289,378,2,376,198,178,16.51376146788991,0.5291005291005291,99.47089947089947,52.38095238095239,47.08994708994709
01634,01,634,2541,372,1,371,145,226,14.639905548996456,0.2688172043010753,99.73118279569893,38.97849462365591,60.752688172043015
021A,02,1A,0,770,1,769,248,521,inf,0.12987012987012986,99.87012987012987,32.20779220779221,67.66233766233766
021B,02,1B,0,648,0,648,210,438,inf,0.0,100.0,32.407407407407405,67.5925925925926
021C,02,1C,0,768,0,768,213,555,inf,0.0,100.0,27.734375,72.265625
021D,02,1D,0,794,1,793,223,570,inf,0.12594458438287154,99.87405541561712,28.085642317380355,71.78841309823679
021E,02,1E,0,772,1,771,248,523,inf,0.1295336787564767,99.87046632124353,32.12435233160622,67.74611398963731
021F,02,1F,0,770,1,769,227,542,inf,0.12987012987012986,99.87012987012987,29.48051948051948,70.3896103896104
021G,02,1G,0,765,0,765,237,528,inf,0.0,100.0,30.980392156862745,69.01960784313725
021H,02,1H,0,776,3,773,209,564,inf,0.3865979381443299,99.61340206185567,26.932989690721648,72.68041237113401
021J,02,1J,0,823,3,820,231,589,inf,0.3645200486026731,99.63547995139733,28.068043742405834,71.5674362089915
021K,02,1K,0,1234,1,1233,330,903,inf,0.08103727714748785,99.91896272285251,26.742301458670987,73.17666126418152
02101,02,101,1905,275,0,275,131,144,14.435695538057743,0.0,100.0,47.63636363636364,52.36363636363637
02102,02,102,1001,158,1,157,95,62,15.784215784215785,0.6329113924050633,99.36708860759494,60.12658227848101,39.24050632911392
02103,02,103,734,114,0,114,48,66,15.531335149863759,0.0,100.0,42.10526315789473,57.89473684210527
02104,02,104,913,169,0,169,56,113,18.51040525739321,0.0,100.0,33.13609467455622,66.86390532544378
02105,02,105,3520,774,3,771,244,527,21.988636363636363,0.3875968992248062,99.6124031007752,31.52454780361757,68.08785529715762
02106,02,106,2626,726,4,722,251,471,27.646610814927648,0.5509641873278237,99.44903581267218,34.57300275482093,64.87603305785123
02107,02,107,1396,438,0,438,178,260,31.37535816618911,0.0,100.0,40.63926940639269,59.3607305936073
02108,02,108,3746,866,5,861,276,585,23.117992525360386,0.5773672055427251,99.42263279445727,31.87066974595843,67.55196304849885
02109,02,109,972,259,1,258,68,190,26.64609053497942,0.3861003861003861,99.61389961389962,26.254826254826252,73.35907335907336
02110,02,110,2387,639,2,637,150,487,26.770004189359025,0.3129890453834116,99.68701095461658,23.474178403755868,76.21283255086072
02111,02,111,2353,641,6,635,187,448,27.24181895452614,0.93603744149766,99.06396255850234,29.17316692667707,69.89079563182527
02112,02,112,2487,620,2,618,171,447,24.929634097305993,0.3225806451612903,99.67741935483872,27.580645161290324,72.09677419354838
02113,02,113,1273,168,1,167,98,69,13.197172034564023,0.5952380952380952,99.40476190476191,58.333333333333336,41.07142857142857
02114,02,114,918,140,0,140,52,88,15.250544662309368,0.0,100.0,37.142857142857146,62.857142857142854
02115,02,115,1974,336,2,334,168,166,17.02127659574468,0.5952380952380952,99.40476190476191,50.0,49.404761904761905
02116,02,116,965,124,0,124,53,71,12.849740932642487,0.0,100.0,42.74193548387097,57.25806451612904
02117,02,117,2987,519,1,518,259,259,17.375292936056244,0.1926782273603083,99.8073217726397,49.90366088631985,49.90366088631985
02118,02,118,911,164,1,163,76,87,18.00219538968167,0.6097560975609756,99.39024390243902,46.34146341463415,53.04878048780488
02119,02,119,1115,306,1,305,105,200,27.443946188340806,0.32679738562091504,99.67320261437908,34.31372549019608,65.359477124183
02120,02,120,3222,888,0,888,209,679,27.560521415270017,0.0,100.0,23.536036036036037,76.46396396396396
02121,02,121,1150,318,0,318,78,240,27.652173913043477,0.0,100.0,24.528301886792452,75.47169811320755
02122,02,122,1049,242,0,242,77,165,23.069590085795998,0.0,100.0,31.818181818181817,68.18181818181817
02123,02,123,1896,517,0,517,159,358,27.267932489451475,0.0,100.0,30.754352030947775,69.24564796905223
02124,02,124,2388,624,2,622,166,456,26.13065326633166,0.3205128205128205,99.67948717948718,26.602564102564102,73.07692307692307
02125,02,125,3262,671,1,670,190,480,20.570202329858983,0.14903129657228018,99.85096870342772,28.315946348733235,71.53502235469449
02126,02,126,1065,225,0,225,51,174,21.12676056338028,0.0,100.0,22.666666666666664,77.33333333333333
02127,02,127,1384,342,1,341,67,274,24.710982658959537,0.29239766081871343,99.70760233918129,19.5906432748538,80.11695906432749
02128,02,128,806,177,0,177,36,141,21.960297766749378,0.0,100.0,20.33898305084746,79.66101694915254
02129,02,129,1013,251,0,251,70,181,24.777887462981244,0.0,100.0,27.88844621513944,72.11155378486056
02130,02,130,1968,323,0,323,116,207,16.41260162601626,0.0,100.0,35.91331269349845,64.08668730650155
02131,02,131,1721,264,3,261,157,104,15.339918651946544,1.1363636363636365,98.86363636363636,59.46969696969697,39.39393939393939
02132,02,132,1012,194,0,194,48,146,19.1699604743083,0.0,100.0,24.742268041237114,75.25773195876289
02133,02,133,1013,158,0,158,96,62,15.597235932872655,0.0,100.0,60.75949367088608,39.24050632911392
02134,02,134,2291,454,0,454,114,340,19.816673941510256,0.0,100.0,25.11013215859031,74.8898678414097
02135,02,135,1095,212,0,212,38,174,19.360730593607308,0.0,100.0,17.92452830188679,82.0754716981132
02136,02,136,1215,284,0,284,85,199,23.37448559670782,0.0,100.0,29.929577464788732,70.07042253521126
02137,02,137,1323,341,1,340,77,263,25.774754346182917,0.2932551319648094,99.70674486803519,22.58064516129032,77.12609970674487
02138,02,138,3142,716,2,714,158,556,22.788033099936346,0.27932960893854747,99.72067039106145,22.067039106145252,77.6536312849162
02139,02,139,1150,305,0,305,63,242,26.521739130434785,0.0,100.0,20.655737704918035,79.34426229508198
02140,02,140,1810,350,2,348,85,263,19.337016574585636,0.5714285714285714,99.42857142857143,24.285714285714285,75.14285714285714
02141,02,141,2541,697,0,697,133,564,27.430145611963795,0.0,100.0,19.08177905308465,80.91822094691535
02142,02,142,2280,432,2,430,130,300,18.947368421052634,0.4629629629629629,99.53703703703704,30.09259259259259,69.44444444444444
02143,02,143,1382,311,2,309,83,226,22.503617945007235,0.6430868167202572,99.35691318327974,26.688102893890676,72.66881028938906
02144,02,144,2343,537,0,537,99,438,22.91933418693982,0.0,100.0,18.435754189944134,81.56424581005587
02145,02,145,1082,212,0,212,47,165,19.593345656192238,0.0,100.0,22.169811320754718,77.83018867924528
02146,02,146,2164,490,1,489,92,397,22.643253234750464,0.20408163265306123,99.79591836734694,18.775510204081634,81.0204081632653
02147,02,147,617,176,0,176,39,137,28.52512155591572,0.0,100.0,22.15909090909091,77.8409090909091
02148,02,148,1023,270,0,270,62,208,26.392961876832842,0.0,100.0,22.962962962962962,77.03703703703704
02149,02,149,2279,459,0,459,96,363,20.140412461605965,0.0,100.0,20.915032679738562,79.08496732026144
02150,02,150,1219,207,0,207,35,172,16.9811320754717,0.0,100.0,16.908212560386474,83.09178743961353
02151,02,151,1218,230,1,229,51,178,18.88341543513957,0.43478260869565216,99.56521739130434,22.17391304347826,77.39130434782608
02152,02,152,899,169,0,169,44,125,18.798665183537263,0.0,100.0,26.035502958579883,73.96449704142012
02153,02,153,2179,494,2,492,100,392,22.670949977053695,0.4048582995951417,99.59514170040485,20.242914979757085,79.35222672064778
02154,02,154,1325,241,0,241,42,199,18.18867924528302,0.0,100.0,17.42738589211618,82.57261410788381
02155,02,155,1416,218,0,218,50,168,15.3954802259887,0.0,100.0,22.93577981651376,77.06422018348624
02156,02,156,2513,494,2,492,103,389,19.657779546358935,0.4048582995951417,99.59514170040485,20.850202429149796,78.74493927125506
02157,02,157,1177,253,0,253,45,208,21.49532710280374,0.0,100.0,17.786561264822133,82.21343873517787
02158,02,158,1253,278,0,278,45,233,22.186751795690345,0.0,100.0,16.18705035971223,83.81294964028777
02159,02,159,1909,514,1,513,100,413,26.925091671031954,0.19455252918287938,99.80544747081711,19.45525291828794,80.35019455252919
02160,02,160,1403,334,0,334,73,261,23.806129722024234,0.0,100.0,21.856287425149702,78.1437125748503
02161,02,161,1306,296,2,294,51,243,22.6646248085758,0.6756756756756757,99.32432432432432,17.22972972972973,82.0945945945946
02162,02,162,3902,741,2,739,132,607,18.990261404407995,0.2699055330634278,99.73009446693656,17.813765182186234,81.91632928475033
02163,02,163,1142,244,0,244,45,199,21.36602451838879,0.0,100.0,18.442622950819672,81.55737704918032
02164,02,164,5395,1198,1,1197,230,967,22.205746061167748,0.08347245409015025,99.91652754590984,19.198664440734557,80.7178631051753
02165,02,165,2501,499,1,498,125,373,19.95201919232307,0.2004008016032064,99.79959919839679,25.0501002004008,74.74949899799599
02166,02,166,4119,914,3,911,168,743,22.189851905802378,0.3282275711159737,99.67177242888403,18.38074398249453,81.2910284463895
02167,02,167,2453,525,1,524,128,396,21.402364451691806,0.19047619047619047,99.80952380952381,24.38095238095238,75.42857142857143
02168,02,168,3758,718,0,718,142,576,19.10590739755189,0.0,100.0,19.77715877437326,80.22284122562674
02169,02,169,1395,301,0,301,55,246,21.57706093189964,0.0,100.0,18.272425249169437,81.72757475083057
02170,02,170,2550,490,1,489,96,393,19.215686274509807,0.20408163265306123,99.79591836734694,19.591836734693878,80.20408163265306
02171,02,171,1399,292,1,291,50,241,20.87205146533238,0.3424657534246575,99.65753424657534,17.123287671232877,82.53424657534246
02172,02,172,4059,776,2,774,139,635,19.1180093619118,0.25773195876288657,99.74226804123711,17.912371134020617,81.8298969072165
02173,02,173,3864,795,0,795,156,639,20.574534161490686,0.0,100.0,19.622641509433965,80.37735849056604
02174,02,174,1436,275,2,273,73,200,19.15041782729805,0.7272727272727273,99.27272727272727,26.545454545454543,72.72727272727273
02175,02,175,2473,546,1,545,115,430,22.078447230084915,0.18315018315018314,99.81684981684981,21.062271062271062,78.75457875457876
02176,02,176,3505,616,3,613,115,498,17.574893009985733,0.487012987012987,99.51298701298701,18.66883116883117,80.84415584415584
02177,02,177,2814,551,0,551,120,431,19.580668088130775,0.0,100.0,21.77858439201452,78.22141560798548
02178,02,178,1198,259,1,258,68,190,21.619365609348915,0.3861003861003861,99.61389961389962,26.254826254826252,73.35907335907336
02179,02,179,1256,291,0,291,63,228,23.168789808917197,0.0,100.0,21.649484536082475,78.35051546391753
02180,02,180,4210,797,3,794,170,624,18.931116389548695,0.37641154328732745,99.62358845671268,21.329987452948558,78.29360100376411
02181,02,181,914,275,0,275,64,211,30.087527352297595,0.0,100.0,23.272727272727273,76.72727272727272
02182,02,182,1308,234,0,234,43,191,17.889908256880734,0.0,100.0,18.37606837606838,81.62393162393163
02183,02,183,2464,452,1,451,106,345,18.344155844155843,0.22123893805309736,99.77876106194691,23.451327433628318,76.32743362831859
02184,02,184,1242,285,0,285,64,221,22.946859903381643,0.0,100.0,22.45614035087719,77.54385964912281
02185,02,185,2375,564,0,564,96,468,23.74736842105263,0.0,100.0,17.02127659574468,82.97872340425532
02186,02,186,2043,457,1,456,73,383,22.369065100342635,0.2188183807439825,99.78118161925602,15.973741794310722,83.80743982494529
02187,02,187,2364,383,2,381,48,333,16.20135363790186,0.5221932114882507,99.47780678851174,12.532637075718014,86.94516971279373
031A,03,1A,0,765,0,765,245,520,inf,0.0,100.0,32.02614379084967,67.97385620915033
031B,03,1B,0,768,0,768,264,504,inf,0.0,100.0,34.375,65.625
032A,03,2A,0,771,3,768,243,525,inf,0.38910505836575876,99.61089494163424,31.517509727626457,68.09338521400778
032B,03,2B,0,775,1,774,242,532,inf,0.12903225806451613,99.87096774193547,31.225806451612904,68.64516129032258
033A,03,3A,0,772,0,772,267,505,inf,0.0,100.0,34.58549222797927,65.41450777202073
033B,03,3B,0,769,1,768,243,525,inf,0.13003901170351106,99.8699609882965,31.599479843953187,68.2704811443433
034A,03,4A,0,776,3,773,245,528,inf,0.3865979381443299,99.61340206185567,31.572164948453608,68.04123711340206
034B,03,4B,0,779,0,779,273,506,inf,0.0,100.0,35.04492939666239,64.95507060333762
035A,03,5A,0,897,2,895,289,606,inf,0.2229654403567447,99.77703455964325,32.21850613154961,67.55852842809364
035B,03,5B,0,780,3,777,269,508,inf,0.38461538461538464,99.61538461538461,34.48717948717949,65.12820512820512
036A,03,6A,0,776,1,775,228,547,inf,0.12886597938144329,99.87113402061856,29.381443298969074,70.4896907216495
036B,03,6B,0,773,1,772,256,516,inf,0.129366106080207,99.87063389391979,33.11772315653299,66.7529107373868
036C,03,6C,0,761,4,757,265,492,inf,0.5256241787122208,99.47437582128778,34.82260183968462,64.65177398160316
037A,03,7A,0,775,0,775,247,528,inf,0.0,100.0,31.870967741935484,68.12903225806451
037B,03,7B,0,777,1,776,215,561,inf,0.1287001287001287,99.87129987129987,27.670527670527672,72.2007722007722
038A,03,8A,0,770,0,770,248,522,inf,0.0,100.0,32.20779220779221,67.79220779220779
038B,03,8B,0,769,2,767,242,525,inf,0.26007802340702213,99.73992197659298,31.469440832249674,68.2704811443433
038C,03,8C,0,786,0,786,245,541,inf,0.0,100.0,31.170483460559794,68.8295165394402
039A,03,9A,0,772,1,771,234,537,inf,0.1295336787564767,99.87046632124353,30.310880829015545,69.55958549222798
039B,03,9B,0,796,2,794,246,548,inf,0.25125628140703515,99.74874371859298,30.90452261306533,68.84422110552764
039C,03,9C,0,790,0,790,263,527,inf,0.0,100.0,33.291139240506325,66.70886075949367
03101,03,101,2388,454,0,454,136,318,19.01172529313233,0.0,100.0,29.955947136563875,70.04405286343612
03102,03,102,2281,332,0,332,95,237,14.555019728189391,0.0,100.0,28.614457831325304,71.3855421686747
03103,03,103,1604,371,0,371,82,289,23.129675810473817,0.0,100.0,22.10242587601078,77.89757412398922
03104,03,104,1187,192,1,191,52,139,16.175231676495365,0.5208333333333333,99.47916666666666,27.083333333333332,72.39583333333334
03105,03,105,1138,131,0,131,36,95,11.511423550087873,0.0,100.0,27.480916030534353,72.51908396946564
03106,03,106,910,123,1,122,38,84,13.516483516483516,0.8130081300813009,99.1869918699187,30.89430894308943,68.29268292682927
03107,03,107,1474,263,0,263,73,190,17.84260515603799,0.0,100.0,27.756653992395435,72.24334600760456
03108,03,108,3619,594,0,594,188,406,16.41337386018237,0.0,100.0,31.64983164983165,68.35016835016835
03109,03,109,3132,596,0,596,152,444,19.029374201787995,0.0,100.0,25.503355704697988,74.49664429530202
03110,03,110,1414,250,0,250,111,139,17.68033946251768,0.0,100.0,44.4,55.60000000000001
03111,03,111,1233,358,1,357,107,250,29.034874290348746,0.27932960893854747,99.72067039106145,29.88826815642458,69.83240223463687
03112,03,112,2968,860,0,860,255,605,28.975741239892184,0.0,100.0,29.651162790697676,70.34883720930233
03113,03,113,1070,324,0,324,111,213,30.2803738317757,0.0,100.0,34.25925925925926,65.74074074074075
03114,03,114,1478,413,0,413,152,261,27.94316644113667,0.0,100.0,36.803874092009686,63.19612590799032
03115,03,115,3006,662,1,661,250,411,22.02262142381903,0.1510574018126888,99.8489425981873,37.764350453172206,62.08459214501511
03116,03,116,1487,269,0,269,102,167,18.09011432414257,0.0,100.0,37.9182156133829,62.0817843866171
03117,03,117,3260,715,0,715,208,507,21.932515337423315,0.0,100.0,29.09090909090909,70.9090909090909
03201,03,201,816,177,0,177,38,139,21.691176470588236,0.0,100.0,21.468926553672315,78.53107344632768
03202,03,202,631,124,1,123,65,58,19.6513470681458,0.8064516129032258,99.19354838709677,52.41935483870967,46.774193548387096
03203,03,203,2845,535,0,535,170,365,18.804920913884008,0.0,100.0,31.775700934579437,68.22429906542055
03204,03,204,2666,477,0,477,176,301,17.891972993248313,0.0,100.0,36.897274633123686,63.102725366876314
03205,03,205,1159,241,0,241,94,147,20.79378774805867,0.0,100.0,39.004149377593365,60.99585062240664
03206,03,206,2588,646,0,646,274,372,24.961360123647605,0.0,100.0,42.414860681114554,57.585139318885446
03207,03,207,2176,558,0,558,240,318,25.643382352941174,0.0,100.0,43.01075268817204,56.98924731182796
03208,03,208,1566,411,0,411,166,245,26.245210727969347,0.0,100.0,40.38929440389295,59.61070559610706
03209,03,209,2866,634,0,634,186,448,22.12142358688067,0.0,100.0,29.33753943217666,70.66246056782335
03210,03,210,3041,730,2,728,227,501,24.005261427162118,0.273972602739726,99.72602739726028,31.095890410958905,68.63013698630137
03211,03,211,1264,314,0,314,111,203,24.841772151898734,0.0,100.0,35.35031847133758,64.64968152866241
03212,03,212,2802,768,3,765,277,488,27.40899357601713,0.390625,99.609375,36.06770833333333,63.541666666666664
03213,03,213,2824,715,3,712,308,404,25.31869688385269,0.4195804195804196,99.58041958041957,43.07692307692308,56.50349650349651
03214,03,214,1311,264,1,263,74,189,20.137299771167047,0.3787878787878788,99.62121212121212,28.030303030303028,71.5909090909091
03215,03,215,1406,384,0,384,133,251,27.311522048364157,0.0,100.0,34.63541666666667,65.36458333333334
03216,03,216,1570,413,1,412,138,274,26.305732484076433,0.24213075060532688,99.75786924939467,33.41404358353511,66.34382566585957
03301,03,301,2496,564,0,564,167,397,22.596153846153847,0.0,100.0,29.609929078014186,70.39007092198581
03302,03,302,1024,210,2,208,65,143,20.5078125,0.9523809523809524,99.04761904761905,30.952380952380953,68.0952380952381
03303,03,303,2307,414,1,413,114,299,17.945383615084527,0.24154589371980675,99.7584541062802,27.536231884057973,72.22222222222221
03304,03,304,1140,247,1,246,63,183,21.666666666666668,0.4048582995951417,99.59514170040485,25.506072874493928,74.08906882591093
03305,03,305,2341,511,0,511,138,373,21.828278513455786,0.0,100.0,27.00587084148728,72.99412915851272
03306,03,306,1155,296,0,296,83,213,25.627705627705627,0.0,100.0,28.040540540540544,71.95945945945947
03307,03,307,1068,291,0,291,85,206,27.247191011235955,0.0,100.0,29.20962199312715,70.79037800687286
03308,03,308,1181,333,0,333,117,216,28.19644369178662,0.0,100.0,35.13513513513514,64.86486486486487
03309,03,309,2385,548,1,547,166,381,22.9769392033543,0.18248175182481752,99.81751824817519,30.29197080291971,69.52554744525547
03310,03,310,2406,516,1,515,114,401,21.44638403990025,0.1937984496124031,99.8062015503876,22.093023255813954,77.71317829457365
03311,03,311,1115,221,1,220,49,171,19.82062780269058,0.4524886877828055,99.5475113122172,22.171945701357465,77.37556561085974
03312,03,312,2819,765,2,763,191,572,27.137282724370344,0.261437908496732,99.73856209150327,24.96732026143791,74.77124183006536
03313,03,313,1353,451,1,450,123,327,33.33333333333333,0.22172949002217296,99.77827050997783,27.27272727272727,72.50554323725056
03314,03,314,1098,282,1,281,92,189,25.683060109289617,0.3546099290780142,99.64539007092199,32.62411347517731,67.02127659574468
03315,03,315,2214,479,3,476,140,336,21.63504968383017,0.6263048016701461,99.37369519832986,29.227557411273487,70.14613778705638
03316,03,316,1343,311,1,310,99,211,23.15711094564408,0.3215434083601286,99.67845659163987,31.832797427652732,67.84565916398714
03317,03,317,2416,598,0,598,178,420,24.751655629139073,0.0,100.0,29.76588628762542,70.23411371237458
03318,03,318,941,225,0,225,59,166,23.910733262486715,0.0,100.0,26.222222222222225,73.77777777777777
03401,03,401,2472,550,1,549,159,390,22.249190938511326,0.18181818181818182,99.81818181818181,28.909090909090907,70.9090909090909
03402,03,402,2363,561,0,561,183,378,23.741007194244602,0.0,100.0,32.62032085561498,67.37967914438502
03403,03,403,1040,190,0,190,31,159,18.269230769230766,0.0,100.0,16.315789473684212,83.6842105263158
03404,03,404,2172,411,0,411,96,315,18.922651933701655,0.0,100.0,23.357664233576642,76.64233576642336
03405,03,405,1178,168,0,168,52,116,14.261460101867574,0.0,100.0,30.952380952380953,69.04761904761905
03406,03,406,1682,316,1,315,78,237,18.7871581450654,0.31645569620253167,99.68354430379746,24.68354430379747,75.0
03407,03,407,2676,615,0,615,222,393,22.982062780269057,0.0,100.0,36.09756097560975,63.90243902439025
03408,03,408,2243,317,2,315,83,232,14.13285777975925,0.6309148264984227,99.36908517350159,26.18296529968454,73.18611987381703
03409,03,409,1254,209,0,209,57,152,16.666666666666664,0.0,100.0,27.27272727272727,72.72727272727273
03410,03,410,1176,229,0,229,47,182,19.472789115646258,0.0,100.0,20.52401746724891,79.47598253275109
03411,03,411,2659,444,1,443,118,325,16.698006769462204,0.22522522522522523,99.77477477477478,26.576576576576578,73.1981981981982
03412,03,412,1017,201,1,200,65,135,19.76401179941003,0.4975124378109453,99.50248756218906,32.33830845771145,67.16417910447761
03413,03,413,771,160,0,160,42,118,20.752269779507134,0.0,100.0,26.25,73.75
03414,03,414,2250,411,1,410,93,317,18.266666666666666,0.24330900243309003,99.7566909975669,22.62773722627737,77.12895377128953
03415,03,415,2660,497,0,497,116,381,18.684210526315788,0.0,100.0,23.340040241448694,76.65995975855131
03416,03,416,1477,237,0,237,27,210,16.046039268788086,0.0,100.0,11.39240506329114,88.60759493670885
03501,03,501,2796,634,1,633,182,451,22.67525035765379,0.15772870662460567,99.84227129337539,28.706624605678233,71.13564668769716
03502,03,502,3012,500,2,498,139,359,16.600265604249667,0.4,99.6,27.800000000000004,71.8
03503,03,503,1586,415,0,415,124,291,26.166456494325345,0.0,100.0,29.87951807228916,70.12048192771084
03504,03,504,2499,595,0,595,152,443,23.809523809523807,0.0,100.0,25.546218487394956,74.45378151260505
03505,03,505,2179,505,0,505,122,383,23.1757687012391,0.0,100.0,24.15841584158416,75.84158415841584
03506,03,506,2938,565,2,563,152,411,19.230769230769234,0.35398230088495575,99.64601769911503,26.902654867256636,72.7433628318584
03507,03,507,2222,488,2,486,101,385,21.962196219621962,0.4098360655737705,99.59016393442623,20.69672131147541,78.89344262295081
03508,03,508,2344,481,0,481,95,386,20.52047781569966,0.0,100.0,19.75051975051975,80.24948024948026
03509,03,509,2408,479,3,476,121,355,19.89202657807309,0.6263048016701461,99.37369519832986,25.260960334029225,74.11273486430062
03510,03,510,2754,589,2,587,135,452,21.387073347857662,0.3395585738539898,99.66044142614601,22.920203735144312,76.7402376910017
03511,03,511,1144,255,1,254,54,200,22.29020979020979,0.39215686274509803,99.6078431372549,21.176470588235293,78.43137254901961
03512,03,512,2306,535,0,535,159,376,23.200346921075454,0.0,100.0,29.719626168224302,70.2803738317757
03513,03,513,1240,314,0,314,87,227,25.322580645161292,0.0,100.0,27.70700636942675,72.29299363057325
03514,03,514,801,232,0,232,64,168,28.963795255930087,0.0,100.0,27.586206896551722,72.41379310344827
03601,03,601,1135,290,0,290,68,222,25.55066079295154,0.0,100.0,23.448275862068964,76.55172413793103
03602,03,602,1316,245,0,245,72,173,18.617021276595743,0.0,100.0,29.38775510204082,70.61224489795919
03603,03,603,1270,287,1,286,62,224,22.598425196850393,0.34843205574912894,99.65156794425087,21.602787456445995,78.04878048780488
03604,03,604,2446,645,1,644,144,500,26.369582992641043,0.15503875968992248,99.84496124031008,22.325581395348838,77.51937984496125
03605,03,605,1842,498,0,498,122,376,27.035830618892508,0.0,100.0,24.497991967871485,75.50200803212851
03606,03,606,2332,626,0,626,160,466,26.843910806174957,0.0,100.0,25.559105431309902,74.4408945686901
03607,03,607,1620,363,1,362,93,269,22.407407407407405,0.27548209366391185,99.72451790633609,25.6198347107438,74.10468319559229
03608,03,608,1699,428,2,426,101,325,25.1912889935256,0.46728971962616817,99.53271028037383,23.598130841121495,75.93457943925233
03609,03,609,1802,480,0,480,123,357,26.637069922308548,0.0,100.0,25.624999999999996,74.375
03610,03,610,2120,496,0,496,117,379,23.39622641509434,0.0,100.0,23.588709677419356,76.41129032258065
03611,03,611,1651,447,1,446,119,327,27.07450030284676,0.22371364653243847,99.77628635346755,26.62192393736018,73.15436241610739
03612,03,612,1643,402,0,402,103,299,24.46743761412051,0.0,100.0,25.621890547263682,74.37810945273633
03613,03,613,887,189,0,189,45,144,21.307779030439683,0.0,100.0,23.809523809523807,76.19047619047619
03614,03,614,787,187,1,186,45,141,23.761118170266837,0.53475935828877,99.46524064171123,24.06417112299465,75.40106951871658
03615,03,615,1643,389,1,388,88,300,23.676202069385273,0.2570694087403599,99.74293059125964,22.62210796915167,77.12082262210797
03616,03,616,1920,443,1,442,104,338,23.072916666666668,0.2257336343115124,99.77426636568849,23.47629796839729,76.2979683972912
03617,03,617,2170,465,2,463,122,341,21.428571428571427,0.43010752688172044,99.56989247311829,26.236559139784948,73.33333333333333
03618,03,618,1823,398,2,396,115,281,21.832144816236973,0.5025125628140703,99.49748743718592,28.894472361809044,70.60301507537689
03619,03,619,1690,399,0,399,93,306,23.609467455621303,0.0,100.0,23.308270676691727,76.69172932330827
03701,03,701,1396,203,0,203,54,149,14.541547277936962,0.0,100.0,26.60098522167488,73.39901477832512
03702,03,702,2876,499,2,497,136,361,17.35048678720445,0.4008016032064128,99.59919839679358,27.25450901803607,72.34468937875751
03703,03,703,2931,473,2,471,123,348,16.13783691572842,0.42283298097251587,99.57716701902748,26.004228329809724,73.57293868921776
03704,03,704,2455,537,2,535,151,384,21.873727087576373,0.37243947858473,99.62756052141528,28.11918063314711,71.50837988826815
03705,03,705,1584,200,0,200,54,146,12.626262626262626,0.0,100.0,27.0,73.0
03706,03,706,1508,255,0,255,58,197,16.909814323607428,0.0,100.0,22.745098039215687,77.25490196078432
03707,03,707,1373,228,1,227,70,157,16.60597232337946,0.43859649122807015,99.56140350877193,30.701754385964914,68.85964912280701
03708,03,708,1517,290,0,290,85,205,19.11667765326302,0.0,100.0,29.310344827586203,70.6896551724138
03709,03,709,2273,479,0,479,129,350,21.073471183457983,0.0,100.0,26.931106471816285,73.06889352818372
03710,03,710,2096,506,1,505,128,377,24.141221374045802,0.1976284584980237,99.80237154150198,25.296442687747035,74.50592885375494
03711,03,711,956,193,0,193,50,143,20.188284518828453,0.0,100.0,25.906735751295333,74.09326424870466
03712,03,712,2444,561,0,561,138,423,22.95417348608838,0.0,100.0,24.598930481283425,75.40106951871658
03713,03,713,1139,284,2,282,72,210,24.934152765583846,0.7042253521126761,99.29577464788733,25.352112676056336,73.94366197183099
03714,03,714,1068,214,0,214,42,172,20.037453183520597,0.0,100.0,19.626168224299064,80.37383177570094
03715,03,715,1496,308,2,306,59,247,20.588235294117645,0.6493506493506493,99.35064935064936,19.155844155844157,80.1948051948052
03716,03,716,2095,380,1,379,91,288,18.138424821002385,0.2631578947368421,99.73684210526315,23.94736842105263,75.78947368421053
03717,03,717,1335,257,0,257,86,171,19.250936329588015,0.0,100.0,33.46303501945525,66.53696498054474
03801,03,801,2017,366,2,364,87,277,18.145761031234507,0.546448087431694,99.4535519125683,23.770491803278688,75.68306010928961
03802,03,802,1376,301,0,301,58,243,21.875,0.0,100.0,19.269102990033225,80.73089700996677
03803,03,803,1123,265,1,264,68,196,23.597506678539627,0.37735849056603776,99.62264150943396,25.660377358490567,73.9622641509434
03804,03,804,2462,532,2,530,156,374,21.608448415922016,0.37593984962406013,99.62406015037594,29.32330827067669,70.30075187969925
03805,03,805,1151,278,0,278,84,194,24.152910512597742,0.0,100.0,30.215827338129497,69.7841726618705
03806,03,806,1277,335,1,334,92,242,26.233359436178542,0.2985074626865672,99.70149253731343,27.46268656716418,72.23880597014926
03807,03,807,2234,604,3,601,159,442,27.0367054610564,0.49668874172185434,99.50331125827815,26.32450331125828,73.17880794701986
03808,03,808,1708,440,0,440,89,351,25.76112412177986,0.0,100.0,20.227272727272727,79.77272727272727
03809,03,809,2157,559,2,557,143,414,25.915623551228556,0.35778175313059035,99.6422182468694,25.581395348837212,74.0608228980322
03810,03,810,2131,496,0,496,120,376,23.27545753167527,0.0,100.0,24.193548387096776,75.80645161290323
03811,03,811,1132,313,0,313,84,229,27.65017667844523,0.0,100.0,26.837060702875398,73.1629392971246
03812,03,812,1328,316,0,316,76,240,23.795180722891565,0.0,100.0,24.050632911392405,75.9493670886076
03813,03,813,1138,315,1,314,79,235,27.680140597539545,0.31746031746031744,99.68253968253968,25.07936507936508,74.60317460317461
03814,03,814,2270,613,0,613,199,414,27.004405286343612,0.0,100.0,32.46329526916802,67.53670473083197
03815,03,815,1118,279,0,279,81,198,24.955277280858677,0.0,100.0,29.03225806451613,70.96774193548387
03816,03,816,1891,513,1,512,117,395,27.128503437334743,0.1949317738791423,99.80506822612085,22.807017543859647,76.99805068226121
03817,03,817,1086,254,0,254,72,182,23.388581952117864,0.0,100.0,28.346456692913385,71.65354330708661
03818,03,818,1313,307,0,307,58,249,23.381568926123382,0.0,100.0,18.892508143322477,81.10749185667753
03901,03,901,2593,613,3,610,151,459,23.640570767450832,0.48939641109298526,99.510603588907,24.63295269168026,74.87765089722676
03902,03,902,2403,587,1,586,127,459,24.427798585101957,0.17035775127768313,99.82964224872232,21.63543441226576,78.19420783645657
03903,03,903,1128,240,0,240,66,174,21.27659574468085,0.0,100.0,27.500000000000004,72.5
03904,03,904,828,159,0,159,49,110,19.202898550724637,0.0,100.0,30.81761006289308,69.18238993710692
03905,03,905,1271,273,0,273,61,212,21.47915027537372,0.0,100.0,22.344322344322347,77.65567765567766
03906,03,906,2489,526,0,526,127,399,21.132985134592204,0.0,100.0,24.14448669201521,75.8555133079848
03907,03,907,2491,475,3,472,112,360,19.0686471296668,0.631578947368421,99.36842105263159,23.57894736842105,75.78947368421053
03908,03,908,786,134,0,134,19,115,17.048346055979643,0.0,100.0,14.17910447761194,85.82089552238806
03909,03,909,1059,165,2,163,32,131,15.58073654390935,1.2121212121212122,98.7878787878788,19.393939393939394,79.39393939393939
03910,03,910,1109,337,1,336,62,274,30.387736699729484,0.2967359050445104,99.70326409495549,18.397626112759642,81.30563798219585
03911,03,911,1269,209,1,208,55,153,16.469661150512213,0.4784688995215311,99.52153110047847,26.31578947368421,73.20574162679426
03912,03,912,2788,655,3,652,172,480,23.493543758967,0.45801526717557256,99.54198473282443,26.259541984732827,73.2824427480916
03913,03,913,1383,331,0,331,76,255,23.93347794649313,0.0,100.0,22.9607250755287,77.0392749244713
03914,03,914,1092,324,0,324,109,215,29.67032967032967,0.0,100.0,33.641975308641975,66.35802469135803
03915,03,915,2273,580,0,580,171,409,25.51693796744391,0.0,100.0,29.48275862068965,70.51724137931035
03916,03,916,1175,400,0,400,113,287,34.04255319148936,0.0,100.0,28.249999999999996,71.75
03917,03,917,2409,584,1,583,148,435,24.242424242424242,0.17123287671232876,99.82876712328768,25.34246575342466,74.48630136986301
03918,03,918,2459,485,1,484,106,378,19.723464823098823,0.2061855670103093,99.79381443298969,21.855670103092784,77.93814432989691
03919,03,919,2113,341,1,340,90,250,16.138192143871276,0.2932551319648094,99.70674486803519,26.392961876832842,73.31378299120234
041A,04,1A,0,707,1,706,436,270,inf,0.14144271570014144,99.85855728429985,61.669024045261665,38.189533239038184
041B,04,1B,0,735,2,733,459,274,inf,0.27210884353741494,99.72789115646259,62.44897959183674,37.27891156462585
041C,04,1C,0,738,2,736,478,258,inf,0.27100271002710025,99.7289972899729,64.76964769647697,34.959349593495936
041D,04,1D,0,720,2,718,439,279,inf,0.2777777777777778,99.72222222222223,60.97222222222223,38.75
041E,04,1E,0,824,1,823,487,336,inf,0.12135922330097086,99.87864077669903,59.101941747572816,40.77669902912621
041F,04,1F,0,768,3,765,508,257,inf,0.390625,99.609375,66.14583333333334,33.46354166666667
041G,04,1G,0,1124,1,1123,748,375,inf,0.0889679715302491,99.91103202846975,66.54804270462633,33.362989323843415
041H,04,1H,0,989,2,987,655,332,inf,0.20222446916076847,99.79777553083923,66.22851365015167,33.56926188068756
041J,04,1J,0,839,0,839,549,290,inf,0.0,100.0,65.43504171632897,34.56495828367104
041K,04,1K,0,905,1,904,554,350,inf,0.11049723756906078,99.88950276243094,61.215469613259664,38.67403314917127
041L,04,1L,0,1097,1,1096,671,425,inf,0.09115770282588878,99.90884229717412,61.16681859617138,38.742023701002736
041M,04,1M,0,778,0,778,503,275,inf,0.0,100.0,64.65295629820051,35.347043701799485
041N,04,1N,0,749,1,748,492,256,inf,0.13351134846461948,99.86648865153538,65.68758344459279,34.17890520694259
041O,04,1O,0,721,2,719,451,268,inf,0.27739251040221913,99.72260748959778,62.55201109570042,37.17059639389736
041P,04,1P,0,997,4,993,656,337,inf,0.4012036108324975,99.5987963891675,65.79739217652958,33.80140421263791
041Q,04,1Q,0,808,2,806,517,289,inf,0.24752475247524752,99.75247524752476,63.98514851485149,35.76732673267327
041R,04,1R,0,647,1,646,422,224,inf,0.1545595054095827,99.84544049459042,65.2241112828439,34.62132921174652
041S,04,1S,0,643,0,643,424,219,inf,0.0,100.0,65.94090202177294,34.05909797822706
041T,04,1T,0,690,1,689,411,278,inf,0.14492753623188406,99.85507246376811,59.56521739130435,40.28985507246377
041U,04,1U,0,1208,0,1208,756,452,inf,0.0,100.0,62.58278145695364,37.41721854304636
041V,04,1V,0,1012,1,1011,634,377,inf,0.09881422924901186,99.90118577075098,62.64822134387352,37.25296442687747
041W,04,1W,0,776,0,776,495,281,inf,0.0,100.0,63.78865979381443,36.21134020618557
041X,04,1X,0,165,0,165,96,69,inf,0.0,100.0,58.18181818181818,41.81818181818181
041Y,04,1Y,0,160,0,160,105,55,inf,0.0,100.0,65.625,34.375
041Z,04,1Z,0,97,0,97,56,41,inf,0.0,100.0,57.73195876288659,42.2680412371134
04101,04,101,1818,286,2,284,173,111,15.731573157315731,0.6993006993006993,99.3006993006993,60.48951048951049,38.81118881118881
04102,04,102,2025,325,2,323,231,92,16.049382716049383,0.6153846153846154,99.38461538461539,71.07692307692308,28.307692307692307
04103,04,103,1633,332,0,332,249,83,20.330679730557257,0.0,100.0,75.0,25.0
04104,04,104,1633,354,1,353,256,97,21.677893447642376,0.2824858757062147,99.71751412429379,72.31638418079096,27.401129943502823
04105,04,105,1368,225,0,225,161,64,16.447368421052634,0.0,100.0,71.55555555555554,28.444444444444443
04106,04,106,2153,409,0,409,293,116,18.996748722712496,0.0,100.0,71.63814180929096,28.361858190709043
04107,04,107,2039,375,0,375,287,88,18.391368317802844,0.0,100.0,76.53333333333333,23.466666666666665
04108,04,108,1213,245,0,245,134,111,20.19785655399835,0.0,100.0,54.69387755102041,45.30612244897959
04109,04,109,1428,276,1,275,170,105,19.327731092436977,0.36231884057971014,99.63768115942028,61.59420289855072,38.04347826086957
04110,04,110,1555,360,0,360,183,177,23.15112540192926,0.0,100.0,50.83333333333333,49.166666666666664
04111,04,111,2018,471,0,471,250,221,23.339940535183352,0.0,100.0,53.07855626326964,46.92144373673036
04112,04,112,1986,483,0,483,218,265,24.3202416918429,0.0,100.0,45.13457556935818,54.865424430641816
04113,04,113,1265,285,0,285,162,123,22.529644268774703,0.0,100.0,56.84210526315789,43.15789473684211
04114,04,114,1265,437,0,437,276,161,34.54545454545455,0.0,100.0,63.1578947368421,36.84210526315789
04115,04,115,2274,651,0,651,461,190,28.62796833773087,0.0,100.0,70.81413210445469,29.185867895545314
04116,04,116,2029,684,1,683,473,210,33.71118777723016,0.14619883040935672,99.85380116959064,69.15204678362574,30.701754385964914
04117,04,117,1313,377,0,377,277,100,28.71287128712871,0.0,100.0,73.47480106100795,26.525198938992045
04118,04,118,1797,487,1,486,328,158,27.100723427935446,0.20533880903490762,99.7946611909651,67.35112936344969,32.4435318275154
04119,04,119,1827,553,1,552,380,172,30.268199233716476,0.18083182640144665,99.81916817359856,68.71609403254972,31.103074141048825
04120,04,120,1638,433,1,432,274,158,26.434676434676437,0.23094688221709006,99.76905311778292,63.279445727482674,36.489607390300236
04121,04,121,1644,302,2,300,182,118,18.369829683698295,0.6622516556291391,99.33774834437085,60.264900662251655,39.0728476821192
04122,04,122,894,209,2,207,94,113,23.37807606263982,0.9569377990430622,99.04306220095694,44.97607655502392,54.066985645933016
04123,04,123,1543,334,0,334,162,172,21.646143875567077,0.0,100.0,48.50299401197605,51.49700598802395
04124,04,124,1349,317,2,315,201,114,23.498888065233505,0.6309148264984227,99.36908517350159,63.40694006309149,35.96214511041009
04125,04,125,1410,352,0,352,207,145,24.9645390070922,0.0,100.0,58.80681818181818,41.19318181818182
04126,04,126,1458,462,0,462,308,154,31.68724279835391,0.0,100.0,66.66666666666666,33.33333333333333
04127,04,127,1652,483,1,482,315,167,29.23728813559322,0.2070393374741201,99.79296066252587,65.21739130434783,34.57556935817806
04128,04,128,1566,474,0,474,310,164,30.268199233716476,0.0,100.0,65.40084388185655,34.59915611814346
04129,04,129,1508,448,2,446,318,128,29.708222811671085,0.4464285714285714,99.55357142857143,70.98214285714286,28.57142857142857
04130,04,130,2156,609,0,609,380,229,28.246753246753247,0.0,100.0,62.39737274220033,37.60262725779967
04131,04,131,1724,582,1,581,397,184,33.75870069605568,0.1718213058419244,99.82817869415808,68.21305841924399,31.615120274914087
04132,04,132,1561,547,1,546,356,190,35.0416399743754,0.18281535648994515,99.81718464351006,65.08226691042047,34.73491773308958
04133,04,133,737,289,0,289,178,111,39.21302578018996,0.0,100.0,61.5916955017301,38.4083044982699
04134,04,134,1307,355,1,354,190,164,27.161438408569243,0.28169014084507044,99.71830985915493,53.52112676056338,46.19718309859155
04135,04,135,1560,423,1,422,264,158,27.115384615384613,0.2364066193853428,99.76359338061465,62.4113475177305,37.35224586288416
04136,04,136,1606,343,0,343,173,170,21.357409713574096,0.0,100.0,50.437317784256564,49.56268221574344
04137,04,137,1313,336,1,335,180,155,25.59025133282559,0.2976190476190476,99.70238095238095,53.57142857142857,46.13095238095239
04138,04,138,1266,338,0,338,197,141,26.698262243285942,0.0,100.0,58.28402366863905,41.71597633136095
04139,04,139,1726,388,0,388,194,194,22.479721900347624,0.0,100.0,50.0,50.0
04140,04,140,1800,512,0,512,208,304,28.444444444444443,0.0,100.0,40.625,59.375
04141,04,141,2006,475,2,473,221,252,23.678963110667997,0.42105263157894735,99.57894736842105,46.526315789473685,53.05263157894737
04142,04,142,1783,450,1,449,256,193,25.238362310712283,0.2222222222222222,99.77777777777777,56.888888888888886,42.888888888888886
04143,04,143,1492,403,0,403,245,158,27.010723860589813,0.0,100.0,60.7940446650124,39.20595533498759
04144,04,144,1526,421,0,421,206,215,27.58846657929227,0.0,100.0,48.9311163895487,51.06888361045131
04145,04,145,2073,519,0,519,290,229,25.03617945007236,0.0,100.0,55.8766859344894,44.1233140655106
04146,04,146,1414,414,1,413,209,204,29.27864214992928,0.24154589371980675,99.7584541062802,50.48309178743962,49.275362318840585
04147,04,147,1706,446,0,446,219,227,26.143024618991795,0.0,100.0,49.10313901345291,50.89686098654709
04148,04,148,1916,579,0,579,313,266,30.219206680584556,0.0,100.0,54.0587219343696,45.9412780656304
04149,04,149,1794,417,1,416,201,215,23.244147157190636,0.2398081534772182,99.76019184652279,48.201438848920866,51.55875299760192
04150,04,150,2103,558,1,557,270,287,26.533523537803138,0.17921146953405018,99.82078853046595,48.38709677419355,51.4336917562724
04151,04,151,1806,384,1,383,178,205,21.262458471760798,0.26041666666666663,99.73958333333334,46.35416666666667,53.385416666666664
04152,04,152,2096,487,0,487,247,240,23.234732824427482,0.0,100.0,50.71868583162218,49.28131416837782
04153,04,153,1429,330,0,330,160,170,23.093072078376487,0.0,100.0,48.484848484848484,51.515151515151516
04154,04,154,1056,207,0,207,128,79,19.602272727272727,0.0,100.0,61.83574879227053,38.164251207729464
04155,04,155,1461,249,0,249,131,118,17.04312114989733,0.0,100.0,52.610441767068274,47.389558232931726
04156,04,156,1135,281,0,281,165,116,24.75770925110132,0.0,100.0,58.718861209964416,41.281138790035584
04157,04,157,1518,278,0,278,146,132,18.31357048748353,0.0,100.0,52.51798561151079,47.482014388489205
04158,04,158,1663,319,0,319,199,120,19.182200841852072,0.0,100.0,62.38244514106584,37.61755485893417
04159,04,159,1788,381,0,381,186,195,21.308724832214764,0.0,100.0,48.818897637795274,51.181102362204726
04160,04,160,1011,227,1,226,122,104,22.45301681503462,0.4405286343612335,99.55947136563876,53.74449339207048,45.81497797356828
04161,04,161,1907,425,0,425,217,208,22.286313581541688,0.0,100.0,51.05882352941177,48.94117647058824
04162,04,162,1295,313,0,313,162,151,24.16988416988417,0.0,100.0,51.75718849840255,48.242811501597444
04163,04,163,1862,437,1,436,208,228,23.46938775510204,0.2288329519450801,99.77116704805492,47.59725400457666,52.17391304347826
04164,04,164,1873,374,0,374,190,184,19.9679658302189,0.0,100.0,50.80213903743316,49.19786096256685
04165,04,165,1665,363,0,363,179,184,21.8018018018018,0.0,100.0,49.311294765840216,50.688705234159784
04166,04,166,1713,441,1,440,217,223,25.74430823117338,0.22675736961451248,99.77324263038548,49.2063492063492,50.56689342403629
04167,04,167,1971,422,0,422,223,199,21.410451547437848,0.0,100.0,52.843601895734594,47.1563981042654
04168,04,168,2105,506,0,506,267,239,24.038004750593824,0.0,100.0,52.76679841897233,47.233201581027664
04169,04,169,1671,424,0,424,236,188,25.37402752842609,0.0,100.0,55.660377358490564,44.339622641509436
04170,04,170,1630,320,3,317,173,144,19.631901840490798,0.9375,99.0625,54.0625,45.0
04171,04,171,874,263,1,262,198,64,30.09153318077803,0.38022813688212925,99.61977186311786,75.2851711026616,24.334600760456272
04172,04,172,2138,548,0,548,305,243,25.63143124415341,0.0,100.0,55.65693430656934,44.34306569343065
04173,04,173,1781,394,0,394,244,150,22.122403144300954,0.0,100.0,61.92893401015228,38.07106598984771
04174,04,174,1651,447,1,446,265,181,27.07450030284676,0.22371364653243847,99.77628635346755,59.28411633109619,40.49217002237137
04175,04,175,1635,394,0,394,292,102,24.097859327217126,0.0,100.0,74.11167512690355,25.888324873096447
04176,04,176,1693,527,1,526,351,175,31.12817483756645,0.18975332068311196,99.81024667931689,66.60341555977229,33.206831119544596
04177,04,177,1550,465,1,464,304,160,30.0,0.21505376344086022,99.78494623655914,65.3763440860215,34.40860215053764
04178,04,178,2033,521,0,521,337,184,25.62715199212986,0.0,100.0,64.68330134357005,35.31669865642994
04179,04,179,1632,408,0,408,305,103,25.0,0.0,100.0,74.75490196078431,25.245098039215684
04180,04,180,1687,421,0,421,313,108,24.955542382928275,0.0,100.0,74.34679334916865,25.653206650831358
04181,04,181,1645,371,0,371,255,116,22.5531914893617,0.0,100.0,68.73315363881402,31.266846361185983
04182,04,182,1559,424,0,424,284,140,27.196921103271325,0.0,100.0,66.98113207547169,33.0188679245283
04183,04,183,2155,518,3,515,287,228,24.037122969837586,0.5791505791505791,99.42084942084942,55.4054054054054,44.01544401544402
04184,04,184,2134,671,2,669,392,277,31.443298969072163,0.29806259314456035,99.70193740685544,58.42026825633383,41.28166915052161
04185,04,185,1742,395,0,395,243,152,22.67508610792193,0.0,100.0,61.518987341772146,38.48101265822785
04186,04,186,1694,455,1,454,262,192,26.859504132231404,0.21978021978021978,99.78021978021978,57.58241758241758,42.1978021978022
04187,04,187,1648,437,0,437,274,163,26.51699029126214,0.0,100.0,62.70022883295194,37.29977116704806
04188,04,188,1902,393,0,393,239,154,20.66246056782334,0.0,100.0,60.81424936386769,39.18575063613232
04189,04,189,922,189,0,189,104,85,20.498915401301517,0.0,100.0,55.026455026455025,44.97354497354497
04190,04,190,1543,375,1,374,237,137,24.303305249513933,0.26666666666666666,99.73333333333333,63.2,36.53333333333333
04191,04,191,1588,404,0,404,249,155,25.440806045340054,0.0,100.0,61.633663366336634,38.366336633663366
04192,04,192,1394,324,0,324,193,131,23.242467718794835,0.0,100.0,59.5679012345679,40.4320987654321
04193,04,193,1576,415,0,415,234,181,26.33248730964467,0.0,100.0,56.3855421686747,43.6144578313253
04194,04,194,1542,280,2,278,170,108,18.15823605706874,0.7142857142857143,99.28571428571429,60.71428571428571,38.57142857142858
04195,04,195,1511,416,0,416,248,168,27.53143613500993,0.0,100.0,59.61538461538461,40.38461538461539
04196,04,196,1629,524,0,524,328,196,32.16697360343769,0.0,100.0,62.59541984732825,37.404580152671755
04197,04,197,1601,415,2,413,225,188,25.921299188007495,0.48192771084337355,99.51807228915662,54.21686746987952,45.30120481927711
04198,04,198,1117,320,0,320,197,123,28.64816472694718,0.0,100.0,61.5625,38.4375
04199,04,199,1323,316,0,316,189,127,23.885109599395314,0.0,100.0,59.81012658227848,40.189873417721515
04200,04,200,1673,417,1,416,248,168,24.92528392109982,0.2398081534772182,99.76019184652279,59.47242206235012,40.28776978417266
04201,04,201,1921,472,0,472,253,219,24.5705361790734,0.0,100.0,53.60169491525424,46.39830508474576
04202,04,202,2029,563,2,561,290,271,27.747658945293246,0.3552397868561279,99.64476021314387,51.50976909413855,48.13499111900533
04203,04,203,1422,344,0,344,200,144,24.19127988748242,0.0,100.0,58.139534883720934,41.86046511627907
04204,04,204,2028,608,1,607,330,277,29.980276134122285,0.1644736842105263,99.83552631578947,54.276315789473685,45.55921052631579
04205,04,205,1886,468,1,467,243,224,24.814422057264053,0.2136752136752137,99.78632478632478,51.92307692307693,47.863247863247864
04206,04,206,2078,534,2,532,302,230,25.697786333012512,0.37453183520599254,99.625468164794,56.55430711610487,43.07116104868914
04207,04,207,1737,354,0,354,196,158,20.379965457685664,0.0,100.0,55.367231638418076,44.632768361581924
04208,04,208,1955,579,2,577,311,266,29.61636828644501,0.3454231433506045,99.65457685664938,53.71329879101899,45.9412780656304
04209,04,209,1781,553,0,553,327,226,31.049971925884336,0.0,100.0,59.13200723327306,40.86799276672694
04210,04,210,2084,721,2,719,384,335,34.59692898272553,0.27739251040221913,99.72260748959778,53.25936199722607,46.463245492371705
04211,04,211,921,210,1,209,122,87,22.80130293159609,0.4761904761904762,99.52380952380952,58.0952380952381,41.42857142857143
04212,04,212,1804,382,1,381,280,101,21.175166297117517,0.2617801047120419,99.73821989528795,73.29842931937172,26.439790575916227
04213,04,213,1822,482,0,482,289,193,26.454445664105382,0.0,100.0,59.95850622406639,40.04149377593361
04214,04,214,918,223,1,222,119,103,24.29193899782135,0.4484304932735426,99.55156950672645,53.36322869955157,46.18834080717489
04215,04,215,1536,471,2,469,241,228,30.6640625,0.42462845010615713,99.57537154989384,51.167728237791934,48.40764331210191
04216,04,216,1794,567,1,566,377,189,31.605351170568564,0.1763668430335097,99.82363315696648,66.49029982363317,33.33333333333333
04217,04,217,1636,521,3,518,312,206,31.845965770171148,0.5758157389635317,99.42418426103646,59.88483685220729,39.53934740882917
04218,04,218,1526,575,0,575,348,227,37.68020969855832,0.0,100.0,60.52173913043478,39.47826086956522
04219,04,219,2207,599,0,599,364,235,27.14091526959674,0.0,100.0,60.76794657762938,39.23205342237062
04220,04,220,1807,597,1,596,341,255,33.038184836745984,0.16750418760469013,99.83249581239531,57.11892797319933,42.71356783919598
04221,04,221,2150,638,2,636,340,296,29.674418604651166,0.3134796238244514,99.68652037617555,53.29153605015674,46.39498432601881
04222,04,222,1585,500,2,498,320,178,31.545741324921135,0.4,99.6,64.0,35.6
04223,04,223,1551,375,0,375,231,144,24.177949709864606,0.0,100.0,61.6,38.4
04224,04,224,1686,460,0,460,315,145,27.283511269276396,0.0,100.0,68.47826086956522,31.521739130434785
04225,04,225,1561,481,0,481,310,171,30.813581037796283,0.0,100.0,64.44906444906445,35.550935550935556
04226,04,226,1798,594,0,594,404,190,33.03670745272525,0.0,100.0,68.01346801346801,31.986531986531986
04227,04,227,1659,539,0,539,339,200,32.48945147679325,0.0,100.0,62.89424860853432,37.105751391465674
04228,04,228,1647,495,0,495,333,162,30.05464480874317,0.0,100.0,67.27272727272727,32.72727272727273
04229,04,229,1602,430,0,430,261,169,26.841448189762794,0.0,100.0,60.69767441860465,39.30232558139535
04230,04,230,1800,346,1,345,196,149,19.22222222222222,0.2890173410404624,99.71098265895954,56.64739884393064,43.0635838150289
04231,04,231,1496,244,1,243,116,127,16.31016042780749,0.4098360655737705,99.59016393442623,47.540983606557376,52.04918032786885
051A,05,1A,0,379,0,379,259,120,inf,0.0,100.0,68.33773087071239,31.6622691292876
051B,05,1B,0,422,0,422,320,102,inf,0.0,100.0,75.82938388625593,24.170616113744074
051C,05,1C,0,488,0,488,330,158,inf,0.0,100.0,67.62295081967213,32.37704918032787
051D,05,1D,0,476,0,476,324,152,inf,0.0,100.0,68.0672268907563,31.932773109243694
051E,05,1E,0,524,4,520,341,179,inf,0.7633587786259541,99.23664122137404,65.07633587786259,34.160305343511446
051F,05,1F,0,406,1,405,268,137,inf,0.24630541871921183,99.75369458128078,66.00985221674877,33.743842364532014
051G,05,1G,0,489,0,489,335,154,inf,0.0,100.0,68.50715746421268,31.492842535787318
051H,05,1H,0,494,0,494,326,168,inf,0.0,100.0,65.9919028340081,34.0080971659919
051I,05,1I,0,514,1,513,347,166,inf,0.19455252918287938,99.80544747081711,67.50972762645915,32.295719844357976
051K,05,1K,0,518,2,516,369,147,inf,0.3861003861003861,99.61389961389962,71.23552123552123,28.37837837837838
051L,05,1L,0,524,0,524,369,155,inf,0.0,100.0,70.41984732824427,29.580152671755727
051M,05,1M,0,489,1,488,360,128,inf,0.2044989775051125,99.79550102249489,73.61963190184049,26.1758691206544
051N,05,1N,0,505,0,505,360,145,inf,0.0,100.0,71.28712871287128,28.71287128712871
051O,05,1O,0,511,0,511,356,155,inf,0.0,100.0,69.66731898238747,30.332681017612522
051P,05,1P,0,568,2,566,404,162,inf,0.35211267605633806,99.64788732394366,71.12676056338029,28.52112676056338
051Q,05,1Q,0,495,1,494,370,124,inf,0.20202020202020202,99.79797979797979,74.74747474747475,25.050505050505052
051R,05,1R,0,491,0,491,354,137,inf,0.0,100.0,72.09775967413442,27.90224032586558
051S,05,1S,0,505,1,504,352,152,inf,0.19801980198019803,99.8019801980198,69.7029702970297,30.099009900990097
051T,05,1T,0,502,1,501,376,125,inf,0.199203187250996,99.800796812749,74.9003984063745,24.900398406374503
051U,05,1U,0,496,1,495,350,145,inf,0.20161290322580644,99.79838709677419,70.56451612903226,29.233870967741936
05101,05,101,865,223,1,222,160,62,25.780346820809246,0.4484304932735426,99.55156950672645,71.74887892376681,27.802690582959645
05102,05,102,1371,429,1,428,305,123,31.291028446389497,0.2331002331002331,99.76689976689977,71.0955710955711,28.671328671328673
05103,05,103,908,177,0,177,104,73,19.493392070484582,0.0,100.0,58.75706214689266,41.24293785310734
05104,05,104,1544,278,1,277,204,73,18.00518134715026,0.3597122302158274,99.64028776978418,73.38129496402878,26.258992805755394
05105,05,105,1866,432,1,431,284,147,23.15112540192926,0.23148148148148145,99.76851851851852,65.74074074074075,34.02777777777778
05106,05,106,2550,437,1,436,299,137,17.137254901960787,0.2288329519450801,99.77116704805492,68.42105263157895,31.35011441647597
05107,05,107,1910,640,2,638,448,190,33.50785340314136,0.3125,99.6875,70.0,29.6875
05108,05,108,2410,507,0,507,348,159,21.03734439834025,0.0,100.0,68.63905325443787,31.360946745562128
05109,05,109,1043,214,0,214,150,64,20.517737296260783,0.0,100.0,70.09345794392523,29.906542056074763
05110,05,110,1187,148,0,148,112,36,12.468407750631846,0.0,100.0,75.67567567567568,24.324324324324326
05111,05,111,956,177,0,177,112,65,18.514644351464433,0.0,100.0,63.2768361581921,36.72316384180791
05112,05,112,810,140,0,140,99,41,17.28395061728395,0.0,100.0,70.71428571428572,29.28571428571429
05113,05,113,902,318,1,317,213,104,35.254988913525494,0.3144654088050315,99.68553459119497,66.98113207547169,32.70440251572327
05114,05,114,526,125,0,125,99,26,23.76425855513308,0.0,100.0,79.2,20.8
05115,05,115,879,123,0,123,83,40,13.993174061433447,0.0,100.0,67.47967479674797,32.52032520325203
05116,05,116,1839,351,0,351,260,91,19.086460032626427,0.0,100.0,74.07407407407408,25.925925925925924
05117,05,117,1703,370,0,370,258,112,21.72636523781562,0.0,100.0,69.72972972972973,30.270270270270274
05118,05,118,2009,407,0,407,299,108,20.25883524141364,0.0,100.0,73.46437346437347,26.535626535626534
05119,05,119,2561,405,0,405,303,102,15.814135103475206,0.0,100.0,74.81481481481481,25.185185185185183
05120,05,120,810,121,0,121,80,41,14.938271604938272,0.0,100.0,66.11570247933885,33.88429752066116
05121,05,121,2079,366,1,365,252,113,17.604617604617605,0.273224043715847,99.72677595628416,68.85245901639344,30.87431693989071
05122,05,122,1514,228,2,226,165,61,15.059445178335535,0.8771929824561403,99.12280701754386,72.36842105263158,26.75438596491228
05123,05,123,669,111,0,111,63,48,16.591928251121075,0.0,100.0,56.75675675675676,43.24324324324324
05124,05,124,747,162,1,161,101,60,21.686746987951807,0.6172839506172839,99.38271604938271,62.34567901234568,37.03703703703704
05125,05,125,843,111,0,111,79,32,13.167259786476867,0.0,100.0,71.17117117117117,28.82882882882883
05126,05,126,708,162,0,162,115,47,22.88135593220339,0.0,100.0,70.98765432098766,29.01234567901235
05127,05,127,1454,204,0,204,151,53,14.030261348005501,0.0,100.0,74.01960784313727,25.98039215686275
05128,05,128,1305,235,0,235,150,85,18.007662835249043,0.0,100.0,63.829787234042556,36.17021276595745
05129,05,129,906,124,0,124,79,45,13.686534216335541,0.0,100.0,63.70967741935484,36.29032258064516
05130,05,130,712,121,0,121,71,50,16.99438202247191,0.0,100.0,58.67768595041323,41.32231404958678
05131,05,131,851,164,1,163,109,54,19.27144535840188,0.6097560975609756,99.39024390243902,66.46341463414635,32.926829268292686
05132,05,132,2047,442,1,441,296,145,21.59257449926722,0.22624434389140274,99.77375565610859,66.9683257918552,32.80542986425339
05133,05,133,1541,314,0,314,191,123,20.376378974691757,0.0,100.0,60.828025477707,39.171974522293
05134,05,134,1630,479,0,479,321,158,29.386503067484664,0.0,100.0,67.01461377870564,32.98538622129436
05135,05,135,2594,720,1,719,497,222,27.756360832690824,0.1388888888888889,99.86111111111111,69.02777777777777,30.833333333333336
05136,05,136,3167,829,2,827,517,310,26.176191979791604,0.24125452352231602,99.75874547647769,62.364294330518696,37.39445114595898
05137,05,137,1838,403,1,402,309,93,21.92600652883569,0.24813895781637718,99.75186104218362,76.67493796526055,23.076923076923077
05138,05,138,2092,410,1,409,281,128,19.59847036328872,0.24390243902439024,99.7560975609756,68.53658536585367,31.21951219512195
05139,05,139,619,131,0,131,100,31,21.163166397415186,0.0,100.0,76.33587786259542,23.66412213740458
05140,05,140,2862,541,0,541,398,143,18.902865129280226,0.0,100.0,73.56746765249538,26.432532347504623
05141,05,141,2718,400,0,400,299,101,14.716703458425313,0.0,100.0,74.75,25.25
05142,05,142,2312,338,2,336,230,106,14.619377162629757,0.591715976331361,99.40828402366864,68.04733727810651,31.360946745562128
05143,05,143,1868,486,1,485,330,155,26.017130620985014,0.205761316872428,99.79423868312757,67.90123456790124,31.893004115226336
05144,05,144,2625,396,1,395,265,130,15.085714285714285,0.25252525252525254,99.74747474747475,66.91919191919192,32.82828282828283
05145,05,145,1647,284,2,282,209,73,17.2434729811779,0.7042253521126761,99.29577464788733,73.59154929577466,25.704225352112676
05146,05,146,1574,268,1,267,202,65,17.026683608640404,0.3731343283582089,99.6268656716418,75.3731343283582,24.253731343283583
05147,05,147,2146,505,1,504,302,202,23.53215284249767,0.19801980198019803,99.8019801980198,59.8019801980198,40.0
05148,05,148,2240,328,0,328,236,92,14.642857142857144,0.0,100.0,71.95121951219512,28.04878048780488
05149,05,149,2546,547,1,546,410,136,21.48468185388845,0.18281535648994515,99.81718464351006,74.9542961608775,24.862888482632542
05150,05,150,718,100,0,100,76,24,13.92757660167131,0.0,100.0,76.0,24.0
05151,05,151,2393,472,2,470,345,125,19.72419557041371,0.423728813559322,99.57627118644068,73.09322033898306,26.48305084745763
05152,05,152,1139,200,0,200,130,70,17.559262510974538,0.0,100.0,65.0,35.0
05153,05,153,966,235,1,234,169,65,24.32712215320911,0.425531914893617,99.57446808510639,71.91489361702128,27.659574468085108
05154,05,154,1889,536,1,535,365,170,28.37480148226575,0.18656716417910446,99.81343283582089,68.09701492537313,31.716417910447763
05155,05,155,1803,505,0,505,367,138,28.008874098724345,0.0,100.0,72.67326732673267,27.32673267326733
05156,05,156,1563,330,2,328,218,110,21.113243761996163,0.6060606060606061,99.39393939393939,66.06060606060606,33.33333333333333
05157,05,157,1714,317,1,316,193,123,18.494749124854142,0.31545741324921134,99.6845425867508,60.88328075709779,38.801261829652994
05158,05,158,1603,304,1,303,206,97,18.964441671865252,0.3289473684210526,99.67105263157895,67.76315789473685,31.907894736842106
05159,05,159,979,221,0,221,166,55,22.57405515832482,0.0,100.0,75.1131221719457,24.8868778280543
05160,05,160,1866,397,1,396,290,106,21.27545551982851,0.2518891687657431,99.74811083123426,73.04785894206549,26.700251889168765
05161,05,161,2671,551,1,550,381,169,20.628977910894797,0.18148820326678766,99.8185117967332,69.1470054446461,30.671506352087114
05162,05,162,1609,273,1,272,188,84,16.967060285891858,0.3663003663003663,99.63369963369964,68.86446886446886,30.76923076923077
05163,05,163,2497,420,2,418,267,151,16.82018422106528,0.4761904761904762,99.52380952380952,63.57142857142857,35.95238095238095
05164,05,164,2214,410,0,410,254,156,18.51851851851852,0.0,100.0,61.951219512195124,38.048780487804876
05165,05,165,1547,290,1,289,181,108,18.74595992243051,0.3448275862068966,99.6551724137931,62.41379310344828,37.24137931034483
05166,05,166,1361,220,0,220,130,90,16.164584864070537,0.0,100.0,59.09090909090909,40.909090909090914
05167,05,167,1588,318,0,318,221,97,20.025188916876573,0.0,100.0,69.49685534591194,30.50314465408805
05168,05,168,1947,459,0,459,295,164,23.57473035439137,0.0,100.0,64.27015250544662,35.72984749455338
05169,05,169,2682,565,2,563,405,158,21.066368381804622,0.35398230088495575,99.64601769911503,71.68141592920354,27.964601769911507
05170,05,170,1511,319,1,318,227,91,21.111846459298476,0.3134796238244514,99.68652037617555,71.15987460815047,28.526645768025077
05171,05,171,2664,259,1,258,181,77,9.722222222222223,0.3861003861003861,99.61389961389962,69.88416988416989,29.72972972972973
05172,05,172,2318,338,0,338,240,98,14.581535806729939,0.0,100.0,71.00591715976331,28.994082840236686
05173,05,173,982,262,1,261,178,83,26.680244399185337,0.38167938931297707,99.61832061068702,67.93893129770993,31.679389312977097
05174,05,174,2470,621,0,621,426,195,25.141700404858298,0.0,100.0,68.59903381642512,31.40096618357488
05175,05,175,1647,325,1,324,241,83,19.73284760170006,0.3076923076923077,99.6923076923077,74.15384615384616,25.538461538461537
05176,05,176,1528,371,0,371,286,85,24.280104712041886,0.0,100.0,77.088948787062,22.911051212938006
05177,05,177,1541,297,1,296,221,75,19.27319922128488,0.33670033670033667,99.66329966329967,74.41077441077442,25.252525252525253
05178,05,178,1569,424,2,422,291,131,27.023581899298915,0.4716981132075472,99.52830188679245,68.63207547169812,30.89622641509434
05179,05,179,734,123,0,123,101,22,16.7574931880109,0.0,100.0,82.11382113821138,17.88617886178862
05180,05,180,2051,474,0,474,293,181,23.110677718186253,0.0,100.0,61.81434599156118,38.18565400843882
05181,05,181,1184,311,0,311,172,139,26.26689189189189,0.0,100.0,55.30546623794213,44.69453376205787
05182,05,182,1080,276,0,276,177,99,25.555555555555554,0.0,100.0,64.13043478260869,35.869565217391305
05183,05,183,1829,272,0,272,231,41,14.87151448879169,0.0,100.0,84.92647058823529,15.073529411764705
05184,05,184,1376,264,0,264,201,63,19.186046511627907,0.0,100.0,76.13636363636364,23.863636363636363
05185,05,185,1836,446,0,446,320,126,24.29193899782135,0.0,100.0,71.74887892376681,28.251121076233183
05186,05,186,2417,688,1,687,482,205,28.465039304923458,0.14534883720930233,99.8546511627907,70.05813953488372,29.796511627906973
05187,05,187,851,297,1,296,184,112,34.90011750881316,0.33670033670033667,99.66329966329967,61.95286195286195,37.71043771043771
05188,05,188,1951,634,1,633,436,197,32.49615581752947,0.15772870662460567,99.84227129337539,68.76971608832808,31.07255520504732
05189,05,189,2227,658,0,658,450,208,29.546475078581054,0.0,100.0,68.38905775075987,31.61094224924012
05190,05,190,1947,680,0,680,410,270,34.92552645095018,0.0,100.0,60.29411764705882,39.705882352941174
05191,05,191,1133,350,0,350,236,114,30.89143865842895,0.0,100.0,67.42857142857143,32.57142857142858
05192,05,192,835,252,0,252,176,76,30.179640718562872,0.0,100.0,69.84126984126983,30.158730158730158
05193,05,193,1046,383,0,383,247,136,36.615678776290636,0.0,100.0,64.49086161879896,35.50913838120104
05194,05,194,935,323,0,323,208,115,34.54545454545455,0.0,100.0,64.39628482972137,35.60371517027864
05195,05,195,1088,410,0,410,288,122,37.68382352941176,0.0,100.0,70.24390243902438,29.756097560975608
05196,05,196,1176,401,0,401,290,111,34.09863945578231,0.0,100.0,72.31920199501248,27.680798004987533
05197,05,197,1972,624,0,624,440,184,31.643002028397564,0.0,100.0,70.51282051282051,29.48717948717949
05198,05,198,1853,614,0,614,426,188,33.13545601726929,0.0,100.0,69.38110749185668,30.618892508143325
05199,05,199,2005,805,0,805,573,232,40.14962593516209,0.0,100.0,71.18012422360248,28.819875776397513
061A,06,1A,0,515,12,503,349,154,inf,2.3300970873786406,97.66990291262137,67.76699029126215,29.902912621359224
061B,06,1B,0,500,0,500,346,154,inf,0.0,100.0,69.19999999999999,30.8
061C,06,1C,0,603,1,602,419,183,inf,0.16583747927031509,99.83416252072969,69.48590381426202,30.34825870646766
061D,06,1D,0,602,2,600,419,181,inf,0.33222591362126247,99.66777408637874,69.60132890365448,30.066445182724255
061E,06,1E,0,605,0,605,429,176,inf,0.0,100.0,70.9090909090909,29.09090909090909
061F,06,1F,0,608,1,607,441,166,inf,0.1644736842105263,99.83552631578947,72.5328947368421,27.302631578947366
061G,06,1G,0,607,0,607,433,174,inf,0.0,100.0,71.33443163097199,28.665568369028005
061H,06,1H,0,602,0,602,434,168,inf,0.0,100.0,72.09302325581395,27.906976744186046
061J,06,1J,0,596,1,595,413,182,inf,0.16778523489932887,99.83221476510067,69.29530201342283,30.536912751677853
061K,06,1K,0,602,0,602,408,194,inf,0.0,100.0,67.77408637873754,32.22591362126246
061L,06,1L,0,606,1,605,431,174,inf,0.16501650165016502,99.83498349834984,71.12211221122112,28.71287128712871
061M,06,1M,0,594,1,593,410,183,inf,0.16835016835016833,99.83164983164983,69.02356902356902,30.808080808080806
061N,06,1N,0,615,6,609,406,203,inf,0.975609756097561,99.02439024390245,66.01626016260163,33.00813008130081
061O,06,1O,0,607,1,606,426,180,inf,0.16474464579901155,99.835255354201,70.18121911037892,29.654036243822073
061P,06,1P,0,607,0,607,432,175,inf,0.0,100.0,71.16968698517299,28.83031301482702
061Q,06,1Q,0,613,0,613,434,179,inf,0.0,100.0,70.79934747145188,29.200652528548126
061R,06,1R,0,604,1,603,416,187,inf,0.16556291390728478,99.83443708609272,68.87417218543047,30.960264900662253
061S,06,1S,0,603,0,603,428,175,inf,0.0,100.0,70.97844112769486,29.021558872305143
061T,06,1T,0,607,2,605,430,175,inf,0.3294892915980231,99.67051070840198,70.84019769357496,28.83031301482702
061U,06,1U,0,612,0,612,427,185,inf,0.0,100.0,69.77124183006535,30.22875816993464
061V,06,1V,0,608,1,607,441,166,inf,0.1644736842105263,99.83552631578947,72.5328947368421,27.302631578947366
061W,06,1W,0,610,1,609,409,200,inf,0.16393442622950818,99.8360655737705,67.04918032786885,32.78688524590164
061X,06,1X,0,600,0,600,407,193,inf,0.0,100.0,67.83333333333333,32.166666666666664
061Y,06,1Y,0,627,0,627,438,189,inf,0.0,100.0,69.85645933014354,30.14354066985646
061Z,06,1Z,0,604,4,600,408,192,inf,0.6622516556291391,99.33774834437085,67.54966887417218,31.788079470198678
062A,06,2A,0,597,0,597,385,212,inf,0.0,100.0,64.4891122278057,35.5108877721943
062B,06,2B,0,611,0,611,428,183,inf,0.0,100.0,70.04909983633388,29.950900163666123
062C,06,2C,0,609,0,609,435,174,inf,0.0,100.0,71.42857142857143,28.57142857142857
062D,06,2D,0,604,0,604,400,204,inf,0.0,100.0,66.22516556291392,33.77483443708609
062E,06,2E,0,603,1,602,439,163,inf,0.16583747927031509,99.83416252072969,72.80265339966833,27.031509121061358
062F,06,2F,0,595,0,595,412,183,inf,0.0,100.0,69.24369747899159,30.756302521008404
062G,06,2G,0,598,1,597,440,157,inf,0.16722408026755853,99.83277591973244,73.57859531772574,26.254180602006688
062H,06,2H,0,597,2,595,423,172,inf,0.33500837520938026,99.66499162479062,70.85427135678391,28.8107202680067
062J,06,2J,0,600,2,598,416,182,inf,0.33333333333333337,99.66666666666667,69.33333333333334,30.333333333333336
062K,06,2K,0,607,5,602,437,165,inf,0.8237232289950577,99.17627677100495,71.99341021416804,27.182866556836906
062L,06,2L,0,607,4,603,405,198,inf,0.6589785831960462,99.34102141680395,66.72158154859967,32.61943986820428
062M,06,2M,0,586,0,586,403,183,inf,0.0,100.0,68.77133105802048,31.22866894197952
062N,06,2N,0,595,3,592,391,201,inf,0.5042016806722689,99.49579831932773,65.71428571428571,33.78151260504202
062O,06,2O,0,609,1,608,428,180,inf,0.16420361247947454,99.83579638752053,70.27914614121511,29.55665024630542
06001,06,001,1825,635,3,632,430,202,34.794520547945204,0.47244094488188976,99.5275590551181,67.71653543307087,31.811023622047248
06002,06,002,2317,572,1,571,307,264,24.68709538195943,0.17482517482517482,99.82517482517483,53.671328671328666,46.15384615384615
06003,06,003,2463,709,3,706,376,330,28.786033292732437,0.4231311706629055,99.5768688293371,53.032440056417485,46.5444287729196
06004,06,004,1302,370,2,368,177,191,28.417818740399387,0.5405405405405406,99.45945945945947,47.83783783783784,51.621621621621614
06005,06,005,2129,545,2,543,322,221,25.598872710192577,0.3669724770642202,99.63302752293578,59.082568807339456,40.550458715596335
06006,06,006,1328,392,1,391,229,162,29.518072289156628,0.25510204081632654,99.74489795918367,58.41836734693877,41.3265306122449
06007,06,007,2126,670,2,668,386,282,31.514581373471305,0.2985074626865672,99.70149253731343,57.611940298507456,42.08955223880597
06008,06,008,1269,330,1,329,196,133,26.004728132387704,0.30303030303030304,99.69696969696969,59.3939393939394,40.303030303030305
06009,06,009,2339,649,3,646,403,243,27.74690038477982,0.46224961479198773,99.53775038520801,62.09553158705701,37.442218798151
06010,06,010,821,264,1,263,168,95,32.15590742996346,0.3787878787878788,99.62121212121212,63.63636363636363,35.984848484848484
06011,06,011,886,204,0,204,132,72,23.024830699774267,0.0,100.0,64.70588235294117,35.294117647058826
06012,06,012,1113,323,1,322,160,162,29.020664869721475,0.30959752321981426,99.69040247678018,49.53560371517028,50.15479876160991
06013,06,013,1900,530,1,529,290,239,27.89473684210526,0.18867924528301888,99.81132075471699,54.71698113207547,45.09433962264151
06014,06,014,884,253,1,252,172,80,28.61990950226244,0.3952569169960474,99.60474308300395,67.98418972332016,31.620553359683797
06015,06,015,980,325,1,324,172,152,33.16326530612245,0.3076923076923077,99.6923076923077,52.92307692307693,46.76923076923077
06016,06,016,2080,594,0,594,384,210,28.557692307692307,0.0,100.0,64.64646464646465,35.35353535353536
06017,06,017,1169,407,1,406,272,134,34.81608212147134,0.2457002457002457,99.75429975429975,66.83046683046683,32.923832923832926
06018,06,018,1194,327,1,326,175,151,27.386934673366838,0.3058103975535168,99.69418960244649,53.51681957186545,46.17737003058104
06019,06,019,1340,444,2,442,280,162,33.134328358208954,0.45045045045045046,99.54954954954955,63.06306306306306,36.486486486486484
06020,06,020,1280,484,0,484,296,188,37.8125,0.0,100.0,61.15702479338842,38.84297520661157
06021,06,021,2286,740,0,740,475,265,32.37095363079615,0.0,100.0,64.1891891891892,35.810810810810814
06022,06,022,1108,346,0,346,175,171,31.227436823104693,0.0,100.0,50.57803468208093,49.421965317919074
06023,06,023,1025,279,2,277,175,102,27.219512195121954,0.7168458781362007,99.2831541218638,62.72401433691756,36.55913978494624
06024,06,024,1061,310,1,309,185,124,29.2177191328935,0.3225806451612903,99.67741935483872,59.67741935483871,40.0
06025,06,025,1163,428,0,428,270,158,36.80137575236457,0.0,100.0,63.084112149532714,36.915887850467286
06026,06,026,1955,478,3,475,325,150,24.45012787723785,0.6276150627615062,99.3723849372385,67.99163179916317,31.380753138075313
06027,06,027,2207,612,2,610,362,248,27.729950158586313,0.32679738562091504,99.67320261437908,59.150326797385624,40.52287581699346
06028,06,028,1118,229,1,228,150,78,20.4830053667263,0.43668122270742354,99.56331877729258,65.50218340611353,34.06113537117904
06029,06,029,1248,288,0,288,174,114,23.076923076923077,0.0,100.0,60.416666666666664,39.58333333333333
06030,06,030,1282,340,1,339,207,132,26.521060842433698,0.29411764705882354,99.70588235294117,60.882352941176464,38.82352941176471
06031,06,031,2280,762,3,759,474,285,33.421052631578945,0.39370078740157477,99.60629921259843,62.20472440944882,37.40157480314961
06032,06,032,1991,525,1,524,316,208,26.36865896534405,0.19047619047619047,99.80952380952381,60.1904761904762,39.61904761904762
06033,06,033,1842,415,1,414,253,161,22.52985884907709,0.24096385542168677,99.75903614457832,60.96385542168675,38.795180722891565
06034,06,034,2212,685,1,684,471,213,30.96745027124774,0.145985401459854,99.85401459854015,68.75912408759123,31.094890510948904
06035,06,035,2337,597,2,595,352,243,25.54557124518614,0.33500837520938026,99.66499162479062,58.96147403685092,40.7035175879397
06036,06,036,2269,769,2,767,441,326,33.89158219479947,0.26007802340702213,99.73992197659298,57.34720416124838,42.392717815344604
06037,06,037,2174,643,0,643,401,242,29.57681692732291,0.0,100.0,62.363919129082426,37.636080870917574
06038,06,038,894,286,0,286,184,102,31.991051454138702,0.0,100.0,64.33566433566433,35.66433566433567
06039,06,039,1127,270,0,270,179,91,23.957409050576754,0.0,100.0,66.2962962962963,33.7037037037037
06040,06,040,1081,272,1,271,139,132,25.161887141535615,0.3676470588235294,99.63235294117648,51.10294117647059,48.529411764705884
06041,06,041,915,288,1,287,193,94,31.475409836065577,0.3472222222222222,99.65277777777779,67.01388888888889,32.63888888888889
06042,06,042,2496,846,0,846,504,342,33.894230769230774,0.0,100.0,59.57446808510638,40.42553191489361
06043,06,043,2261,763,1,762,483,279,33.746130030959755,0.1310615989515072,99.8689384010485,63.30275229357798,36.566186107470514
06044,06,044,958,349,0,349,206,143,36.430062630480165,0.0,100.0,59.02578796561605,40.97421203438395
06045,06,045,1015,381,1,380,251,129,37.53694581280788,0.26246719160104987,99.73753280839895,65.87926509186352,33.85826771653544
06046,06,046,1115,402,2,400,240,160,36.053811659192824,0.4975124378109453,99.50248756218906,59.70149253731343,39.800995024875625
06047,06,047,2357,796,0,796,513,283,33.771743742044976,0.0,100.0,64.44723618090453,35.55276381909548
06048,06,048,1106,323,0,323,218,105,29.204339963833636,0.0,100.0,67.49226006191951,32.50773993808049
06049,06,049,2549,909,1,908,564,344,35.66104354648882,0.11001100110011,99.8899889988999,62.04620462046204,37.843784378437846
06050,06,050,1162,419,0,419,284,135,36.05851979345955,0.0,100.0,67.78042959427208,32.21957040572792
06051,06,051,1928,689,0,689,466,223,35.73651452282158,0.0,100.0,67.63425253991292,32.365747460087086
06052,06,052,953,356,0,356,239,117,37.355718782791186,0.0,100.0,67.13483146067416,32.86516853932584
06053,06,053,1293,473,1,472,329,143,36.5815931941222,0.21141649048625794,99.78858350951374,69.55602536997885,30.23255813953488
06054,06,054,2491,727,1,726,478,248,29.18506623845845,0.1375515818431912,99.86244841815682,65.74965612104539,34.11279229711142
06055,06,055,1259,369,0,369,260,109,29.30897537728356,0.0,100.0,70.46070460704607,29.539295392953928
06056,06,056,1191,284,0,284,203,81,23.845507976490342,0.0,100.0,71.47887323943662,28.52112676056338
06057,06,057,2486,800,1,799,544,255,32.180209171359614,0.125,99.875,68.0,31.874999999999996
06058,06,058,2328,645,1,644,436,208,27.706185567010312,0.15503875968992248,99.84496124031008,67.59689922480621,32.248062015503876
06059,06,059,2273,726,0,726,482,244,31.940167179938406,0.0,100.0,66.39118457300276,33.608815426997246
06060,06,060,2101,649,1,648,421,227,30.89005235602094,0.15408320493066258,99.84591679506933,64.86902927580893,34.9768875192604
06061,06,061,2207,587,1,586,391,195,26.597190756683283,0.17035775127768313,99.82964224872232,66.6098807495741,33.21976149914821
06062,06,062,1037,330,0,330,242,88,31.822565091610418,0.0,100.0,73.33333333333333,26.666666666666668
06063,06,063,2511,853,3,850,539,311,33.9705296694544,0.3516998827667058,99.64830011723329,63.188745603751464,36.45955451348183
06064,06,064,1134,240,1,239,173,66,21.164021164021165,0.4166666666666667,99.58333333333333,72.08333333333333,27.500000000000004
06065,06,065,2225,546,1,545,380,165,24.53932584269663,0.18315018315018314,99.81684981684981,69.59706959706959,30.21978021978022
06066,06,066,2182,497,1,496,361,135,22.777268560953253,0.2012072434607646,99.79879275653923,72.63581488933602,27.16297786720322
06067,06,067,954,313,0,313,202,111,32.80922431865828,0.0,100.0,64.5367412140575,35.46325878594249
06068,06,068,2475,868,0,868,566,302,35.070707070707066,0.0,100.0,65.2073732718894,34.7926267281106
06069,06,069,2082,751,1,750,525,225,36.07108549471662,0.13315579227696406,99.86684420772303,69.90679094540613,29.96005326231691
06070,06,070,1218,451,0,451,338,113,37.02791461412151,0.0,100.0,74.94456762749445,25.055432372505543
06071,06,071,1158,331,0,331,253,78,28.583765112262522,0.0,100.0,76.43504531722054,23.564954682779458
06072,06,072,2222,714,0,714,512,202,32.133213321332136,0.0,100.0,71.70868347338936,28.291316526610643
06073,06,073,2845,716,0,716,531,185,25.166959578207383,0.0,100.0,74.16201117318437,25.837988826815643
06074,06,074,1759,369,1,368,265,103,20.977828311540648,0.27100271002710025,99.7289972899729,71.81571815718158,27.91327913279133
06075,06,075,1736,476,2,474,323,151,27.419354838709676,0.42016806722689076,99.57983193277312,67.85714285714286,31.72268907563025
06076,06,076,1018,227,0,227,151,76,22.29862475442043,0.0,100.0,66.51982378854625,33.480176211453745
06077,06,077,1236,286,1,285,196,89,23.13915857605178,0.34965034965034963,99.65034965034964,68.53146853146853,31.11888111888112
06078,06,078,2215,621,1,620,410,210,28.036117381489845,0.1610305958132045,99.8389694041868,66.02254428341385,33.81642512077295
06079,06,079,2011,595,1,594,372,222,29.587270014917948,0.16806722689075632,99.83193277310924,62.52100840336134,37.3109243697479
06080,06,080,1194,446,0,446,307,139,37.3534338358459,0.0,100.0,68.83408071748879,31.16591928251121
06081,06,081,1220,318,0,318,215,103,26.065573770491802,0.0,100.0,67.61006289308176,32.38993710691824
06082,06,082,2250,503,0,503,358,145,22.355555555555558,0.0,100.0,71.17296222664015,28.82703777335984
06083,06,083,1173,324,0,324,237,87,27.621483375959077,0.0,100.0,73.14814814814815,26.851851851851855
06084,06,084,1183,380,0,380,261,119,32.12172442941674,0.0,100.0,68.6842105263158,31.31578947368421
06085,06,085,1154,393,1,392,275,117,34.05545927209705,0.2544529262086514,99.74554707379136,69.97455470737913,29.770992366412212
06086,06,086,2453,508,0,508,349,159,20.709335507541784,0.0,100.0,68.7007874015748,31.299212598425196
06087,06,087,982,251,0,251,180,71,25.56008146639511,0.0,100.0,71.71314741035857,28.286852589641438
06088,06,088,1323,304,2,302,196,106,22.978080120937264,0.6578947368421052,99.3421052631579,64.47368421052632,34.868421052631575
06089,06,089,1014,256,0,256,190,66,25.2465483234714,0.0,100.0,74.21875,25.78125
06090,06,090,2091,483,1,482,358,124,23.09899569583931,0.2070393374741201,99.79296066252587,74.12008281573499,25.672877846790893
06091,06,091,1070,349,0,349,254,95,32.61682242990654,0.0,100.0,72.77936962750717,27.22063037249284
06092,06,092,1053,337,0,337,217,120,32.003798670465336,0.0,100.0,64.39169139465875,35.60830860534125
06093,06,093,1033,328,0,328,229,99,31.752178121974833,0.0,100.0,69.8170731707317,30.182926829268293
06094,06,094,957,186,0,186,133,53,19.435736677115987,0.0,100.0,71.50537634408603,28.49462365591398
06095,06,095,1025,403,2,401,264,137,39.31707317073171,0.49627791563275436,99.50372208436724,65.50868486352357,33.99503722084367
06096,06,096,1839,541,2,539,369,170,29.41816204458945,0.36968576709796674,99.63031423290202,68.20702402957485,31.42329020332717
06097,06,097,2619,811,1,810,503,307,30.966017563955706,0.12330456226880394,99.8766954377312,62.02219482120839,37.85450061652281
06098,06,098,1182,382,2,380,248,132,32.31810490693739,0.5235602094240838,99.47643979057592,64.92146596858639,34.55497382198953
06099,06,099,1477,424,1,423,262,161,28.70683818551117,0.2358490566037736,99.76415094339622,61.79245283018868,37.971698113207545
06100,06,100,1053,419,1,418,233,185,39.79107312440646,0.23866348448687352,99.76133651551312,55.60859188544153,44.1527446300716
06101,06,101,2439,800,1,799,502,297,32.80032800328003,0.125,99.875,62.74999999999999,37.125
06102,06,102,2506,797,0,797,601,196,31.803671189146048,0.0,100.0,75.4077791718946,24.592220828105397
06103,06,103,1116,391,1,390,275,115,35.03584229390681,0.2557544757033248,99.74424552429667,70.33248081841433,29.411764705882355
06104,06,104,1211,462,0,462,337,125,38.15028901734104,0.0,100.0,72.94372294372295,27.056277056277057
06105,06,105,2405,904,2,902,538,364,37.58835758835759,0.22123893805309736,99.77876106194691,59.51327433628318,40.26548672566372
06106,06,106,2202,812,0,812,579,233,36.8755676657584,0.0,100.0,71.30541871921181,28.694581280788178
06107,06,107,1748,578,1,577,414,163,33.066361556064074,0.17301038062283738,99.82698961937716,71.62629757785467,28.20069204152249
06108,06,108,2458,745,1,744,475,269,30.309194467046378,0.1342281879194631,99.86577181208054,63.758389261744966,36.10738255033557
06109,06,109,2211,742,0,742,484,258,33.55947535052013,0.0,100.0,65.22911051212938,34.77088948787062
06110,06,110,2541,656,1,655,439,216,25.816607634789452,0.1524390243902439,99.84756097560977,66.92073170731707,32.926829268292686
06111,06,111,1992,593,0,593,373,220,29.76907630522088,0.0,100.0,62.900505902192236,37.09949409780776
06112,06,112,2310,776,0,776,509,267,33.59307359307359,0.0,100.0,65.59278350515464,34.40721649484536
06113,06,113,1994,716,0,716,496,220,35.90772316950853,0.0,100.0,69.27374301675978,30.726256983240223
06114,06,114,2082,647,0,647,444,203,31.075888568683958,0.0,100.0,68.6244204018547,31.375579598145286
06115,06,115,2272,712,0,712,530,182,31.338028169014088,0.0,100.0,74.43820224719101,25.56179775280899
06116,06,116,2376,664,2,662,432,230,27.946127946127948,0.30120481927710846,99.69879518072288,65.06024096385542,34.63855421686747
06117,06,117,2170,728,1,727,476,251,33.5483870967742,0.13736263736263737,99.86263736263736,65.38461538461539,34.47802197802198
06118,06,118,2266,747,1,746,501,245,32.96557811120918,0.13386880856760375,99.8661311914324,67.06827309236948,32.79785809906292
06119,06,119,2144,808,1,807,550,257,37.6865671641791,0.12376237623762376,99.87623762376238,68.06930693069307,31.806930693069308
06120,06,120,1000,361,1,360,204,156,36.1,0.2770083102493075,99.7229916897507,56.50969529085873,43.21329639889196
06121,06,121,2017,705,0,705,466,239,34.952900347050075,0.0,100.0,66.09929078014184,33.90070921985816
06122,06,122,2050,699,3,696,469,227,34.09756097560976,0.4291845493562232,99.57081545064378,67.0958512160229,32.474964234620884
06123,06,123,1901,650,0,650,358,292,34.192530247238295,0.0,100.0,55.07692307692308,44.92307692307692
06124,06,124,2215,822,0,822,586,236,37.11060948081264,0.0,100.0,71.28953771289538,28.710462287104622
06125,06,125,771,257,2,255,151,104,33.33333333333333,0.7782101167315175,99.22178988326849,58.754863813229576,40.46692607003891
06126,06,126,973,367,1,366,241,125,37.718396711202466,0.2724795640326975,99.72752043596729,65.66757493188011,34.05994550408719
06127,06,127,1115,350,0,350,224,126,31.390134529147986,0.0,100.0,64.0,36.0
06128,06,128,1162,458,0,458,322,136,39.41480206540447,0.0,100.0,70.3056768558952,29.694323144104807
071A,07,1A,0,624,0,624,372,252,inf,0.0,100.0,59.61538461538461,40.38461538461539
071B,07,1B,0,632,2,630,406,224,inf,0.31645569620253167,99.68354430379746,64.24050632911393,35.44303797468354
071C,07,1C,0,633,0,633,412,221,inf,0.0,100.0,65.086887835703,34.913112164297
071D,07,1D,0,640,2,638,416,222,inf,0.3125,99.6875,65.0,34.6875
071E,07,1E,0,638,2,636,380,256,inf,0.3134796238244514,99.68652037617555,59.56112852664577,40.12539184952978
071F,07,1F,0,626,2,624,408,216,inf,0.3194888178913738,99.68051118210862,65.17571884984025,34.504792332268366
071G,07,1G,0,640,0,640,392,248,inf,0.0,100.0,61.25000000000001,38.75
071H,07,1H,0,620,2,618,384,234,inf,0.3225806451612903,99.67741935483872,61.935483870967744,37.74193548387097
071J,07,1J,0,631,1,630,402,228,inf,0.15847860538827258,99.84152139461173,63.70839936608558,36.13312202852615
071K,07,1K,0,650,6,644,419,225,inf,0.9230769230769231,99.07692307692308,64.46153846153845,34.61538461538461
071L,07,1L,0,622,3,619,362,257,inf,0.482315112540193,99.51768488745981,58.19935691318327,41.31832797427653
071M,07,1M,0,627,0,627,388,239,inf,0.0,100.0,61.88197767145136,38.11802232854865
071N,07,1N,0,631,1,630,406,224,inf,0.15847860538827258,99.84152139461173,64.34231378763867,35.49920760697306
071O,07,1O,0,638,2,636,390,246,inf,0.3134796238244514,99.68652037617555,61.12852664576802,38.557993730407524
071P,07,1P,0,636,0,636,380,256,inf,0.0,100.0,59.74842767295597,40.25157232704403
071R,07,1R,0,636,0,636,389,247,inf,0.0,100.0,61.16352201257862,38.83647798742139
071S,07,1S,0,637,0,637,425,212,inf,0.0,100.0,66.71899529042386,33.28100470957614
071T,07,1T,0,641,1,640,428,212,inf,0.15600624024961,99.84399375975039,66.77067082683308,33.073322932917314
071U,07,1U,0,640,0,640,408,232,inf,0.0,100.0,63.74999999999999,36.25
071V,07,1V,0,579,2,577,375,202,inf,0.3454231433506045,99.65457685664938,64.76683937823834,34.887737478411054
071W,07,1W,0,630,2,628,425,203,inf,0.31746031746031744,99.68253968253968,67.46031746031747,32.22222222222222
071X,07,1X,0,632,1,631,386,245,inf,0.15822784810126583,99.84177215189874,61.07594936708861,38.765822784810126
071Y,07,1Y,0,635,0,635,382,253,inf,0.0,100.0,60.15748031496063,39.84251968503937
071Z,07,1Z,0,643,0,643,416,227,inf,0.0,100.0,64.69673405909798,35.30326594090202
072A,07,2A,0,637,0,637,377,260,inf,0.0,100.0,59.183673469387756,40.816326530612244
072B,07,2B,0,639,0,639,408,231,inf,0.0,100.0,63.84976525821596,36.15023474178404
072C,07,2C,0,651,9,642,417,225,inf,1.3824884792626728,98.61751152073732,64.0552995391705,34.56221198156682
072D,07,2D,0,637,0,637,415,222,inf,0.0,100.0,65.149136577708,34.850863422291994
072E,07,2E,0,627,3,624,420,204,inf,0.4784688995215311,99.52153110047847,66.98564593301435,32.535885167464116
072F,07,2F,0,624,0,624,393,231,inf,0.0,100.0,62.980769230769226,37.019230769230774
07899,07,899,1164,488,1,487,325,162,41.92439862542955,0.20491803278688525,99.79508196721312,66.59836065573771,33.19672131147541
07900,07,900,2222,367,1,366,212,154,16.516651665166517,0.2724795640326975,99.72752043596729,57.765667574931875,41.96185286103542
07901,07,901,3528,691,1,690,295,395,19.586167800453513,0.1447178002894356,99.85528219971056,42.6917510853835,57.16353111432706
07902,07,902,3300,774,1,773,399,374,23.454545454545457,0.12919896640826875,99.87080103359173,51.55038759689923,48.320413436692505
07903,07,903,3209,560,0,560,247,313,17.450919289498287,0.0,100.0,44.107142857142854,55.892857142857146
07904,07,904,1127,150,0,150,69,81,13.309671694764862,0.0,100.0,46.0,54.0
07905,07,905,2038,567,0,567,237,330,27.821393523061825,0.0,100.0,41.7989417989418,58.201058201058196
07906,07,906,3173,906,3,903,504,399,28.5534194768358,0.33112582781456956,99.66887417218543,55.62913907284768,44.03973509933775
07907,07,907,3268,1002,3,999,510,489,30.660954712362305,0.29940119760479045,99.7005988023952,50.898203592814376,48.80239520958084
07908,07,908,3388,805,1,804,315,489,23.7603305785124,0.12422360248447205,99.87577639751552,39.130434782608695,60.745341614906835
07910,07,910,1071,266,0,266,109,157,24.836601307189543,0.0,100.0,40.97744360902256,59.02255639097744
07911,07,911,1195,205,0,205,78,127,17.154811715481173,0.0,100.0,38.048780487804876,61.951219512195124
07912,07,912,1196,288,0,288,153,135,24.08026755852843,0.0,100.0,53.125,46.875
07913,07,913,3315,939,2,937,486,451,28.32579185520362,0.21299254526091588,99.78700745473908,51.75718849840255,48.02981895633653
07914,07,914,2350,651,3,648,345,303,27.702127659574465,0.4608294930875576,99.53917050691244,52.995391705069125,46.54377880184332
07915,07,915,2367,634,1,633,299,334,26.78495986480777,0.15772870662460567,99.84227129337539,47.1608832807571,52.6813880126183
07916,07,916,2531,640,1,639,251,388,25.286448044251287,0.15625,99.84375,39.21875,60.62499999999999
07917,07,917,2410,481,0,481,169,312,19.95850622406639,0.0,100.0,35.13513513513514,64.86486486486487
07918,07,918,2232,564,0,564,183,381,25.268817204301076,0.0,100.0,32.4468085106383,67.5531914893617
07919,07,919,2256,626,2,624,208,416,27.74822695035461,0.3194888178913738,99.68051118210862,33.22683706070288,66.45367412140575
07920,07,920,2173,506,1,505,187,318,23.285780027611597,0.1976284584980237,99.80237154150198,36.95652173913043,62.845849802371546
07921,07,921,2083,433,0,433,192,241,20.787325972155546,0.0,100.0,44.34180138568129,55.65819861431871
07922,07,922,2194,527,0,527,296,231,24.020054694621695,0.0,100.0,56.166982922201136,43.833017077798864
07923,07,923,1055,261,0,261,138,123,24.739336492890995,0.0,100.0,52.87356321839081,47.12643678160919
07924,07,924,1131,246,1,245,96,149,21.750663129973475,0.40650406504065045,99.59349593495935,39.02439024390244,60.56910569105691
07925,07,925,1274,413,0,413,173,240,32.417582417582416,0.0,100.0,41.88861985472155,58.111380145278446
07926,07,926,2422,563,0,563,181,382,23.245251857968622,0.0,100.0,32.149200710479576,67.85079928952042
07927,07,927,3487,1116,0,1116,532,584,32.004588471465446,0.0,100.0,47.67025089605735,52.32974910394266
07928,07,928,3512,1230,3,1227,615,612,35.02277904328018,0.24390243902439024,99.7560975609756,50.0,49.75609756097561
07929,07,929,3752,950,4,946,478,468,25.319829424307038,0.42105263157894735,99.57894736842105,50.31578947368421,49.26315789473684
07930,07,930,1283,235,1,234,112,122,18.316445830085737,0.425531914893617,99.57446808510639,47.65957446808511,51.91489361702127
07931,07,931,2435,579,0,579,300,279,23.7782340862423,0.0,100.0,51.813471502590666,48.18652849740933
07932,07,932,2561,699,1,698,364,334,27.294025771183133,0.14306151645207438,99.85693848354794,52.07439198855508,47.78254649499284
07933,07,933,2223,695,0,695,353,342,31.264057579847055,0.0,100.0,50.79136690647482,49.20863309352518
07934,07,934,3601,1216,1,1215,608,607,33.76839766731464,0.08223684210526315,99.91776315789474,50.0,49.91776315789473
07935,07,935,3388,985,1,984,486,498,29.07319952774498,0.10152284263959391,99.8984771573604,49.34010152284264,50.55837563451777
07936,07,936,3343,961,1,960,494,466,28.746634759198326,0.10405827263267431,99.89594172736732,51.4047866805411,48.49115504682622
07937,07,937,1967,410,4,406,253,153,20.843924758515506,0.975609756097561,99.02439024390245,61.70731707317073,37.31707317073171
07938,07,938,2227,712,1,711,385,326,31.971261787157612,0.1404494382022472,99.85955056179775,54.07303370786517,45.78651685393258
07939,07,939,2237,552,1,551,365,186,24.675905230219044,0.18115942028985507,99.81884057971014,66.12318840579711,33.69565217391305
07940,07,940,2053,677,1,676,391,285,32.976132489040424,0.14771048744460857,99.85228951255539,57.754800590841946,42.09748892171344
07941,07,941,2631,663,0,663,433,230,25.19954389965792,0.0,100.0,65.30920060331825,34.69079939668175
07942,07,942,1023,181,0,181,109,72,17.6930596285435,0.0,100.0,60.22099447513812,39.77900552486188
07943,07,943,2545,541,0,541,342,199,21.257367387033398,0.0,100.0,63.21626617375231,36.78373382624769
07944,07,944,2351,483,0,483,298,185,20.544449170565716,0.0,100.0,61.697722567287784,38.302277432712216
07945,07,945,2417,676,3,673,400,273,27.968556061232935,0.4437869822485207,99.55621301775149,59.171597633136095,40.38461538461539
07946,07,946,3414,701,0,701,427,274,20.53309900410076,0.0,100.0,60.9129814550642,39.08701854493581
07947,07,947,1325,337,2,335,210,125,25.433962264150946,0.5934718100890208,99.40652818991099,62.31454005934718,37.0919881305638
07948,07,948,2339,314,0,314,220,94,13.424540401881146,0.0,100.0,70.06369426751591,29.936305732484076
07949,07,949,1119,272,0,272,136,136,24.307417336907953,0.0,100.0,50.0,50.0
07950,07,950,1412,216,0,216,130,86,15.29745042492918,0.0,100.0,60.18518518518518,39.81481481481482
07951,07,951,3592,803,1,802,541,261,22.35523385300668,0.12453300124533001,99.87546699875467,67.37235367372354,32.50311332503114
07952,07,952,2337,583,0,583,418,165,24.946512623020965,0.0,100.0,71.69811320754717,28.30188679245283
07953,07,953,3493,909,2,907,522,385,26.023475522473515,0.22002200220022,99.77997799779979,57.42574257425742,42.35423542354235
07954,07,954,1164,319,0,319,158,161,27.405498281786944,0.0,100.0,49.52978056426332,50.470219435736674
07955,07,955,2213,483,0,483,267,216,21.82557614098509,0.0,100.0,55.27950310559007,44.72049689440994
07956,07,956,2335,527,1,526,292,234,22.569593147751608,0.18975332068311196,99.81024667931689,55.40796963946869,44.4022770398482
07957,07,957,3126,678,2,676,464,212,21.689059500959694,0.2949852507374631,99.70501474926253,68.43657817109144,31.268436578171094
07958,07,958,2335,573,1,572,401,171,24.539614561027836,0.17452006980802792,99.82547993019197,69.9825479930192,29.84293193717277
07959,07,959,2157,483,1,482,322,160,22.39221140472879,0.2070393374741201,99.79296066252587,66.66666666666666,33.126293995859214
07960,07,960,2290,474,1,473,321,152,20.69868995633188,0.21097046413502107,99.78902953586498,67.72151898734177,32.06751054852321
07961,07,961,2189,609,0,609,438,171,27.820922795797166,0.0,100.0,71.92118226600985,28.078817733990146
07962,07,962,2078,453,1,452,297,155,21.79980750721848,0.22075055187637968,99.77924944812362,65.56291390728477,34.216335540838855
07963,07,963,2128,344,0,344,256,88,16.165413533834585,0.0,100.0,74.4186046511628,25.581395348837212
07964,07,964,2319,447,1,446,328,118,19.27554980595084,0.22371364653243847,99.77628635346755,73.37807606263982,26.39821029082774
07965,07,965,2483,557,0,557,405,152,22.432541280708822,0.0,100.0,72.71095152603232,27.289048473967686
07966,07,966,2579,561,0,561,386,175,21.752617293524622,0.0,100.0,68.80570409982175,31.194295900178254
07967,07,967,2640,618,0,618,400,218,23.40909090909091,0.0,100.0,64.72491909385113,35.275080906148865
07968,07,968,2285,674,0,674,475,199,29.49671772428884,0.0,100.0,70.47477744807121,29.52522255192878
07969,07,969,1158,268,0,268,167,101,23.1433506044905,0.0,100.0,62.31343283582089,37.6865671641791
07970,07,970,2295,679,0,679,514,165,29.586056644880177,0.0,100.0,75.69955817378498,24.30044182621502
07971,07,971,2499,734,1,733,566,167,29.371748699479795,0.13623978201634876,99.86376021798365,77.11171662125341,22.752043596730246
07972,07,972,2429,819,1,818,600,218,33.71757925072046,0.1221001221001221,99.87789987789988,73.26007326007326,26.61782661782662
07973,07,973,3362,915,0,915,673,242,27.21594289113623,0.0,100.0,73.55191256830601,26.44808743169399
07974,07,974,2451,760,2,758,557,201,31.007751937984494,0.2631578947368421,99.73684210526315,73.28947368421052,26.44736842105263
07975,07,975,1876,399,1,398,310,88,21.26865671641791,0.2506265664160401,99.74937343358395,77.69423558897243,22.05513784461153
07976,07,976,1789,293,0,293,227,66,16.377864728898825,0.0,100.0,77.47440273037543,22.525597269624573
07977,07,977,2993,580,0,580,448,132,19.378549949883062,0.0,100.0,77.24137931034483,22.758620689655174
07978,07,978,1914,421,1,420,311,109,21.99582027168234,0.23752969121140144,99.7624703087886,73.87173396674585,25.890736342042754
07979,07,979,2369,509,2,507,395,112,21.485859012241452,0.3929273084479371,99.60707269155206,77.60314341846758,22.00392927308448
07980,07,980,2463,576,0,576,413,163,23.38611449451888,0.0,100.0,71.70138888888889,28.29861111111111
07981,07,981,2718,885,1,884,656,228,32.560706401766005,0.11299435028248588,99.88700564971752,74.12429378531074,25.76271186440678
07982,07,982,1055,326,0,326,251,75,30.90047393364929,0.0,100.0,76.99386503067484,23.006134969325153
07983,07,983,2482,741,3,738,484,254,29.8549556809025,0.4048582995951417,99.59514170040485,65.31713900134952,34.278002699055335
07984,07,984,1988,671,0,671,488,183,33.75251509054326,0.0,100.0,72.72727272727273,27.27272727272727
07985,07,985,2126,647,2,645,463,182,30.432737535277514,0.3091190108191654,99.69088098918083,71.5610510046368,28.129829984544045
07986,07,986,2250,652,1,651,427,224,28.97777777777778,0.15337423312883436,99.84662576687117,65.49079754601227,34.355828220858896
07987,07,987,2067,419,0,419,304,115,20.270924044508952,0.0,100.0,72.55369928400954,27.44630071599045
07988,07,988,2364,811,0,811,575,236,34.30626057529611,0.0,100.0,70.90012330456227,29.099876695437732
07989,07,989,2305,627,0,627,436,191,27.201735357917574,0.0,100.0,69.53748006379585,30.462519936204146
07990,07,990,2500,567,1,566,435,131,22.68,0.1763668430335097,99.82363315696648,76.71957671957672,23.10405643738977
07991,07,991,2452,568,3,565,428,137,23.164763458401303,0.528169014084507,99.47183098591549,75.35211267605634,24.119718309859156
07992,07,992,2001,384,1,383,303,80,19.1904047976012,0.26041666666666663,99.73958333333334,78.90625,20.833333333333336
07993,07,993,3310,870,2,868,630,238,26.283987915407852,0.22988505747126436,99.77011494252874,72.41379310344827,27.35632183908046
07994,07,994,2321,595,1,594,445,149,25.635501938819473,0.16806722689075632,99.83193277310924,74.78991596638656,25.04201680672269
07995,07,995,2473,712,0,712,495,217,28.79094217549535,0.0,100.0,69.52247191011236,30.47752808988764
07996,07,996,3289,955,1,954,702,252,29.036181210094252,0.10471204188481677,99.89528795811519,73.50785340314137,26.387434554973822
07997,07,997,1075,296,0,296,201,95,27.53488372093023,0.0,100.0,67.9054054054054,32.0945945945946
07998,07,998,1098,364,2,362,252,110,33.1511839708561,0.5494505494505495,99.45054945054946,69.23076923076923,30.21978021978022
07999,07,999,975,299,0,299,220,79,30.666666666666664,0.0,100.0,73.57859531772574,26.421404682274247
081A,08,1A,0,966,2,964,676,288,inf,0.2070393374741201,99.79296066252587,69.97929606625259,29.81366459627329
081B,08,1B,0,815,0,815,509,306,inf,0.0,100.0,62.45398773006134,37.54601226993865
081C,08,1C,0,771,2,769,523,246,inf,0.25940337224383914,99.74059662775616,67.83398184176394,31.906614785992215
081D,08,1D,0,791,1,790,516,274,inf,0.12642225031605564,99.87357774968395,65.2338811630847,34.639696586599236
081E,08,1E,0,749,0,749,492,257,inf,0.0,100.0,65.68758344459279,34.31241655540721
081F,08,1F,0,938,4,934,631,303,inf,0.42643923240938164,99.57356076759062,67.27078891257996,32.30277185501066
081G,08,1G,0,734,1,733,498,235,inf,0.13623978201634876,99.86376021798365,67.8474114441417,32.01634877384196
081H,08,1H,0,851,4,847,566,281,inf,0.4700352526439483,99.52996474735605,66.50998824911868,33.01997649823737
081I,08,1I,0,853,0,853,623,230,inf,0.0,100.0,73.03634232121922,26.963657678780773
081K,08,1K,0,671,1,670,427,243,inf,0.14903129657228018,99.85096870342772,63.63636363636363,36.214605067064085
081L,08,1L,0,762,1,761,487,274,inf,0.13123359580052493,99.86876640419948,63.91076115485564,35.958005249343834
081M,08,1M,0,403,6,397,247,150,inf,1.488833746898263,98.51116625310173,61.29032258064516,37.220843672456574
081N,08,1N,0,410,0,410,238,172,inf,0.0,100.0,58.048780487804876,41.951219512195124
081O,08,1O,0,402,0,402,250,152,inf,0.0,100.0,62.189054726368155,37.81094527363184
081P,08,1P,0,334,0,334,213,121,inf,0.0,100.0,63.772455089820355,36.227544910179645
081Q,08,1Q,0,170,1,169,105,64,inf,0.5882352941176471,99.41176470588235,61.76470588235294,37.64705882352941
081R,08,1R,0,298,0,298,183,115,inf,0.0,100.0,61.40939597315436,38.59060402684564
081S,08,1S,0,427,11,416,287,129,inf,2.576112412177986,97.42388758782201,67.21311475409836,30.210772833723652
08101,08,101,3702,767,2,765,221,544,20.71853052404106,0.2607561929595828,99.73924380704041,28.8135593220339,70.92568448500653
08104,08,104,4017,830,2,828,250,578,20.6621857107294,0.24096385542168677,99.75903614457832,30.120481927710845,69.63855421686746
08105,08,105,2652,566,3,563,169,394,21.34238310708899,0.5300353356890459,99.46996466431095,29.858657243816257,69.6113074204947
08108,08,108,2739,555,1,554,163,391,20.262869660460023,0.18018018018018017,99.81981981981983,29.36936936936937,70.45045045045045
08110,08,110,3047,559,0,559,182,377,18.34591401378405,0.0,100.0,32.55813953488372,67.44186046511628
08114,08,114,1067,201,0,201,80,121,18.837863167760073,0.0,100.0,39.800995024875625,60.19900497512438
08115,08,115,3525,615,2,613,263,350,17.4468085106383,0.3252032520325203,99.67479674796748,42.76422764227642,56.91056910569105
08118,08,118,2090,352,1,351,150,201,16.842105263157894,0.2840909090909091,99.7159090909091,42.61363636363637,57.10227272727273
08119,08,119,4112,679,1,678,313,365,16.512645914396888,0.14727540500736377,99.85272459499264,46.09720176730486,53.75552282768778
08122,08,122,1727,269,1,268,152,116,15.57614360162131,0.37174721189591076,99.62825278810409,56.50557620817844,43.12267657992565
08125,08,125,1309,208,1,207,105,102,15.889992360580596,0.4807692307692308,99.51923076923077,50.480769230769226,49.03846153846153
08126,08,126,3892,717,5,712,288,424,18.4224049331963,0.697350069735007,99.30264993026499,40.1673640167364,59.13528591352859
08129,08,129,993,147,0,147,63,84,14.803625377643503,0.0,100.0,42.857142857142854,57.14285714285714
08201,08,201,3930,755,3,752,236,516,19.21119592875318,0.3973509933774834,99.60264900662251,31.25827814569536,68.34437086092716
08202,08,202,2984,517,0,517,158,359,17.32573726541555,0.0,100.0,30.56092843326886,69.43907156673113
08207,08,207,3293,603,3,600,194,406,18.311569996963257,0.4975124378109453,99.50248756218906,32.172470978441126,67.33001658374793
08208,08,208,3193,608,0,608,186,422,19.041653617287817,0.0,100.0,30.592105263157894,69.4078947368421
08211,08,211,1469,245,0,245,102,143,16.678012253233494,0.0,100.0,41.63265306122449,58.36734693877551
08213,08,213,3610,506,0,506,265,241,14.016620498614959,0.0,100.0,52.37154150197628,47.62845849802372
08216,08,216,1212,229,1,228,94,134,18.894389438943897,0.43668122270742354,99.56331877729258,41.04803493449782,58.515283842794766
08218,08,218,899,129,1,128,43,85,14.349276974416018,0.7751937984496124,99.2248062015504,33.33333333333333,65.89147286821705
08219,08,219,3258,482,0,482,203,279,14.794352363413138,0.0,100.0,42.11618257261411,57.8838174273859
08221,08,221,3677,603,0,603,268,335,16.39923850965461,0.0,100.0,44.44444444444444,55.55555555555556
08223,08,223,3297,545,3,542,186,356,16.530178950561115,0.5504587155963303,99.44954128440368,34.12844036697248,65.3211009174312
08227,08,227,833,108,0,108,55,53,12.965186074429772,0.0,100.0,50.92592592592593,49.074074074074076
08229,08,229,969,112,0,112,45,67,11.55830753353973,0.0,100.0,40.17857142857143,59.82142857142857
08301,08,301,2590,483,3,480,313,167,18.64864864864865,0.6211180124223602,99.37888198757764,64.80331262939958,34.57556935817806
08304,08,304,2403,275,0,275,151,124,11.444028297960882,0.0,100.0,54.90909090909091,45.09090909090909
08305,08,305,2215,312,1,311,188,123,14.085778781038375,0.3205128205128205,99.67948717948718,60.256410256410255,39.42307692307692
08308,08,308,3606,507,0,507,310,197,14.05990016638935,0.0,100.0,61.1439842209073,38.8560157790927
08309,08,309,1321,144,0,144,90,54,10.900832702498107,0.0,100.0,62.5,37.5
08310,08,310,2829,447,4,443,292,151,15.800636267232237,0.8948545861297539,99.10514541387025,65.32438478747203,33.78076062639821
08313,08,313,3617,537,3,534,371,163,14.846557920928946,0.5586592178770949,99.4413407821229,69.08752327746741,30.353817504655495
08318,08,318,3386,672,5,667,439,228,19.84642646190195,0.744047619047619,99.25595238095238,65.32738095238095,33.92857142857143
08321,08,321,1577,301,1,300,213,87,19.08687381103361,0.33222591362126247,99.66777408637874,70.7641196013289,28.903654485049834
08322,08,322,1631,253,0,253,175,78,15.511955855303494,0.0,100.0,69.1699604743083,30.8300395256917
08323,08,323,1182,206,0,206,124,82,17.428087986463623,0.0,100.0,60.19417475728155,39.80582524271845
08325,08,325,3500,884,0,884,548,336,25.257142857142856,0.0,100.0,61.990950226244344,38.009049773755656
08401,08,401,2635,790,2,788,485,303,29.98102466793169,0.25316455696202533,99.74683544303798,61.39240506329114,38.35443037974684
08403,08,403,2870,436,0,436,303,133,15.191637630662022,0.0,100.0,69.4954128440367,30.504587155963304
08406,08,406,3633,811,6,805,526,279,22.32314891274429,0.7398273736128237,99.26017262638717,64.85819975339088,34.4019728729963
08410,08,410,1566,483,1,482,358,124,30.842911877394634,0.2070393374741201,99.79296066252587,74.12008281573499,25.672877846790893
08411,08,411,2425,539,3,536,431,105,22.22680412371134,0.5565862708719851,99.44341372912801,79.96289424860854,19.480519480519483
08412,08,412,3268,795,1,794,563,231,24.326805385556916,0.12578616352201258,99.87421383647799,70.81761006289308,29.056603773584904
08413,08,413,2975,923,0,923,665,258,31.02521008403361,0.0,100.0,72.04767063921993,27.952329360780066
08417,08,417,1403,398,0,398,291,107,28.367783321454027,0.0,100.0,73.11557788944724,26.884422110552762
08422,08,422,3739,855,3,852,660,192,22.867076758491574,0.3508771929824561,99.64912280701755,77.19298245614034,22.45614035087719
08425,08,425,2918,619,1,618,463,155,21.213159698423578,0.16155088852988692,99.83844911147011,74.79806138933765,25.040387722132472
08426,08,426,2024,524,2,522,397,125,25.889328063241106,0.38167938931297707,99.61832061068702,75.76335877862596,23.85496183206107
08428,08,428,2725,755,1,754,540,214,27.706422018348626,0.13245033112582782,99.86754966887416,71.52317880794702,28.344370860927153
08501,08,501,2869,676,2,674,500,174,23.562216800278843,0.2958579881656805,99.70414201183432,73.96449704142012,25.7396449704142
08504,08,504,2960,817,0,817,529,288,27.60135135135135,0.0,100.0,64.74908200734394,35.25091799265606
08505,08,505,3759,743,2,741,534,207,19.765895184889597,0.2691790040376851,99.7308209959623,71.8707940780619,27.860026917900406
08510,08,510,1343,291,3,288,212,76,21.66790766939687,1.0309278350515463,98.96907216494846,72.85223367697594,26.11683848797251
08511,08,511,3248,679,1,678,476,202,20.905172413793103,0.14727540500736377,99.85272459499264,70.10309278350515,29.749631811487482
08512,08,512,3601,986,0,986,714,272,27.38128297695085,0.0,100.0,72.41379310344827,27.586206896551722
08517,08,517,3335,651,2,649,483,166,19.520239880059968,0.30721966205837176,99.69278033794163,74.19354838709677,25.49923195084485
08519,08,519,1575,317,0,317,211,106,20.126984126984127,0.0,100.0,66.5615141955836,33.4384858044164
08521,08,521,3320,544,3,541,394,147,16.3855421686747,0.5514705882352942,99.44852941176471,72.42647058823529,27.02205882352941
08526,08,526,3342,649,3,646,476,170,19.419509275882703,0.46224961479198773,99.53775038520801,73.34360554699538,26.194144838212637
08528,08,528,1460,328,0,328,260,68,22.465753424657535,0.0,100.0,79.26829268292683,20.73170731707317
08530,08,530,2290,404,1,403,297,106,17.64192139737991,0.24752475247524752,99.75247524752476,73.51485148514851,26.237623762376238
08534,08,534,818,206,0,206,135,71,25.183374083129586,0.0,100.0,65.53398058252428,34.46601941747573
08601,08,601,3649,555,5,550,409,141,15.209646478487256,0.9009009009009009,99.09909909909909,73.69369369369369,25.405405405405407
08603,08,603,2365,640,0,640,499,141,27.061310782241016,0.0,100.0,77.96875,22.03125
08605,08,605,3082,861,0,861,606,255,27.93640493186243,0.0,100.0,70.38327526132404,29.61672473867596
08608,08,608,543,88,0,88,73,15,16.206261510128915,0.0,100.0,82.95454545454545,17.045454545454543
08610,08,610,3182,872,0,872,636,236,27.40414833438089,0.0,100.0,72.93577981651376,27.06422018348624
08614,08,614,1111,238,0,238,183,55,21.422142214221424,0.0,100.0,76.89075630252101,23.10924369747899
08616,08,616,1044,224,1,223,169,54,21.455938697318008,0.4464285714285714,99.55357142857143,75.44642857142857,24.107142857142858
08617,08,617,3410,906,0,906,593,313,26.56891495601173,0.0,100.0,65.45253863134658,34.54746136865342
08619,08,619,3112,1031,1,1030,698,332,33.12982005141388,0.09699321047526674,99.90300678952472,67.70126091173618,32.201745877788554
08622,08,622,2301,748,2,746,569,177,32.507605388961316,0.267379679144385,99.73262032085562,76.06951871657755,23.663101604278076
08623,08,623,3355,857,3,854,639,215,25.543964232488825,0.3500583430571762,99.64994165694281,74.56242707117853,25.087514585764293
08628,08,628,3504,934,4,930,664,266,26.65525114155251,0.4282655246252677,99.57173447537473,71.09207708779444,28.4796573875803
08632,08,632,1031,227,2,225,168,57,22.017458777885548,0.881057268722467,99.11894273127754,74.00881057268722,25.11013215859031
091A,09,1A,0,964,1,963,272,691,inf,0.1037344398340249,99.89626556016597,28.21576763485477,71.6804979253112
091B,09,1B,0,890,1,889,252,637,inf,0.11235955056179776,99.8876404494382,28.314606741573034,71.57303370786516
091C,09,1C,0,925,3,922,284,638,inf,0.3243243243243243,99.67567567567568,30.7027027027027,68.97297297297297
091D,09,1D,0,894,0,894,273,621,inf,0.0,100.0,30.536912751677853,69.46308724832215
091E,09,1E,0,920,0,920,260,660,inf,0.0,100.0,28.26086956521739,71.73913043478261
091F,09,1F,0,940,15,925,248,677,inf,1.5957446808510638,98.40425531914893,26.382978723404253,72.02127659574468
091G,09,1G,0,913,1,912,260,652,inf,0.10952902519167579,99.89047097480832,28.477546549835708,71.41292442497262
091H,09,1H,0,915,3,912,236,676,inf,0.32786885245901637,99.672131147541,25.792349726775953,73.87978142076503
091J,09,1J,0,914,3,911,269,642,inf,0.3282275711159737,99.67177242888403,29.431072210065643,70.24070021881839
091K,09,1K,0,918,1,917,244,673,inf,0.10893246187363835,99.89106753812636,26.57952069716776,73.31154684095861
091L,09,1L,0,905,2,903,262,641,inf,0.22099447513812157,99.77900552486187,28.950276243093924,70.82872928176795
091M,09,1M,0,873,2,871,242,629,inf,0.22909507445589922,99.7709049255441,27.720504009163804,72.0504009163803
09101,09,101,1936,431,2,429,98,331,22.262396694214875,0.46403712296983757,99.53596287703016,22.73781902552204,76.79814385150812
09103,09,103,2403,512,1,511,118,393,21.30669995838535,0.1953125,99.8046875,23.046875,76.7578125
09104,09,104,3372,811,3,808,155,653,24.051008303677342,0.36991368680641185,99.63008631319359,19.112207151664613,80.51787916152897
09108,09,108,3409,701,0,701,173,528,20.563215019067176,0.0,100.0,24.679029957203994,75.320970042796
09111,09,111,2397,420,0,420,103,317,17.521902377972467,0.0,100.0,24.523809523809522,75.47619047619048
09113,09,113,2638,502,0,502,102,400,19.02956785443518,0.0,100.0,20.318725099601593,79.6812749003984
09116,09,116,2229,337,0,337,94,243,15.11888739344998,0.0,100.0,27.89317507418398,72.10682492581603
09120,09,120,2507,521,0,521,70,451,20.781810929397686,0.0,100.0,13.43570057581574,86.56429942418427
09122,09,122,2469,547,0,547,118,429,22.154718509518023,0.0,100.0,21.572212065813527,78.42778793418648
09126,09,126,1001,217,0,217,50,167,21.678321678321677,0.0,100.0,23.04147465437788,76.95852534562212
09127,09,127,912,153,1,152,30,122,16.776315789473685,0.6535947712418301,99.34640522875817,19.607843137254903,79.73856209150327
09128,09,128,981,205,0,205,50,155,20.897043832823652,0.0,100.0,24.390243902439025,75.60975609756098
09130,09,130,2788,686,0,686,174,512,24.60545193687231,0.0,100.0,25.364431486880466,74.63556851311954
09133,09,133,1962,509,0,509,170,339,25.942915392456676,0.0,100.0,33.39882121807465,66.60117878192534
09135,09,135,2809,502,0,502,132,370,17.87112851548594,0.0,100.0,26.294820717131472,73.70517928286853
09201,09,201,1703,358,2,356,62,294,21.021726365237818,0.5586592178770949,99.4413407821229,17.318435754189945,82.12290502793296
09204,09,204,3032,674,0,674,159,515,22.229551451187334,0.0,100.0,23.590504451038576,76.40949554896143
09207,09,207,3330,695,3,692,172,520,20.87087087087087,0.4316546762589928,99.568345323741,24.74820143884892,74.82014388489209
09208,09,208,2141,472,0,472,111,361,22.0457730032695,0.0,100.0,23.516949152542374,76.48305084745762
09211,09,211,3121,794,0,794,254,540,25.44056392181993,0.0,100.0,31.98992443324937,68.01007556675063
09212,09,212,896,197,0,197,40,157,21.986607142857142,0.0,100.0,20.304568527918782,79.69543147208121
09214,09,214,1155,274,1,273,39,234,23.722943722943725,0.36496350364963503,99.63503649635037,14.233576642335766,85.40145985401459
09216,09,216,3492,839,1,838,166,672,24.02634593356243,0.11918951132300357,99.880810488677,19.785458879618595,80.09535160905841
09221,09,221,1903,344,1,343,46,297,18.076720966894378,0.29069767441860467,99.70930232558139,13.372093023255813,86.33720930232558
09222,09,222,1425,211,0,211,65,146,14.807017543859649,0.0,100.0,30.80568720379147,69.19431279620854
09224,09,224,2437,362,0,362,72,290,14.854329093147312,0.0,100.0,19.88950276243094,80.11049723756905
09227,09,227,558,92,0,92,44,48,16.48745519713262,0.0,100.0,47.82608695652174,52.17391304347826
09228,09,228,2472,502,0,502,110,392,20.307443365695793,0.0,100.0,21.91235059760956,78.08764940239044
09230,09,230,3591,639,1,638,151,487,17.794486215538846,0.1564945226917058,99.8435054773083,23.630672926447573,76.21283255086072
09231,09,231,879,156,1,155,49,106,17.747440273037544,0.641025641025641,99.35897435897436,31.41025641025641,67.94871794871796
09236,09,236,2650,446,0,446,108,338,16.830188679245282,0.0,100.0,24.2152466367713,75.7847533632287
09301,09,301,696,201,0,201,43,158,28.879310344827587,0.0,100.0,21.393034825870647,78.60696517412936
09302,09,302,2365,506,1,505,115,390,21.3953488372093,0.1976284584980237,99.80237154150198,22.727272727272727,77.07509881422925
09304,09,304,3220,827,2,825,178,647,25.6832298136646,0.24183796856106407,99.75816203143893,21.5235792019347,78.23458282950423
09308,09,308,3039,526,0,526,138,388,17.308325106943073,0.0,100.0,26.23574144486692,73.76425855513308
09309,09,309,3669,750,2,748,192,556,20.441537203597708,0.26666666666666666,99.73333333333333,25.6,74.13333333333333
09314,09,314,3889,1000,1,999,352,647,25.71355104139882,0.1,99.9,35.199999999999996,64.7
09317,09,317,2969,775,0,775,214,561,26.103065005052205,0.0,100.0,27.612903225806452,72.38709677419355
09319,09,319,2100,434,1,433,178,255,20.666666666666668,0.2304147465437788,99.76958525345621,41.013824884792626,58.75576036866359
09320,09,320,1006,175,1,174,61,113,17.395626242544733,0.5714285714285714,99.42857142857143,34.85714285714286,64.57142857142857
09321,09,321,569,115,1,114,40,74,20.210896309314588,0.8695652173913043,99.1304347826087,34.78260869565217,64.34782608695652
09322,09,322,2376,541,0,541,160,381,22.76936026936027,0.0,100.0,29.57486136783734,70.42513863216267
09324,09,324,2207,509,1,508,98,410,23.06298142274581,0.19646365422396855,99.80353634577604,19.25343811394892,80.55009823182712
09326,09,326,1356,145,1,144,43,101,10.693215339233038,0.6896551724137931,99.3103448275862,29.655172413793103,69.6551724137931
09328,09,328,1200,216,0,216,49,167,18.0,0.0,100.0,22.685185185185187,77.31481481481481
09330,09,330,2106,315,0,315,106,209,14.957264957264957,0.0,100.0,33.65079365079365,66.34920634920634
09333,09,333,863,232,0,232,68,164,26.88296639629201,0.0,100.0,29.310344827586203,70.6896551724138
09401,09,401,2902,696,2,694,205,489,23.983459682977255,0.28735632183908044,99.71264367816092,29.454022988505745,70.25862068965517
09403,09,403,803,96,1,95,19,76,11.955168119551681,1.0416666666666665,98.95833333333334,19.791666666666664,79.16666666666666
09404,09,404,1885,433,3,430,128,302,22.97082228116711,0.6928406466512702,99.30715935334872,29.561200923787528,69.7459584295612
09405,09,405,3559,806,1,805,231,574,22.646810901938746,0.12406947890818859,99.87593052109182,28.66004962779156,71.21588089330024
09409,09,409,3237,665,2,663,193,470,20.54371331479765,0.30075187969924816,99.69924812030075,29.022556390977446,70.67669172932331
09413,09,413,4049,620,5,615,162,453,15.312422820449495,0.8064516129032258,99.19354838709677,26.129032258064516,73.06451612903226
09418,09,418,558,63,0,63,16,47,11.29032258064516,0.0,100.0,25.396825396825395,74.60317460317461
09419,09,419,638,177,0,177,40,137,27.74294670846395,0.0,100.0,22.598870056497177,77.40112994350282
09420,09,420,1900,478,0,478,124,354,25.157894736842106,0.0,100.0,25.94142259414226,74.05857740585773
09422,09,422,897,187,0,187,48,139,20.84726867335563,0.0,100.0,25.668449197860966,74.33155080213903
09423,09,423,1281,330,1,329,94,235,25.76112412177986,0.30303030303030304,99.69696969696969,28.484848484848484,71.21212121212122
09424,09,424,767,286,0,286,76,210,37.28813559322034,0.0,100.0,26.573426573426573,73.42657342657343
09425,09,425,753,265,0,265,64,201,35.1925630810093,0.0,100.0,24.150943396226417,75.84905660377359
09426,09,426,835,212,0,212,79,133,25.389221556886227,0.0,100.0,37.264150943396224,62.735849056603776
09427,09,427,749,166,0,166,39,127,22.162883845126835,0.0,100.0,23.49397590361446,76.50602409638554
09428,09,428,347,117,0,117,22,95,33.71757925072046,0.0,100.0,18.803418803418804,81.19658119658119
09429,09,429,2712,619,2,617,157,460,22.82448377581121,0.32310177705977383,99.67689822294022,25.363489499192244,74.31340872374797
09432,09,432,3275,689,2,687,166,521,21.0381679389313,0.29027576197387517,99.70972423802613,24.092888243831638,75.61683599419449
09436,09,436,1660,427,2,425,106,319,25.722891566265062,0.468384074941452,99.53161592505855,24.824355971896956,74.7072599531616
09501,09,501,812,193,0,193,71,122,23.76847290640394,0.0,100.0,36.787564766839374,63.212435233160626
09502,09,502,739,127,0,127,29,98,17.185385656292286,0.0,100.0,22.83464566929134,77.16535433070865
09503,09,503,697,159,0,159,42,117,22.812051649928264,0.0,100.0,26.41509433962264,73.58490566037736
09504,09,504,1134,216,0,216,42,174,19.047619047619047,0.0,100.0,19.444444444444446,80.55555555555556
09505,09,505,1076,208,0,208,35,173,19.33085501858736,0.0,100.0,16.826923076923077,83.17307692307693
09506,09,506,1626,371,0,371,47,324,22.81672816728167,0.0,100.0,12.668463611859837,87.33153638814017
09508,09,508,1353,316,0,316,76,240,23.35550628233555,0.0,100.0,24.050632911392405,75.9493670886076
09510,09,510,1575,252,1,251,58,193,16.0,0.3968253968253968,99.60317460317461,23.015873015873016,76.5873015873016
09512,09,512,544,78,0,78,18,60,14.338235294117647,0.0,100.0,23.076923076923077,76.92307692307693
09513,09,513,924,182,0,182,36,146,19.696969696969695,0.0,100.0,19.78021978021978,80.21978021978022
09514,09,514,710,147,0,147,28,119,20.704225352112676,0.0,100.0,19.047619047619047,80.95238095238095
09515,09,515,2118,275,0,275,69,206,12.983947119924458,0.0,100.0,25.09090909090909,74.90909090909092
09518,09,518,1177,222,2,220,71,149,18.861512319456246,0.9009009009009009,99.09909909909909,31.98198198198198,67.11711711711712
09519,09,519,3301,700,1,699,180,519,21.205695243865495,0.14285714285714285,99.85714285714286,25.71428571428571,74.14285714285714
09522,09,522,3087,769,0,769,190,579,24.91091674765144,0.0,100.0,24.7074122236671,75.2925877763329
09525,09,525,2135,401,3,398,95,303,18.782201405152225,0.7481296758104738,99.25187032418953,23.690773067331673,75.56109725685786
09527,09,527,1504,444,1,443,138,305,29.521276595744684,0.22522522522522523,99.77477477477478,31.08108108108108,68.69369369369369
09528,09,528,2394,645,1,644,173,471,26.94235588972431,0.15503875968992248,99.84496124031008,26.82170542635659,73.0232558139535
09530,09,530,3192,822,0,822,223,599,25.75187969924812,0.0,100.0,27.128953771289538,72.87104622871047
09601,09,601,2837,840,0,840,246,594,29.60874162848079,0.0,100.0,29.28571428571429,70.71428571428572
09603,09,603,881,193,2,191,49,142,21.906923950056754,1.0362694300518136,98.96373056994818,25.38860103626943,73.57512953367875
09604,09,604,1014,313,0,313,97,216,30.867850098619332,0.0,100.0,30.990415335463258,69.00958466453673
09605,09,605,1984,512,1,511,137,374,25.806451612903224,0.1953125,99.8046875,26.7578125,73.046875
09608,09,608,1565,435,1,434,100,334,27.79552715654952,0.22988505747126436,99.77011494252874,22.988505747126435,76.7816091954023
09609,09,609,1508,393,0,393,80,313,26.061007957559685,0.0,100.0,20.35623409669211,79.64376590330788
09611,09,611,2380,536,0,536,117,419,22.521008403361346,0.0,100.0,21.828358208955223,78.17164179104478
09614,09,614,2699,703,7,696,181,515,26.046683957021116,0.995732574679943,99.00426742532005,25.746799431009958,73.2574679943101
09617,09,617,2355,629,3,626,174,452,26.709129511677283,0.47694753577106513,99.52305246422894,27.662957074721778,71.86009538950715
09619,09,619,798,237,0,237,79,158,29.69924812030075,0.0,100.0,33.33333333333333,66.66666666666666
09620,09,620,3491,906,2,904,246,658,25.95244915496992,0.22075055187637968,99.77924944812362,27.1523178807947,72.62693156732892
09624,09,624,3593,849,1,848,182,666,23.62927915391038,0.11778563015312131,99.88221436984688,21.43698468786808,78.4452296819788
09628,09,628,640,151,1,150,46,104,23.59375,0.6622516556291391,99.33774834437085,30.4635761589404,68.87417218543047
09629,09,629,1424,304,2,302,79,223,21.34831460674157,0.6578947368421052,99.3421052631579,25.986842105263158,73.35526315789474
09630,09,630,1614,447,0,447,147,300,27.695167286245354,0.0,100.0,32.88590604026846,67.11409395973155
09631,09,631,1846,538,0,538,147,391,29.144095341278444,0.0,100.0,27.323420074349443,72.67657992565056
09633,09,633,1318,375,3,372,102,270,28.452200303490137,0.8,99.2,27.200000000000003,72.0
09634,09,634,1277,393,1,392,113,279,30.7752545027408,0.2544529262086514,99.74554707379136,28.75318066157761,70.99236641221374
101A,10,1A,0,888,0,888,211,677,inf,0.0,100.0,23.76126126126126,76.23873873873875
101B,10,1B,0,980,0,980,225,755,inf,0.0,100.0,22.95918367346939,77.04081632653062
101C,10,1C,0,969,2,967,239,728,inf,0.20639834881320948,99.79360165118679,24.664602683178536,75.12899896800825
101D,10,1D,0,916,1,915,244,671,inf,0.10917030567685589,99.89082969432314,26.637554585152838,73.2532751091703
101E,10,1E,0,933,3,930,219,711,inf,0.3215434083601286,99.67845659163987,23.47266881028939,76.20578778135048
101F,10,1F,0,885,0,885,216,669,inf,0.0,100.0,24.40677966101695,75.59322033898304
101G,10,1G,0,907,1,906,246,660,inf,0.11025358324145534,99.88974641675854,27.122381477398015,72.76736493936052
101H,10,1H,0,885,0,885,214,671,inf,0.0,100.0,24.18079096045198,75.81920903954801
101J,10,1J,0,876,3,873,213,660,inf,0.3424657534246575,99.65753424657534,24.315068493150687,75.34246575342466
101K,10,1K,0,886,13,873,228,645,inf,1.4672686230248306,98.53273137697516,25.733634311512414,72.79909706546276
10101,10,101,4332,478,1,477,105,372,11.034164358264082,0.20920502092050208,99.7907949790795,21.96652719665272,77.82426778242679
10102,10,102,4216,431,1,430,107,323,10.222960151802656,0.23201856148491878,99.76798143851508,24.825986078886313,74.94199535962876
10103,10,103,5326,667,5,662,134,528,12.523469770935037,0.7496251874062968,99.2503748125937,20.089955022488756,79.16041979010495
10104,10,104,3331,268,0,268,47,221,8.045631942359652,0.0,100.0,17.537313432835823,82.46268656716418
10105,10,105,3732,451,0,451,109,342,12.084673097534834,0.0,100.0,24.168514412416854,75.83148558758315
10106,10,106,2613,410,1,409,79,330,15.690776884806738,0.24390243902439024,99.7560975609756,19.26829268292683,80.48780487804879
10107,10,107,3620,415,1,414,100,314,11.464088397790055,0.24096385542168677,99.75903614457832,24.096385542168676,75.66265060240964
10201,10,201,4226,480,2,478,111,367,11.358258400378608,0.4166666666666667,99.58333333333333,23.125,76.45833333333333
10202,10,202,3515,406,1,405,77,328,11.55049786628734,0.24630541871921183,99.75369458128078,18.96551724137931,80.78817733990148
10203,10,203,3751,456,1,455,121,334,12.156758197813916,0.21929824561403508,99.78070175438597,26.535087719298247,73.24561403508771
10204,10,204,3534,474,0,474,100,374,13.412563667232597,0.0,100.0,21.09704641350211,78.90295358649789
10205,10,205,2389,390,0,390,79,311,16.324822101297613,0.0,100.0,20.256410256410255,79.74358974358975
10206,10,206,3049,542,1,541,109,432,17.776320104952443,0.18450184501845018,99.81549815498155,20.11070110701107,79.70479704797047
10207,10,207,4024,510,4,506,77,429,12.673956262425449,0.7843137254901961,99.2156862745098,15.098039215686274,84.11764705882354
10208,10,208,3502,578,3,575,131,444,16.50485436893204,0.5190311418685121,99.48096885813149,22.664359861591695,76.8166089965398
10301,10,301,4350,685,1,684,138,546,15.747126436781608,0.145985401459854,99.85401459854015,20.145985401459853,79.7080291970803
10302,10,302,2479,391,2,389,92,297,15.772488906817264,0.5115089514066496,99.48849104859335,23.52941176470588,75.95907928388746
10303,10,303,3889,765,3,762,141,621,19.670866546670098,0.39215686274509803,99.6078431372549,18.43137254901961,81.17647058823529
10304,10,304,4330,834,0,834,170,664,19.26096997690531,0.0,100.0,20.38369304556355,79.61630695443645
10305,10,305,4192,589,3,586,146,440,14.050572519083971,0.5093378607809848,99.49066213921901,24.78777589134126,74.70288624787777
10306,10,306,1558,343,0,343,77,266,22.015404364569964,0.0,100.0,22.448979591836736,77.55102040816327
10307,10,307,3947,355,1,354,80,274,8.99417278946035,0.28169014084507044,99.71830985915493,22.535211267605636,77.1830985915493
10308,10,308,3769,440,0,440,90,350,11.674184133722473,0.0,100.0,20.454545454545457,79.54545454545455
10309,10,309,3971,386,1,385,109,276,9.72047343238479,0.2590673575129534,99.74093264248705,28.238341968911918,71.50259067357513
10401,10,401,3821,626,2,624,111,513,16.38314577335776,0.3194888178913738,99.68051118210862,17.731629392971247,81.94888178913739
10402,10,402,3726,779,0,779,163,616,20.907139023081054,0.0,100.0,20.92426187419769,79.0757381258023
10403,10,403,4281,1044,2,1042,239,803,24.386825508058866,0.19157088122605362,99.80842911877394,22.892720306513407,76.91570881226055
10404,10,404,3745,905,1,904,224,680,24.16555407209613,0.11049723756906078,99.88950276243094,24.751381215469614,75.13812154696133
10405,10,405,3087,420,2,418,104,314,13.60544217687075,0.4761904761904762,99.52380952380952,24.761904761904763,74.76190476190476
10406,10,406,1174,248,0,248,55,193,21.12436115843271,0.0,100.0,22.177419354838708,77.82258064516128
10407,10,407,1352,429,1,428,108,320,31.73076923076923,0.2331002331002331,99.76689976689977,25.174825174825177,74.5920745920746
10408,10,408,2379,652,1,651,181,470,27.40647330811265,0.15337423312883436,99.84662576687117,27.76073619631902,72.08588957055214
10409,10,409,2096,635,0,635,170,465,30.295801526717558,0.0,100.0,26.77165354330709,73.22834645669292
10410,10,410,1273,339,1,338,77,261,26.630007855459542,0.2949852507374631,99.70501474926253,22.71386430678466,76.99115044247787
10411,10,411,1400,349,0,349,69,280,24.928571428571427,0.0,100.0,19.770773638968482,80.22922636103151
10501,10,501,3440,917,2,915,226,689,26.656976744186046,0.21810250817884408,99.78189749182116,24.645583424209377,75.13631406761178
10502,10,502,1294,299,1,298,80,218,23.106646058732615,0.33444816053511706,99.66555183946488,26.755852842809364,72.90969899665552
10503,10,503,2547,667,2,665,156,509,26.18767177071064,0.29985007496251875,99.70014992503748,23.388305847076463,76.31184407796103
10504,10,504,2569,631,0,631,135,496,24.56208641494745,0.0,100.0,21.394611727416798,78.6053882725832
10505,10,505,2477,634,0,634,143,491,25.59547840129189,0.0,100.0,22.555205047318612,77.44479495268138
10506,10,506,2481,707,0,707,163,544,28.496573962112056,0.0,100.0,23.055162659123056,76.94483734087694
10507,10,507,2537,659,0,659,191,468,25.975561687031927,0.0,100.0,28.98330804248862,71.01669195751138
10508,10,508,1283,341,0,341,59,282,26.578332034294622,0.0,100.0,17.302052785923756,82.69794721407625
10509,10,509,2676,754,2,752,181,571,28.176382660687594,0.2652519893899204,99.73474801061008,24.005305039787796,75.72944297082228
10510,10,510,2513,611,0,611,153,458,24.31356943891763,0.0,100.0,25.040916530278235,74.95908346972176
10511,10,511,1135,266,1,265,60,205,23.43612334801762,0.37593984962406013,99.62406015037594,22.55639097744361,77.06766917293233
10512,10,512,2183,573,2,571,129,442,26.24828218048557,0.34904013961605584,99.65095986038395,22.5130890052356,77.13787085514834
10513,10,513,1061,265,0,265,77,188,24.976437323279924,0.0,100.0,29.056603773584904,70.94339622641509
10514,10,514,3723,969,1,968,211,757,26.027397260273972,0.10319917440660474,99.89680082559339,21.775025799793603,78.12177502579979
10601,10,601,2321,334,1,333,63,270,14.390348987505385,0.29940119760479045,99.7005988023952,18.862275449101794,80.83832335329342
10602,10,602,2242,263,2,261,63,198,11.730597680642283,0.7604562737642585,99.23954372623575,23.954372623574145,75.2851711026616
10603,10,603,2598,392,2,390,80,310,15.088529638183218,0.5102040816326531,99.48979591836735,20.408163265306122,79.08163265306123
10604,10,604,2723,419,0,419,101,318,15.38744032317297,0.0,100.0,24.105011933174225,75.89498806682577
10605,10,605,2633,375,2,373,62,311,14.24230915305735,0.5333333333333333,99.46666666666667,16.53333333333333,82.93333333333334
10606,10,606,2426,335,0,335,58,277,13.80873866446826,0.0,100.0,17.313432835820898,82.68656716417911
10607,10,607,1932,351,0,351,63,288,18.16770186335404,0.0,100.0,17.94871794871795,82.05128205128204
10608,10,608,2808,542,0,542,93,449,19.301994301994302,0.0,100.0,17.15867158671587,82.84132841328413
10609,10,609,741,256,1,255,65,190,34.54790823211876,0.390625,99.609375,25.390625,74.21875
10610,10,610,1047,254,1,253,81,172,24.25978987583572,0.39370078740157477,99.60629921259843,31.88976377952756,67.71653543307087
10611,10,611,1883,422,2,420,96,324,22.411046202867766,0.47393364928909953,99.52606635071089,22.748815165876778,76.77725118483413
10612,10,612,2223,574,1,573,141,432,25.820962663067924,0.17421602787456447,99.82578397212544,24.56445993031359,75.26132404181185
10613,10,613,2640,487,0,487,82,405,18.4469696969697,0.0,100.0,16.83778234086242,83.16221765913757
10701,10,701,1471,206,2,204,33,171,14.004078857919783,0.9708737864077669,99.02912621359224,16.019417475728158,83.00970873786407
10702,10,702,3823,472,1,471,112,359,12.346324875752027,0.211864406779661,99.78813559322035,23.728813559322035,76.0593220338983
10703,10,703,3310,288,1,287,70,217,8.700906344410877,0.3472222222222222,99.65277777777779,24.305555555555554,75.34722222222221
10704,10,704,2448,262,0,262,44,218,10.702614379084967,0.0,100.0,16.793893129770993,83.20610687022901
10705,10,705,1720,171,0,171,32,139,9.941860465116278,0.0,100.0,18.71345029239766,81.28654970760235
10706,10,706,2094,291,1,290,49,241,13.896848137535816,0.3436426116838488,99.65635738831615,16.83848797250859,82.81786941580756
10707,10,707,3457,536,0,536,107,429,15.504772924501012,0.0,100.0,19.962686567164177,80.03731343283582
10708,10,708,2601,360,0,360,85,275,13.84083044982699,0.0,100.0,23.61111111111111,76.38888888888889
10709,10,709,3463,345,2,343,90,253,9.962460294542304,0.5797101449275363,99.42028985507247,26.08695652173913,73.33333333333333
10710,10,710,1871,244,0,244,41,203,13.041154462854088,0.0,100.0,16.80327868852459,83.19672131147541
111A,11,1A,0,526,1,525,113,412,inf,0.19011406844106463,99.80988593155894,21.482889733840306,78.32699619771863
111B,11,1B,0,546,0,546,132,414,inf,0.0,100.0,24.175824175824175,75.82417582417582
111C,11,1C,0,539,0,539,132,407,inf,0.0,100.0,24.489795918367346,75.51020408163265
111D,11,1D,0,540,3,537,111,426,inf,0.5555555555555556,99.44444444444444,20.555555555555554,78.88888888888889
111E,11,1E,0,543,0,543,126,417,inf,0.0,100.0,23.204419889502763,76.79558011049724
111F,11,1F,0,543,1,542,133,409,inf,0.1841620626151013,99.8158379373849,24.49355432780847,75.32228360957643
111G,11,1G,0,537,0,537,95,442,inf,0.0,100.0,17.690875232774676,82.30912476722533
111H,11,1H,0,534,0,534,117,417,inf,0.0,100.0,21.910112359550563,78.08988764044943
111J,11,1J,0,517,1,516,100,416,inf,0.19342359767891684,99.80657640232108,19.342359767891683,80.46421663442939
111K,11,1K,0,545,0,545,106,439,inf,0.0,100.0,19.449541284403672,80.55045871559633
111L,11,1L,0,478,1,477,114,363,inf,0.20920502092050208,99.7907949790795,23.84937238493724,75.94142259414227
111M,11,1M,0,528,0,528,105,423,inf,0.0,100.0,19.886363636363637,80.11363636363636
111N,11,1N,0,542,0,542,118,424,inf,0.0,100.0,21.771217712177123,78.22878228782287
111O,11,1O,0,559,0,559,118,441,inf,0.0,100.0,21.10912343470483,78.89087656529516
111P,11,1P,0,546,1,545,109,436,inf,0.18315018315018314,99.81684981684981,19.963369963369964,79.85347985347985
111R,11,1R,0,536,0,536,128,408,inf,0.0,100.0,23.88059701492537,76.11940298507463
111S,11,1S,0,504,1,503,117,386,inf,0.1984126984126984,99.8015873015873,23.214285714285715,76.5873015873016
111T,11,1T,0,526,1,525,106,419,inf,0.19011406844106463,99.80988593155894,20.15209125475285,79.65779467680608
111U,11,1U,0,534,0,534,125,409,inf,0.0,100.0,23.40823970037453,76.59176029962546
111V,11,1V,0,522,1,521,124,397,inf,0.19157088122605362,99.80842911877394,23.754789272030653,76.0536398467433
11101,11,101,1468,274,1,273,49,224,18.66485013623978,0.36496350364963503,99.63503649635037,17.88321167883212,81.75182481751825
11102,11,102,1142,231,0,231,62,169,20.2276707530648,0.0,100.0,26.83982683982684,73.16017316017316
11103,11,103,3196,506,0,506,128,378,15.83229036295369,0.0,100.0,25.296442687747035,74.70355731225297
11104,11,104,3322,347,3,344,75,269,10.445514750150512,0.8645533141210375,99.13544668587896,21.613832853025936,77.52161383285303
11109,11,109,3456,491,2,489,88,401,14.207175925925927,0.40733197556008144,99.59266802443992,17.922606924643585,81.67006109979633
11112,11,112,2821,411,0,411,87,324,14.569301666075859,0.0,100.0,21.16788321167883,78.83211678832117
11115,11,115,3738,450,5,445,87,358,12.038523274478331,1.1111111111111112,98.88888888888889,19.333333333333332,79.55555555555556
11116,11,116,2633,442,2,440,75,365,16.786935055070263,0.4524886877828055,99.5475113122172,16.968325791855204,82.57918552036199
11121,11,121,3711,492,1,491,102,389,13.257881972514147,0.20325203252032523,99.79674796747967,20.73170731707317,79.0650406504065
11124,11,124,3517,383,0,383,77,306,10.889963036678987,0.0,100.0,20.10443864229765,79.89556135770235
11127,11,127,2577,311,1,310,67,243,12.068296468762126,0.3215434083601286,99.67845659163987,21.54340836012862,78.13504823151125
11201,11,201,1222,218,0,218,71,147,17.83960720130933,0.0,100.0,32.56880733944954,67.43119266055045
11202,11,202,2256,359,3,356,74,282,15.913120567375886,0.8356545961002786,99.16434540389972,20.61281337047354,78.55153203342618
11204,11,204,3130,400,1,399,71,328,12.779552715654951,0.25,99.75,17.75,82.0
11207,11,207,2280,313,1,312,52,260,13.728070175438598,0.3194888178913738,99.68051118210862,16.61341853035144,83.06709265175719
11209,11,209,2365,388,0,388,94,294,16.405919661733613,0.0,100.0,24.22680412371134,75.77319587628865
11211,11,211,3367,775,2,773,157,616,23.01752301752302,0.25806451612903225,99.74193548387098,20.258064516129032,79.48387096774194
11212,11,212,3184,606,2,604,117,487,19.032663316582916,0.33003300330033003,99.66996699669967,19.306930693069308,80.36303630363037
11215,11,215,1877,283,1,282,50,232,15.07725093233884,0.35335689045936397,99.64664310954063,17.6678445229682,81.97879858657244
11217,11,217,3049,621,0,621,112,509,20.367333551984256,0.0,100.0,18.035426731078903,81.96457326892109
11221,11,221,3401,917,0,917,164,753,26.962658041752423,0.0,100.0,17.884405670665213,82.11559432933478
11222,11,222,2934,594,2,592,127,465,20.245398773006134,0.33670033670033667,99.66329966329967,21.38047138047138,78.28282828282829
11225,11,225,2100,430,1,429,73,356,20.476190476190474,0.23255813953488372,99.76744186046511,16.97674418604651,82.7906976744186
11228,11,228,2440,443,0,443,89,354,18.15573770491803,0.0,100.0,20.090293453724605,79.90970654627539
11301,11,301,2356,431,0,431,80,351,18.2937181663837,0.0,100.0,18.561484918793504,81.4385150812065
11303,11,303,2373,289,0,289,73,216,12.178676780446692,0.0,100.0,25.259515570934255,74.74048442906575
11305,11,305,2127,318,0,318,59,259,14.950634696755994,0.0,100.0,18.553459119496853,81.44654088050315
11306,11,306,2173,396,0,396,85,311,18.223653934652553,0.0,100.0,21.464646464646464,78.53535353535354
11308,11,308,3182,532,1,531,98,433,16.719044626021372,0.18796992481203006,99.81203007518798,18.421052631578945,81.39097744360903
11311,11,311,3180,414,2,412,99,313,13.018867924528301,0.4830917874396135,99.51690821256038,23.91304347826087,75.60386473429952
11315,11,315,2818,429,3,426,87,339,15.223562810503905,0.6993006993006993,99.3006993006993,20.27972027972028,79.02097902097903
11318,11,318,2463,436,2,434,74,360,17.70198944376776,0.45871559633027525,99.54128440366972,16.972477064220186,82.56880733944955
11320,11,320,2739,454,1,453,93,360,16.575392479006936,0.22026431718061676,99.77973568281938,20.484581497797357,79.29515418502203
11322,11,322,2101,300,1,299,60,239,14.278914802475013,0.33333333333333337,99.66666666666667,20.0,79.66666666666666
11323,11,323,2868,437,1,436,116,320,15.237099023709902,0.2288329519450801,99.77116704805492,26.54462242562929,73.22654462242562
11327,11,327,1109,89,1,88,38,50,8.025247971145175,1.1235955056179776,98.87640449438202,42.69662921348314,56.17977528089888
11328,11,328,2001,365,2,363,73,290,18.24087956021989,0.547945205479452,99.45205479452055,20.0,79.45205479452055
11330,11,330,1992,383,1,382,59,323,19.22690763052209,0.26109660574412535,99.73890339425587,15.404699738903393,84.33420365535248
11401,11,401,3765,620,0,620,123,497,16.46746347941567,0.0,100.0,19.838709677419356,80.16129032258064
11405,11,405,3794,789,1,788,136,652,20.79599367422246,0.12674271229404308,99.87325728770595,17.23700887198986,82.6362484157161
11409,11,409,4280,795,1,794,167,627,18.574766355140188,0.12578616352201258,99.87421383647799,21.0062893081761,78.8679245283019
11412,11,412,2695,364,1,363,84,279,13.506493506493506,0.27472527472527475,99.72527472527473,23.076923076923077,76.64835164835165
11415,11,415,3537,685,1,684,141,543,19.366694939214025,0.145985401459854,99.85401459854015,20.583941605839414,79.27007299270073
11416,11,416,3807,676,0,676,127,549,17.756763856054636,0.0,100.0,18.786982248520708,81.21301775147928
11420,11,420,2862,550,1,549,134,415,19.217330538085257,0.18181818181818182,99.81818181818181,24.363636363636363,75.45454545454545
11424,11,424,4081,659,1,658,157,501,16.148002940455772,0.15174506828528073,99.84825493171472,23.823975720789075,76.02427921092566
11428,11,428,2900,658,4,654,111,543,22.689655172413794,0.60790273556231,99.3920972644377,16.869300911854104,82.52279635258358
11431,11,431,4344,809,0,809,122,687,18.62338858195212,0.0,100.0,15.080346106304079,84.91965389369592
11501,11,501,2766,531,2,529,117,412,19.197396963123644,0.3766478342749529,99.62335216572504,22.033898305084744,77.5894538606403
11503,11,503,2158,379,0,379,78,301,17.56255792400371,0.0,100.0,20.58047493403694,79.41952506596306
11505,11,505,3288,449,3,446,103,343,13.65571776155718,0.6681514476614699,99.33184855233853,22.93986636971047,76.39198218262806
11506,11,506,2651,415,2,413,98,315,15.654470011316485,0.48192771084337355,99.51807228915662,23.6144578313253,75.90361445783132
11508,11,508,2668,449,0,449,107,342,16.829085457271365,0.0,100.0,23.83073496659243,76.16926503340757
11509,11,509,3503,632,3,629,172,457,18.04167856123323,0.4746835443037975,99.5253164556962,27.21518987341772,72.31012658227847
11510,11,510,3646,650,3,647,139,508,17.827756445419638,0.46153846153846156,99.53846153846155,21.384615384615387,78.15384615384615
11513,11,513,2386,361,0,361,85,276,15.129924559932942,0.0,100.0,23.545706371191137,76.45429362880887
11514,11,514,2661,361,1,360,74,286,13.566328447951898,0.2770083102493075,99.7229916897507,20.498614958448755,79.22437673130193
11516,11,516,1716,252,0,252,56,196,14.685314685314685,0.0,100.0,22.22222222222222,77.77777777777779
11521,11,521,3017,587,1,586,126,460,19.45641365594962,0.17035775127768313,99.82964224872232,21.465076660988075,78.36456558773425
11524,11,524,3323,650,1,649,129,520,19.560637977730966,0.15384615384615385,99.84615384615385,19.846153846153847,80.0
11601,11,601,3823,817,1,816,147,669,21.370651320952135,0.12239902080783352,99.87760097919217,17.99265605875153,81.88494492044065
11604,11,604,3526,501,1,500,112,388,14.208735110606922,0.19960079840319359,99.8003992015968,22.355289421157686,77.44510978043913
11605,11,605,3342,702,0,702,106,596,21.005385996409338,0.0,100.0,15.0997150997151,84.9002849002849
11608,11,608,2055,390,2,388,58,330,18.97810218978102,0.5128205128205128,99.48717948717949,14.871794871794872,84.61538461538461
11610,11,610,2604,429,0,429,70,359,16.474654377880185,0.0,100.0,16.317016317016318,83.68298368298368
11614,11,614,3019,578,1,577,134,443,19.145412388208015,0.17301038062283738,99.82698961937716,23.18339100346021,76.64359861591696
11617,11,617,2907,836,0,836,218,618,28.75816993464052,0.0,100.0,26.076555023923444,73.92344497607655
11620,11,620,2350,670,1,669,160,509,28.510638297872344,0.1492537313432836,99.85074626865672,23.88059701492537,75.97014925373135
11622,11,622,1887,533,0,533,141,392,28.245892951775303,0.0,100.0,26.454033771106943,73.54596622889305
11624,11,624,2933,919,0,919,224,695,31.33310603477668,0.0,100.0,24.37431991294886,75.62568008705114
11627,11,627,1522,455,0,455,136,319,29.894875164257556,0.0,100.0,29.89010989010989,70.1098901098901
11628,11,628,2412,716,1,715,190,525,29.684908789386398,0.13966480446927373,99.86033519553072,26.536312849162012,73.32402234636871
11630,11,630,2070,673,0,673,199,474,32.512077294685994,0.0,100.0,29.569093610698367,70.43090638930164
121A,12,1A,0,540,0,540,389,151,inf,0.0,100.0,72.03703703703704,27.962962962962962
121B,12,1B,0,544,1,543,389,154,inf,0.1838235294117647,99.81617647058823,71.50735294117648,28.308823529411764
121C,12,1C,0,546,0,546,393,153,inf,0.0,100.0,71.97802197802197,28.021978021978022
121D,12,1D,0,538,2,536,398,138,inf,0.37174721189591076,99.62825278810409,73.97769516728626,25.650557620817843
122A,12,2A,0,529,0,529,366,163,inf,0.0,100.0,69.18714555765595,30.812854442344044
122B,12,2B,0,572,0,572,408,164,inf,0.0,100.0,71.32867132867133,28.671328671328673
122C,12,2C,0,534,2,532,380,152,inf,0.37453183520599254,99.625468164794,71.16104868913857,28.46441947565543
122D,12,2D,0,535,2,533,407,126,inf,0.3738317757009346,99.62616822429906,76.07476635514018,23.551401869158877
123A,12,3A,0,534,2,532,387,145,inf,0.37453183520599254,99.625468164794,72.47191011235955,27.153558052434455
123B,12,3B,0,545,0,545,383,162,inf,0.0,100.0,70.27522935779817,29.724770642201836
123C,12,3C,0,538,3,535,383,152,inf,0.5576208178438662,99.44237918215613,71.18959107806691,28.25278810408922
123D,12,3D,0,533,0,533,406,127,inf,0.0,100.0,76.17260787992495,23.827392120075046
124A,12,4A,0,557,0,557,384,173,inf,0.0,100.0,68.9407540394973,31.05924596050269
124B,12,4B,0,526,0,526,382,144,inf,0.0,100.0,72.6235741444867,27.376425855513308
124C,12,4C,0,529,0,529,385,144,inf,0.0,100.0,72.77882797731569,27.22117202268431
124D,12,4D,0,523,1,522,380,142,inf,0.19120458891013384,99.80879541108987,72.65774378585085,27.151051625239003
125A,12,5A,0,592,0,592,408,184,inf,0.0,100.0,68.91891891891892,31.08108108108108
125B,12,5B,0,572,1,571,419,152,inf,0.17482517482517482,99.82517482517483,73.25174825174825,26.573426573426573
125C,12,5C,0,606,0,606,430,176,inf,0.0,100.0,70.95709570957096,29.042904290429046
125D,12,5D,0,531,0,531,392,139,inf,0.0,100.0,73.82297551789078,26.17702448210923
126A,12,6A,0,534,1,533,365,168,inf,0.18726591760299627,99.812734082397,68.35205992509363,31.46067415730337
126B,12,6B,0,530,1,529,375,154,inf,0.18867924528301888,99.81132075471699,70.75471698113208,29.056603773584904
126C,12,6C,0,530,3,527,359,168,inf,0.5660377358490566,99.43396226415095,67.73584905660377,31.69811320754717
126D,12,6D,0,529,5,524,363,161,inf,0.945179584120983,99.05482041587902,68.62003780718337,30.434782608695656
12101,12,101,1169,286,0,286,199,87,24.46535500427716,0.0,100.0,69.58041958041959,30.419580419580424
12102,12,102,937,194,0,194,136,58,20.70437566702241,0.0,100.0,70.10309278350515,29.896907216494846
12103,12,103,835,169,0,169,122,47,20.23952095808383,0.0,100.0,72.18934911242604,27.810650887573964
12104,12,104,964,174,1,173,112,61,18.04979253112033,0.5747126436781609,99.42528735632183,64.36781609195403,35.05747126436782
12105,12,105,839,102,0,102,66,36,12.157330154946365,0.0,100.0,64.70588235294117,35.294117647058826
12106,12,106,1156,169,0,169,101,68,14.619377162629757,0.0,100.0,59.76331360946746,40.23668639053255
12107,12,107,1283,285,1,284,207,77,22.213561964146532,0.3508771929824561,99.64912280701755,72.63157894736842,27.017543859649123
12108,12,108,860,149,1,148,94,54,17.325581395348838,0.6711409395973155,99.32885906040269,63.08724832214765,36.241610738255034
12109,12,109,956,145,0,145,93,52,15.167364016736402,0.0,100.0,64.13793103448275,35.86206896551724
12110,12,110,927,198,0,198,131,67,21.35922330097087,0.0,100.0,66.16161616161617,33.83838383838384
12111,12,111,967,173,0,173,119,54,17.890382626680452,0.0,100.0,68.78612716763006,31.213872832369944
12112,12,112,1232,334,1,333,219,114,27.110389610389614,0.29940119760479045,99.7005988023952,65.5688622754491,34.13173652694611
12113,12,113,656,145,0,145,112,33,22.103658536585368,0.0,100.0,77.24137931034483,22.758620689655174
12114,12,114,1862,271,1,270,185,85,14.554242749731472,0.36900369003690037,99.63099630996311,68.26568265682657,31.365313653136536
12115,12,115,680,178,20,158,110,48,26.176470588235297,11.235955056179774,88.76404494382022,61.79775280898876,26.96629213483146
12116,12,116,1065,182,1,181,117,64,17.089201877934272,0.5494505494505495,99.45054945054946,64.28571428571429,35.16483516483517
12117,12,117,2035,356,0,356,251,105,17.493857493857494,0.0,100.0,70.50561797752809,29.49438202247191
12118,12,118,1799,298,0,298,199,99,16.564758198999442,0.0,100.0,66.77852348993288,33.22147651006711
12119,12,119,1290,229,3,226,137,89,17.751937984496124,1.3100436681222707,98.68995633187772,59.82532751091703,38.864628820960704
12120,12,120,1544,285,2,283,203,80,18.458549222797927,0.7017543859649122,99.29824561403508,71.2280701754386,28.07017543859649
12121,12,121,1058,183,0,183,115,68,17.296786389413988,0.0,100.0,62.841530054644814,37.15846994535519
12122,12,122,810,141,0,141,80,61,17.40740740740741,0.0,100.0,56.73758865248227,43.262411347517734
12123,12,123,1623,254,0,254,173,81,15.650030807147258,0.0,100.0,68.11023622047244,31.88976377952756
12124,12,124,1044,165,0,165,118,47,15.804597701149426,0.0,100.0,71.51515151515152,28.484848484848484
12125,12,125,814,117,0,117,77,40,14.373464373464373,0.0,100.0,65.8119658119658,34.18803418803419
12126,12,126,1585,236,1,235,150,85,14.889589905362776,0.423728813559322,99.57627118644068,63.559322033898304,36.016949152542374
12201,12,201,1704,424,2,422,298,124,24.88262910798122,0.4716981132075472,99.52830188679245,70.28301886792453,29.245283018867923
12202,12,202,1947,430,1,429,277,152,22.085259373394965,0.23255813953488372,99.76744186046511,64.4186046511628,35.348837209302324
12203,12,203,1396,411,0,411,279,132,29.441260744985676,0.0,100.0,67.88321167883211,32.11678832116788
12204,12,204,807,259,1,258,177,81,32.094175960346966,0.3861003861003861,99.61389961389962,68.33976833976834,31.27413127413127
12205,12,205,785,231,1,230,168,62,29.426751592356688,0.4329004329004329,99.56709956709958,72.72727272727273,26.83982683982684
12206,12,206,771,175,0,175,123,52,22.69779507133593,0.0,100.0,70.28571428571428,29.714285714285715
12207,12,207,1697,331,4,327,251,76,19.50500883912787,1.2084592145015105,98.79154078549848,75.83081570996978,22.9607250755287
12208,12,208,1112,150,0,150,111,39,13.489208633093524,0.0,100.0,74.0,26.0
12209,12,209,756,122,2,120,84,36,16.137566137566136,1.639344262295082,98.36065573770492,68.85245901639344,29.508196721311474
12210,12,210,1991,395,0,395,261,134,19.83927674535409,0.0,100.0,66.07594936708861,33.92405063291139
12211,12,211,1607,364,0,364,251,113,22.650902302426882,0.0,100.0,68.95604395604396,31.043956043956044
12212,12,212,1557,341,1,340,252,88,21.901091843288377,0.2932551319648094,99.70674486803519,73.90029325513197,25.806451612903224
12213,12,213,1652,299,0,299,220,79,18.099273607748184,0.0,100.0,73.57859531772574,26.421404682274247
12214,12,214,733,185,0,185,130,55,25.2387448840382,0.0,100.0,70.27027027027027,29.72972972972973
12215,12,215,1769,372,1,371,268,103,21.028829847371398,0.2688172043010753,99.73118279569893,72.04301075268818,27.688172043010752
12216,12,216,1616,318,3,315,218,97,19.67821782178218,0.9433962264150944,99.05660377358491,68.55345911949685,30.50314465408805
12217,12,217,1422,247,1,246,180,66,17.369901547116736,0.4048582995951417,99.59514170040485,72.8744939271255,26.720647773279353
12218,12,218,938,125,0,125,88,37,13.326226012793176,0.0,100.0,70.39999999999999,29.599999999999998
12219,12,219,1223,238,1,237,178,59,19.460343417825023,0.42016806722689076,99.57983193277312,74.78991596638656,24.789915966386555
12220,12,220,1274,158,0,158,99,59,12.401883830455258,0.0,100.0,62.65822784810127,37.34177215189873
12221,12,221,1524,260,1,259,197,62,17.060367454068242,0.38461538461538464,99.61538461538461,75.76923076923077,23.846153846153847
12222,12,222,1041,115,2,113,76,37,11.047070124879923,1.7391304347826086,98.26086956521739,66.08695652173913,32.17391304347826
12223,12,223,586,183,0,183,136,47,31.22866894197952,0.0,100.0,74.31693989071039,25.683060109289617
12224,12,224,359,57,0,57,37,20,15.87743732590529,0.0,100.0,64.91228070175438,35.08771929824561
12301,12,301,1458,560,1,559,355,204,38.40877914951989,0.17857142857142858,99.82142857142857,63.39285714285714,36.42857142857142
12302,12,302,993,332,0,332,220,112,33.434038267875124,0.0,100.0,66.26506024096386,33.734939759036145
12303,12,303,1085,330,1,329,219,110,30.414746543778804,0.30303030303030304,99.69696969696969,66.36363636363637,33.33333333333333
12304,12,304,685,234,0,234,169,65,34.160583941605836,0.0,100.0,72.22222222222221,27.77777777777778
12305,12,305,989,352,1,351,233,118,35.591506572295245,0.2840909090909091,99.7159090909091,66.19318181818183,33.52272727272727
12306,12,306,1628,562,1,561,383,178,34.52088452088452,0.1779359430604982,99.8220640569395,68.14946619217082,31.672597864768683
12307,12,307,1803,689,3,686,450,236,38.2140876317249,0.43541364296081275,99.56458635703919,65.31204644412192,34.25253991291727
12308,12,308,1314,461,1,460,320,140,35.08371385083714,0.21691973969631237,99.78308026030369,69.41431670281996,30.36876355748373
12309,12,309,1078,362,1,361,261,100,33.58070500927644,0.2762430939226519,99.72375690607734,72.09944751381215,27.624309392265197
12310,12,310,1058,338,2,336,234,102,31.947069943289225,0.591715976331361,99.40828402366864,69.23076923076923,30.17751479289941
12311,12,311,1130,398,0,398,275,123,35.2212389380531,0.0,100.0,69.09547738693468,30.90452261306533
12312,12,312,1642,616,1,615,402,213,37.51522533495737,0.16233766233766234,99.83766233766234,65.25974025974025,34.57792207792208
12313,12,313,1452,455,0,455,292,163,31.33608815426997,0.0,100.0,64.17582417582418,35.824175824175825
12314,12,314,1874,628,1,627,391,236,33.51120597652081,0.15923566878980894,99.84076433121018,62.261146496815286,37.57961783439491
12315,12,315,1508,561,1,560,410,150,37.201591511936336,0.17825311942959002,99.8217468805704,73.0837789661319,26.737967914438503
12316,12,316,1337,396,2,394,245,149,29.61854899027674,0.5050505050505051,99.4949494949495,61.86868686868687,37.62626262626262
12317,12,317,1945,502,1,501,340,161,25.809768637532134,0.199203187250996,99.800796812749,67.72908366533864,32.07171314741036
12318,12,318,709,281,0,281,168,113,39.63328631875881,0.0,100.0,59.7864768683274,40.213523131672595
12319,12,319,1673,422,1,421,311,110,25.22414823670054,0.23696682464454977,99.76303317535546,73.69668246445498,26.066350710900476
12320,12,320,1007,192,1,191,152,39,19.06653426017875,0.5208333333333333,99.47916666666666,79.16666666666666,20.3125
12321,12,321,1315,248,1,247,161,86,18.859315589353614,0.4032258064516129,99.59677419354838,64.91935483870968,34.67741935483871
12322,12,322,1581,375,1,374,275,99,23.719165085388994,0.26666666666666666,99.73333333333333,73.33333333333333,26.400000000000002
12323,12,323,1125,388,0,388,270,118,34.488888888888894,0.0,100.0,69.58762886597938,30.412371134020617
12324,12,324,247,89,0,89,50,39,36.032388663967616,0.0,100.0,56.17977528089888,43.82022471910113
12401,12,401,1960,678,2,676,422,254,34.59183673469388,0.2949852507374631,99.70501474926253,62.24188790560472,37.46312684365782
12402,12,402,1218,305,0,305,201,104,25.04105090311987,0.0,100.0,65.90163934426229,34.0983606557377
12403,12,403,794,264,0,264,178,86,33.249370277078086,0.0,100.0,67.42424242424242,32.57575757575758
12404,12,404,1679,314,2,312,216,96,18.70160810005956,0.6369426751592357,99.36305732484077,68.78980891719745,30.573248407643312
12405,12,405,1795,393,0,393,291,102,21.894150417827298,0.0,100.0,74.04580152671755,25.954198473282442
12406,12,406,1934,455,0,455,266,189,23.526370217166495,0.0,100.0,58.46153846153847,41.53846153846154
12407,12,407,1205,481,2,479,306,173,39.91701244813278,0.4158004158004158,99.58419958419958,63.61746361746362,35.96673596673597
12408,12,408,1054,373,0,373,247,126,35.38899430740038,0.0,100.0,66.21983914209115,33.78016085790885
12409,12,409,684,165,0,165,129,36,24.12280701754386,0.0,100.0,78.18181818181819,21.818181818181817
12410,12,410,1154,301,1,300,222,78,26.083188908145583,0.33222591362126247,99.66777408637874,73.75415282392026,25.91362126245847
12411,12,411,808,234,0,234,175,59,28.960396039603957,0.0,100.0,74.78632478632478,25.213675213675213
12412,12,412,1968,580,0,580,423,157,29.471544715447155,0.0,100.0,72.93103448275862,27.068965517241377
12413,12,413,1754,611,1,610,412,198,34.83466362599772,0.16366612111292964,99.83633387888707,67.43044189852701,32.40589198036006
12414,12,414,891,251,0,251,171,80,28.170594837261504,0.0,100.0,68.12749003984064,31.872509960159363
12415,12,415,1361,262,1,261,156,105,19.250551065393093,0.38167938931297707,99.61832061068702,59.541984732824424,40.0763358778626
12416,12,416,1528,319,2,317,224,93,20.876963350785342,0.6269592476489028,99.37304075235109,70.21943573667711,29.153605015673982
12417,12,417,1676,537,5,532,373,159,32.040572792362774,0.931098696461825,99.06890130353817,69.45996275605214,29.608938547486037
12418,12,418,1180,221,0,221,156,65,18.728813559322035,0.0,100.0,70.58823529411765,29.411764705882355
12419,12,419,1364,355,1,354,247,107,26.02639296187683,0.28169014084507044,99.71830985915493,69.57746478873239,30.140845070422532
12420,12,420,808,201,0,201,131,70,24.876237623762375,0.0,100.0,65.17412935323384,34.82587064676617
12421,12,421,1248,358,0,358,218,140,28.685897435897434,0.0,100.0,60.893854748603346,39.10614525139665
12422,12,422,1658,362,0,362,245,117,21.8335343787696,0.0,100.0,67.67955801104972,32.32044198895028
12423,12,423,1404,347,0,347,215,132,24.715099715099715,0.0,100.0,61.95965417867435,38.04034582132565
12424,12,424,773,206,1,205,125,80,26.64941785252264,0.48543689320388345,99.51456310679612,60.679611650485434,38.83495145631068
12425,12,425,1815,532,1,531,386,145,29.311294765840216,0.18796992481203006,99.81203007518798,72.55639097744361,27.25563909774436
12426,12,426,723,204,0,204,117,87,28.21576763485477,0.0,100.0,57.35294117647059,42.64705882352941
12501,12,501,896,368,0,368,237,131,41.07142857142857,0.0,100.0,64.40217391304348,35.59782608695652
12502,12,502,1263,392,0,392,276,116,31.037212984956454,0.0,100.0,70.40816326530613,29.591836734693878
12503,12,503,1826,664,1,663,449,214,36.36363636363637,0.15060240963855423,99.84939759036145,67.62048192771084,32.22891566265061
12504,12,504,1444,249,0,249,177,72,17.24376731301939,0.0,100.0,71.08433734939759,28.915662650602407
12505,12,505,835,207,1,206,144,62,24.790419161676645,0.4830917874396135,99.51690821256038,69.56521739130434,29.951690821256037
12506,12,506,711,174,2,172,127,45,24.47257383966245,1.1494252873563218,98.85057471264368,72.98850574712644,25.862068965517242
12507,12,507,908,179,0,179,129,50,19.7136563876652,0.0,100.0,72.06703910614524,27.932960893854748
12508,12,508,520,77,1,76,53,23,14.807692307692308,1.2987012987012987,98.7012987012987,68.83116883116884,29.87012987012987
12509,12,509,1071,193,1,192,135,57,18.020541549953315,0.5181347150259068,99.48186528497409,69.94818652849742,29.533678756476682
12510,12,510,834,138,0,138,100,38,16.546762589928058,0.0,100.0,72.46376811594203,27.536231884057973
12511,12,511,981,170,0,170,133,37,17.32925586136595,0.0,100.0,78.23529411764706,21.764705882352942
12512,12,512,1017,221,1,220,144,76,21.730580137659782,0.4524886877828055,99.5475113122172,65.15837104072398,34.38914027149321
12513,12,513,1441,167,0,167,118,49,11.589174184594032,0.0,100.0,70.65868263473054,29.34131736526946
12514,12,514,431,77,0,77,53,24,17.865429234338748,0.0,100.0,68.83116883116884,31.16883116883117
12515,12,515,688,99,0,99,79,20,14.38953488372093,0.0,100.0,79.7979797979798,20.2020202020202
12516,12,516,1394,209,1,208,161,47,14.992826398852225,0.4784688995215311,99.52153110047847,77.03349282296651,22.48803827751196
12517,12,517,704,98,0,98,90,8,13.920454545454545,0.0,100.0,91.83673469387756,8.16326530612245
12518,12,518,970,256,0,256,168,88,26.39175257731959,0.0,100.0,65.625,34.375
12519,12,519,858,115,0,115,82,33,13.403263403263404,0.0,100.0,71.30434782608695,28.695652173913043
12520,12,520,874,115,3,112,80,32,13.157894736842104,2.608695652173913,97.3913043478261,69.56521739130434,27.82608695652174
12521,12,521,1117,308,0,308,219,89,27.57385854968666,0.0,100.0,71.1038961038961,28.8961038961039
12522,12,522,776,136,0,136,98,38,17.525773195876287,0.0,100.0,72.05882352941177,27.941176470588236
12523,12,523,1035,143,0,143,107,36,13.816425120772946,0.0,100.0,74.82517482517483,25.174825174825177
12524,12,524,1418,243,0,243,160,83,17.136812411847675,0.0,100.0,65.84362139917695,34.15637860082305
12525,12,525,955,322,0,322,237,85,33.717277486910994,0.0,100.0,73.6024844720497,26.39751552795031
12526,12,526,1584,347,0,347,259,88,21.906565656565657,0.0,100.0,74.63976945244957,25.360230547550433
12527,12,527,1127,249,1,248,182,66,22.09405501330967,0.4016064257028112,99.59839357429718,73.09236947791165,26.506024096385545
12601,12,601,281,79,0,79,47,32,28.11387900355872,0.0,100.0,59.49367088607595,40.50632911392405
12602,12,602,1227,550,0,550,384,166,44.82477587612062,0.0,100.0,69.81818181818183,30.181818181818183
12603,12,603,1096,377,1,376,257,119,34.3978102189781,0.2652519893899204,99.73474801061008,68.16976127320955,31.56498673740053
12604,12,604,1081,481,0,481,343,138,44.495837187789085,0.0,100.0,71.3097713097713,28.690228690228693
12605,12,605,973,388,0,388,278,110,39.87667009249743,0.0,100.0,71.64948453608247,28.350515463917525
12606,12,606,1465,604,0,604,415,189,41.22866894197952,0.0,100.0,68.70860927152319,31.29139072847682
12607,12,607,1041,339,0,339,228,111,32.564841498559076,0.0,100.0,67.2566371681416,32.743362831858406
12608,12,608,835,305,0,305,224,81,36.52694610778443,0.0,100.0,73.44262295081967,26.557377049180324
12609,12,609,1474,583,1,582,406,176,39.55223880597015,0.17152658662092624,99.82847341337907,69.63979416809606,30.18867924528302
12610,12,610,1085,414,0,414,290,124,38.156682027649765,0.0,100.0,70.04830917874396,29.951690821256037
12611,12,611,852,313,0,313,215,98,36.73708920187793,0.0,100.0,68.69009584664538,31.309904153354633
12612,12,612,813,258,0,258,202,56,31.73431734317343,0.0,100.0,78.29457364341084,21.705426356589147
12613,12,613,1114,423,1,422,299,123,37.97127468581687,0.2364066193853428,99.76359338061465,70.6855791962175,29.078014184397162
12614,12,614,1681,493,1,492,314,178,29.327781082688876,0.2028397565922921,99.79716024340772,63.691683569979716,36.105476673427994
12615,12,615,1794,650,0,650,459,191,36.231884057971016,0.0,100.0,70.61538461538461,29.384615384615387
12616,12,616,1447,522,1,521,384,137,36.07463718037319,0.19157088122605362,99.80842911877394,73.5632183908046,26.245210727969347
12617,12,617,1160,395,1,394,250,144,34.05172413793103,0.25316455696202533,99.74683544303798,63.29113924050633,36.45569620253165
12618,12,618,1649,542,1,541,340,201,32.86840509399636,0.18450184501845018,99.81549815498155,62.73062730627307,37.08487084870848
12619,12,619,1438,546,0,546,357,189,37.96940194714882,0.0,100.0,65.38461538461539,34.61538461538461
12620,12,620,1059,364,1,363,237,126,34.372049102927285,0.27472527472527475,99.72527472527473,65.10989010989012,34.61538461538461
12621,12,621,947,379,1,378,261,117,40.021119324181626,0.2638522427440633,99.73614775725594,68.86543535620054,30.87071240105541
12622,12,622,1104,427,1,426,282,144,38.677536231884055,0.234192037470726,99.76580796252928,66.04215456674473,33.723653395784545
12623,12,623,939,347,0,347,232,115,36.9542066027689,0.0,100.0,66.85878962536023,33.14121037463977
12624,12,624,1408,585,0,585,419,166,41.54829545454545,0.0,100.0,71.62393162393163,28.376068376068375
12625,12,625,969,363,0,363,234,129,37.461300309597526,0.0,100.0,64.46280991735537,35.53719008264463
