id,district_id,electoral_district_id,eligible_voters,voters,invalid_votes,valid_votes,vote_yes,vote_no,voter_turnout,invalid_votes_percentage,valid_votes_percentage,vote_yes_percentage,vote_no_percentage
011A,01,1A,0,528,2,526,257,269,inf,0.003787878787878788,0.9962121212121212,0.48674242424242425,0.509469696969697
011B,01,1B,0,500,0,500,200,300,inf,0.0,1.0,0.4,0.6
011C,01,1C,0,500,1,499,200,299,inf,0.002,0.998,0.4,0.598
011D,01,1D,0,514,1,513,260,253,inf,0.0019455252918287938,0.9980544747081712,0.5058365758754864,0.49221789883268485
011E,01,1E,0,500,1,499,200,299,inf,0.002,0.998,0.4,0.598
011F,01,1F,0,500,1,499,200,299,inf,0.002,0.998,0.4,0.598
011G,01,1G,0,1032,0,1032,438,594,inf,0.0,1.0,0.42441860465116277,0.5755813953488372
011H,01,1H,0,1038,1,1037,438,599,inf,0.0009633911368015414,0.9990366088631984,0.42196531791907516,0.5770712909441233
011I,01,1I,0,529,2,527,257,270,inf,0.003780718336483932,0.996219281663516,0.48582230623818523,0.5103969754253308
011K,01,1K,0,546,0,546,292,254,inf,0.0,1.0,0.5347985347985348,0.4652014652014652
011L,01,1L,0,517,0,517,235,282,inf,0.0,1.0,0.45454545454545453,0.5454545454545454
011M,01,1M,0,1040,0,1040,399,641,inf,0.0,1.0,0.3836538461538462,0.6163461538461539
011N,01,1N,0,1050,37,1013,498,515,inf,0.035238095238095235,0.9647619047619047,0.4742857142857143,0.49047619047619045
011O,01,1O,0,513,0,513,260,253,inf,0.0,1.0,0.50682261208577,0.49317738791423
011P,01,1P,0,1047,2,1045,507,538,inf,0.0019102196752626551,0.9980897803247374,0.48424068767908307,0.5138490926456543
011Q,01,1Q,0,537,1,536,289,247,inf,0.00186219739292365,0.9981378026070763,0.5381750465549349,0.45996275605214154
011R,01,1R,0,528,0,528,339,189,inf,0.0,1.0,0.6420454545454546,0.35795454545454547
01100,01,100,3095,588,0,588,205,383,0.189983844911147,0.0,1.0,0.3486394557823129,0.6513605442176871
01101,01,101,2479,484,0,484,211,273,0.1952400161355385,0.0,1.0,0.4359504132231405,0.5640495867768595
01105,01,105,3973,891,1,890,352,538,0.22426378051849988,0.001122334455667789,0.9988776655443322,0.3950617283950617,0.6038159371492705
01107,01,107,3587,804,1,803,267,536,0.2241427376637859,0.0012437810945273632,0.9987562189054726,0.332089552238806,0.6666666666666666
01111,01,111,2281,534,0,534,202,332,0.2341078474353354,0.0,1.0,0.3782771535580524,0.6217228464419475
01112,01,112,2396,559,0,559,162,397,0.23330550918196996,0.0,1.0,0.2898032200357782,0.7101967799642218
01115,01,115,3096,640,1,639,225,414,0.20671834625322996,0.0015625,0.9984375,0.3515625,0.646875
01118,01,118,2509,546,2,544,195,349,0.21761658031088082,0.003663003663003663,0.9963369963369964,0.35714285714285715,0.6391941391941391
01120,01,120,3454,560,1,559,361,198,0.16213086276780544,0.0017857142857142857,0.9982142857142857,0.6446428571428572,0.3535714285714286
01121,01,121,2912,540,2,538,186,352,0.18543956043956045,0.003703703703703704,0.9962962962962963,0.34444444444444444,0.6518518518518519
01129,01,129,3059,460,0,460,250,210,0.15037593984962405,0.0,1.0,0.5434782608695652,0.45652173913043476
01200,01,200,2101,460,0,460,149,311,0.21894336030461684,0.0,1.0,0.3239130434782609,0.6760869565217391
01202,01,202,3399,645,2,643,165,478,0.18976169461606354,0.0031007751937984496,0.9968992248062015,0.2558139534883721,0.7410852713178294
01205,01,205,2931,586,1,585,130,455,0.19993176390310474,0.0017064846416382253,0.9982935153583617,0.22184300341296928,0.7764505119453925
01207,01,207,3168,602,0,602,230,372,0.1900252525252525,0.0,1.0,0.38205980066445183,0.6179401993355482
01209,01,209,3914,779,3,776,228,548,0.19902912621359223,0.0038510911424903724,0.9961489088575096,0.2926829268292683,0.7034659820282413
01212,01,212,3479,639,1,638,112,526,0.1836734693877551,0.001564945226917058,0.9984350547730829,0.1752738654147105,0.8231611893583725
01214,01,214,3074,547,4,543,106,437,0.17794404684450227,0.007312614259597806,0.9926873857404022,0.19378427787934185,0.7989031078610603
01217,01,217,2197,423,0,423,113,310,0.19253527537551207,0.0,1.0,0.26713947990543735,0.7328605200945626
01219,01,219,3308,760,1,759,154,605,0.22974607013301088,0.0013157894736842105,0.9986842105263158,0.2026315789473684,0.7960526315789473
01221,01,221,3903,751,1,750,133,617,0.19241609018703562,0.0013315579227696406,0.9986684420772304,0.17709720372836218,0.8215712383488681
01300,01,300,3180,687,1,686,392,294,0.2160377358490566,0.001455604075691412,0.9985443959243085,0.5705967976710334,0.4279475982532751
01302,01,302,2839,577,1,576,285,291,0.20324057766819303,0.0017331022530329288,0.9982668977469671,0.49393414211438474,0.5043327556325823
01305,01,305,3162,834,0,834,415,419,0.2637571157495256,0.0,1.0,0.49760191846522783,0.5023980815347722
01307,01,307,2626,536,1,535,270,265,0.2041127189642041,0.0018656716417910447,0.9981343283582089,0.503731343283582,0.4944029850746269
01308,01,308,1993,298,2,296,137,159,0.14952333166081286,0.006711409395973154,0.9932885906040269,0.4597315436241611,0.5335570469798657
01312,01,312,2368,673,2,671,318,353,0.2842060810810811,0.0029717682020802376,0.9970282317979198,0.4725111441307578,0.524517087667162
01315,01,315,2273,615,1,614,328,286,0.27056753189617244,0.0016260162601626016,0.9983739837398374,0.5333333333333333,0.46504065040650405
01317,01,317,3682,1051,2,1049,545,504,0.2854426941879413,0.0019029495718363464,0.9980970504281637,0.5185537583254044,0.47954329210275926
01321,01,321,2366,438,0,438,243,195,0.18512256973795435,0.0,1.0,0.5547945205479452,0.4452054794520548
01323,01,323,2195,423,1,422,199,223,0.1927107061503417,0.002364066193853428,0.9976359338061466,0.47044917257683216,0.5271867612293144
01325,01,325,2596,405,2,403,198,205,0.15600924499229585,0.0049382716049382715,0.9950617283950617,0.4888888888888889,0.5061728395061729
01327,01,327,2882,453,3,450,238,212,0.1571825121443442,0.006622516556291391,0.9933774834437086,0.5253863134657837,0.46799116997792495
01400,01,400,3144,377,1,376,173,203,0.11991094147582697,0.002652519893899204,0.9973474801061007,0.4588859416445623,0.5384615384615384
01403,01,403,2570,531,1,530,242,288,0.2066147859922179,0.0018832391713747645,0.9981167608286252,0.455743879472693,0.5423728813559322
01404,01,404,2491,460,0,460,229,231,0.1846647932557206,0.0,1.0,0.49782608695652175,0.5021739130434782
01405,01,405,1873,336,0,336,174,162,0.1793913507741591,0.0,1.0,0.5178571428571429,0.48214285714285715
01409,01,409,3046,665,0,665,299,366,0.21831910702560736,0.0,1.0,0.4496240601503759,0.5503759398496241
01414,01,414,1963,363,0,363,162,201,0.184921039225675,0.0,1.0,0.4462809917355372,0.5537190082644629
01415,01,415,2819,463,2,461,243,218,0.16424263923377083,0.004319654427645789,0.9956803455723542,0.5248380129589633,0.4708423326133909
01416,01,416,3412,607,1,606,248,358,0.17790152403282533,0.0016474464579901153,0.9983525535420099,0.4085667215815486,0.5897858319604613
01421,01,421,2708,526,3,523,226,297,0.19423929098966028,0.005703422053231939,0.9942965779467681,0.4296577946768061,0.564638783269962
01425,01,425,2610,464,0,464,220,244,0.17777777777777778,0.0,1.0,0.47413793103448276,0.5258620689655172
01427,01,427,2744,498,0,498,166,332,0.1814868804664723,0.0,1.0,0.3333333333333333,0.6666666666666666
01431,01,431,2956,438,1,437,191,246,0.14817320703653586,0.00228310502283105,0.997716894977169,0.4360730593607306,0.5616438356164384
01500,01,500,3182,514,1,513,351,162,0.16153362664990573,0.0019455252918287938,0.9980544747081712,0.6828793774319066,0.3151750972762646
01504,01,504,3008,441,2,439,224,215,0.1466090425531915,0.0045351473922902496,0.9954648526077098,0.5079365079365079,0.4875283446712018
01505,01,505,2696,661,2,659,466,193,0.2451780415430267,0.0030257186081694403,0.9969742813918305,0.7049924357034796,0.291981845688351
01508,01,508,2286,418,0,418,282,136,0.18285214348206474,0.0,1.0,0.6746411483253588,0.3253588516746411
01510,01,510,2206,337,0,337,247,90,0.1527651858567543,0.0,1.0,0.7329376854599406,0.26706231454005935
01512,01,512,2119,380,2,378,195,183,0.1793298725814063,0.005263157894736842,0.9947368421052631,0.5131578947368421,0.48157894736842105
01513,01,513,2513,329,2,327,180,147,0.1309192200557103,0.0060790273556231,0.993920972644377,0.547112462006079,0.44680851063829785
01516,01,516,3003,510,2,508,273,235,0.16983016983016982,0.00392156862745098,0.996078431372549,0.5352941176470588,0.46078431372549017
01519,01,519,2389,520,0,520,317,203,0.2176642946839682,0.0,1.0,0.6096153846153847,0.3903846153846154
01522,01,522,2366,330,1,329,233,96,0.13947590870667795,0.0030303030303030303,0.996969696969697,0.706060606060606,0.2909090909090909
01524,01,524,1980,295,0,295,114,181,0.14898989898989898,0.0,1.0,0.3864406779661017,0.6135593220338983
01528,01,528,3006,556,2,554,251,303,0.18496340652029275,0.0035971223021582736,0.9964028776978417,0.45143884892086333,0.5449640287769785
01600,01,600,2101,309,1,308,173,135,0.14707282246549264,0.003236245954692557,0.9967637540453075,0.5598705501618123,0.4368932038834951
01601,01,601,2849,324,0,324,154,170,0.11372411372411373,0.0,1.0,0.47530864197530864,0.5246913580246914
01602,01,602,1914,390,0,390,196,194,0.20376175548589343,0.0,1.0,0.5025641025641026,0.49743589743589745
01603,01,603,2708,329,0,329,188,141,0.12149187592319055,0.0,1.0,0.5714285714285714,0.42857142857142855
01605,01,605,2758,379,0,379,154,225,0.13741841914430747,0.0,1.0,0.40633245382585753,0.5936675461741425
01612,01,612,2030,272,0,272,119,153,0.13399014778325122,0.0,1.0,0.4375,0.5625
01613,01,613,3042,442,2,440,216,224,0.1452991452991453,0.004524886877828055,0.995475113122172,0.48868778280542985,0.5067873303167421
01617,01,617,2153,269,0,269,123,146,0.12494194147700882,0.0,1.0,0.45724907063197023,0.5427509293680297
01620,01,620,1902,226,1,225,126,99,0.11882229232386961,0.004424778761061947,0.995575221238938,0.5575221238938053,0.43805309734513276
01623,01,623,2838,420,0,420,207,213,0.14799154334038056,0.0,1.0,0.4928571428571429,0.5071428571428571
01624,01,624,2158,337,0,337,181,156,0.1561631139944393,0.0,1.0,0.5370919881305638,0.4629080118694362
01627,01,627,2679,369,1,368,200,168,0.13773796192609183,0.0027100271002710027,0.997289972899729,0.5420054200542005,0.45528455284552843
01632,01,632,2289,378,2,376,198,178,0.1651376146788991,0.005291005291005291,0.9947089947089947,0.5238095238095238,0.4708994708994709
01634,01,634,2541,372,1,371,145,226,0.14639905548996457,0.002688172043010753,0.9973118279569892,0.3897849462365591,0.6075268817204301
021A,02,1A,0,770,1,769,248,521,inf,0.0012987012987012987,0.9987012987012988,0.3220779220779221,0.6766233766233766
021B,02,1B,0,648,0,648,210,438,inf,0.0,1.0,0.32407407407407407,0.6759259259259259
021C,02,1C,0,768,0,768,213,555,inf,0.0,1.0,0.27734375,0.72265625
021D,02,1D,0,794,1,793,223,570,inf,0.0012594458438287153,0.9987405541561712,0.28085642317380355,0.7178841309823678
021E,02,1E,0,772,1,771,248,523,inf,0.0012953367875647669,0.9987046632124352,0.32124352331606215,0.677461139896373
021F,02,1F,0,770,1,769,227,542,inf,0.0012987012987012987,0.9987012987012988,0.2948051948051948,0.7038961038961039
021G,02,1G,0,765,0,765,237,528,inf,0.0,1.0,0.30980392156862746,0.6901960784313725
021H,02,1H,0,776,3,773,209,564,inf,0.003865979381443299,0.9961340206185567,0.2693298969072165,0.7268041237113402
021J,02,1J,0,823,3,820,231,589,inf,0.0036452004860267314,0.9963547995139733,0.28068043742405835,0.715674362089915
021K,02,1K,0,1234,1,1233,330,903,inf,0.0008103727714748784,0.9991896272285251,0.26742301458670986,0.7317666126418152
02101,02,101,1905,275,0,275,131,144,0.14435695538057744,0.0,1.0,0.4763636363636364,0.5236363636363637
02102,02,102,1001,158,1,157,95,62,0.15784215784215785,0.006329113924050633,0.9936708860759493,0.6012658227848101,0.3924050632911392
02103,02,103,734,114,0,114,48,66,0.1553133514986376,0.0,1.0,0.42105263157894735,0.5789473684210527
02104,02,104,913,169,0,169,56,113,0.1851040525739321,0.0,1.0,0.33136094674556216,0.6686390532544378
02105,02,105,3520,774,3,771,244,527,0.21988636363636363,0.003875968992248062,0.9961240310077519,0.3152454780361757,0.6808785529715762
02106,02,106,2626,726,4,722,251,471,0.27646610814927647,0.005509641873278237,0.9944903581267218,0.34573002754820936,0.6487603305785123
02107,02,107,1396,438,0,438,178,260,0.3137535816618911,0.0,1.0,0.4063926940639269,0.593607305936073
02108,02,108,3746,866,5,861,276,585,0.23117992525360384,0.005773672055427252,0.9942263279445728,0.3187066974595843,0.6755196304849884
02109,02,109,972,259,1,258,68,190,0.2664609053497942,0.003861003861003861,0.9961389961389961,0.2625482625482625,0.7335907335907336
02110,02,110,2387,639,2,637,150,487,0.26770004189359026,0.003129890453834116,0.9968701095461658,0.2347417840375587,0.7621283255086072
02111,02,111,2353,641,6,635,187,448,0.27241818954526137,0.0093603744149766,0.9906396255850234,0.2917316692667707,0.6989079563182528
02112,02,112,2487,620,2,618,171,447,0.24929634097305992,0.0032258064516129032,0.9967741935483871,0.27580645161290324,0.7209677419354839
02113,02,113,1273,168,1,167,98,69,0.13197172034564023,0.005952380952380952,0.9940476190476191,0.5833333333333334,0.4107142857142857
02114,02,114,918,140,0,140,52,88,0.15250544662309368,0.0,1.0,0.37142857142857144,0.6285714285714286
02115,02,115,1974,336,2,334,168,166,0.1702127659574468,0.005952380952380952,0.9940476190476191,0.5,0.49404761904761907
02116,02,116,965,124,0,124,53,71,0.12849740932642487,0.0,1.0,0.4274193548387097,0.5725806451612904
02117,02,117,2987,519,1,518,259,259,0.17375292936056244,0.0019267822736030828,0.9980732177263969,0.49903660886319845,0.49903660886319845
02118,02,118,911,164,1,163,76,87,0.1800219538968167,0.006097560975609756,0.9939024390243902,0.4634146341463415,0.5304878048780488
02119,02,119,1115,306,1,305,105,200,0.27443946188340806,0.0032679738562091504,0.9967320261437909,0.3431372549019608,0.6535947712418301
02120,02,120,3222,888,0,888,209,679,0.2756052141527002,0.0,1.0,0.23536036036036037,0.7646396396396397
02121,02,121,1150,318,0,318,78,240,0.27652173913043476,0.0,1.0,0.24528301886792453,0.7547169811320755
02122,02,122,1049,242,0,242,77,165,0.23069590085795996,0.0,1.0,0.3181818181818182,0.6818181818181818
02123,02,123,1896,517,0,517,159,358,0.27267932489451474,0.0,1.0,0.30754352030947774,0.6924564796905223
02124,02,124,2388,624,2,622,166,456,0.2613065326633166,0.003205128205128205,0.9967948717948718,0.266025641025641,0.7307692307692307
02125,02,125,3262,671,1,670,190,480,0.20570202329858983,0.0014903129657228018,0.9985096870342772,0.28315946348733234,0.7153502235469449
02126,02,126,1065,225,0,225,51,174,0.2112676056338028,0.0,1.0,0.22666666666666666,0.7733333333333333
02127,02,127,1384,342,1,341,67,274,0.24710982658959538,0.0029239766081871343,0.9970760233918129,0.195906432748538,0.8011695906432749
02128,02,128,806,177,0,177,36,141,0.2196029776674938,0.0,1.0,0.2033898305084746,0.7966101694915254
02129,02,129,1013,251,0,251,70,181,0.24777887462981243,0.0,1.0,0.2788844621513944,0.7211155378486056
02130,02,130,1968,323,0,323,116,207,0.1641260162601626,0.0,1.0,0.3591331269349845,0.6408668730650154
02131,02,131,1721,264,3,261,157,104,0.15339918651946544,0.011363636363636364,0.9886363636363636,0.5946969696969697,0.3939393939393939
02132,02,132,1012,194,0,194,48,146,0.191699604743083,0.0,1.0,0.24742268041237114,0.7525773195876289
02133,02,133,1013,158,0,158,96,62,0.15597235932872655,0.0,1.0,0.6075949367088608,0.3924050632911392
02134,02,134,2291,454,0,454,114,340,0.19816673941510257,0.0,1.0,0.2511013215859031,0.748898678414097
02135,02,135,1095,212,0,212,38,174,0.19360730593607306,0.0,1.0,0.1792452830188679,0.8207547169811321
02136,02,136,1215,284,0,284,85,199,0.2337448559670782,0.0,1.0,0.2992957746478873,0.7007042253521126
02137,02,137,1323,341,1,340,77,263,0.25774754346182915,0.002932551319648094,0.9970674486803519,0.22580645161290322,0.7712609970674487
02138,02,138,3142,716,2,714,158,556,0.22788033099936347,0.002793296089385475,0.9972067039106145,0.2206703910614525,0.776536312849162
02139,02,139,1150,305,0,305,63,242,0.26521739130434785,0.0,1.0,0.20655737704918034,0.7934426229508197
02140,02,140,1810,350,2,348,85,263,0.19337016574585636,0.005714285714285714,0.9942857142857143,0.24285714285714285,0.7514285714285714
02141,02,141,2541,697,0,697,133,564,0.27430145611963797,0.0,1.0,0.1908177905308465,0.8091822094691535
02142,02,142,2280,432,2,430,130,300,0.18947368421052632,0.004629629629629629,0.9953703703703703,0.30092592592592593,0.6944444444444444
02143,02,143,1382,311,2,309,83,226,0.22503617945007237,0.006430868167202572,0.9935691318327974,0.26688102893890675,0.7266881028938906
02144,02,144,2343,537,0,537,99,438,0.22919334186939821,0.0,1.0,0.18435754189944134,0.8156424581005587
02145,02,145,1082,212,0,212,47,165,0.19593345656192238,0.0,1.0,0.22169811320754718,0.7783018867924528
02146,02,146,2164,490,1,489,92,397,0.22643253234750463,0.0020408163265306124,0.9979591836734694,0.18775510204081633,0.810204081632653
02147,02,147,617,176,0,176,39,137,0.2852512155591572,0.0,1.0,0.2215909090909091,0.7784090909090909
02148,02,148,1023,270,0,270,62,208,0.26392961876832843,0.0,1.0,0.22962962962962963,0.7703703703703704
02149,02,149,2279,459,0,459,96,363,0.20140412461605967,0.0,1.0,0.20915032679738563,0.7908496732026143
02150,02,150,1219,207,0,207,35,172,0.16981132075471697,0.0,1.0,0.16908212560386474,0.8309178743961353
02151,02,151,1218,230,1,229,51,178,0.18883415435139572,0.004347826086956522,0.9956521739130435,0.2217391304347826,0.7739130434782608
02152,02,152,899,169,0,169,44,125,0.18798665183537264,0.0,1.0,0.2603550295857988,0.7396449704142012
02153,02,153,2179,494,2,492,100,392,0.22670949977053695,0.004048582995951417,0.9959514170040485,0.20242914979757085,0.7935222672064778
02154,02,154,1325,241,0,241,42,199,0.18188679245283018,0.0,1.0,0.17427385892116182,0.8257261410788381
02155,02,155,1416,218,0,218,50,168,0.153954802259887,0.0,1.0,0.22935779816513763,0.7706422018348624
02156,02,156,2513,494,2,492,103,389,0.19657779546358933,0.004048582995951417,0.9959514170040485,0.20850202429149797,0.7874493927125507
02157,02,157,1177,253,0,253,45,208,0.21495327102803738,0.0,1.0,0.17786561264822134,0.8221343873517787
02158,02,158,1253,278,0,278,45,233,0.22186751795690343,0.0,1.0,0.1618705035971223,0.8381294964028777
02159,02,159,1909,514,1,513,100,413,0.26925091671031953,0.0019455252918287938,0.9980544747081712,0.19455252918287938,0.8035019455252919
02160,02,160,1403,334,0,334,73,261,0.23806129722024233,0.0,1.0,0.218562874251497,0.781437125748503
02161,02,161,1306,296,2,294,51,243,0.22664624808575803,0.006756756756756757,0.9932432432432432,0.17229729729729729,0.8209459459459459
02162,02,162,3902,741,2,739,132,607,0.18990261404407996,0.002699055330634278,0.9973009446693657,0.17813765182186234,0.8191632928475033
02163,02,163,1142,244,0,244,45,199,0.2136602451838879,0.0,1.0,0.18442622950819673,0.8155737704918032
02164,02,164,5395,1198,1,1197,230,967,0.22205746061167747,0.0008347245409015025,0.9991652754590985,0.19198664440734559,0.8071786310517529
02165,02,165,2501,499,1,498,125,373,0.1995201919232307,0.002004008016032064,0.9979959919839679,0.250501002004008,0.7474949899799599
02166,02,166,4119,914,3,911,168,743,0.2218985190580238,0.0032822757111597373,0.9967177242888403,0.1838074398249453,0.812910284463895
02167,02,167,2453,525,1,524,128,396,0.21402364451691805,0.0019047619047619048,0.9980952380952381,0.2438095238095238,0.7542857142857143
02168,02,168,3758,718,0,718,142,576,0.19105907397551888,0.0,1.0,0.1977715877437326,0.8022284122562674
02169,02,169,1395,301,0,301,55,246,0.21577060931899641,0.0,1.0,0.18272425249169436,0.8172757475083057
02170,02,170,2550,490,1,489,96,393,0.19215686274509805,0.0020408163265306124,0.9979591836734694,0.19591836734693877,0.8020408163265306
02171,02,171,1399,292,1,291,50,241,0.2087205146533238,0.003424657534246575,0.9965753424657534,0.17123287671232876,0.8253424657534246
02172,02,172,4059,776,2,774,139,635,0.191180093619118,0.002577319587628866,0.9974226804123711,0.1791237113402062,0.8182989690721649
02173,02,173,3864,795,0,795,156,639,0.20574534161490685,0.0,1.0,0.19622641509433963,0.8037735849056604
02174,02,174,1436,275,2,273,73,200,0.1915041782729805,0.007272727272727273,0.9927272727272727,0.26545454545454544,0.7272727272727273
02175,02,175,2473,546,1,545,115,430,0.22078447230084916,0.0018315018315018315,0.9981684981684982,0.21062271062271062,0.7875457875457875
02176,02,176,3505,616,3,613,115,498,0.17574893009985734,0.00487012987012987,0.9951298701298701,0.18668831168831168,0.8084415584415584
02177,02,177,2814,551,0,551,120,431,0.19580668088130776,0.0,1.0,0.2177858439201452,0.7822141560798548
02178,02,178,1198,259,1,258,68,190,0.21619365609348914,0.003861003861003861,0.9961389961389961,0.2625482625482625,0.7335907335907336
02179,02,179,1256,291,0,291,63,228,0.23168789808917198,0.0,1.0,0.21649484536082475,0.7835051546391752
02180,02,180,4210,797,3,794,170,624,0.18931116389548694,0.0037641154328732747,0.9962358845671268,0.21329987452948557,0.7829360100376411
02181,02,181,914,275,0,275,64,211,0.30087527352297594,0.0,1.0,0.23272727272727273,0.7672727272727272
02182,02,182,1308,234,0,234,43,191,0.17889908256880735,0.0,1.0,0.18376068376068377,0.8162393162393162
02183,02,183,2464,452,1,451,106,345,0.18344155844155843,0.0022123893805309734,0.9977876106194691,0.2345132743362832,0.7632743362831859
02184,02,184,1242,285,0,285,64,221,0.22946859903381642,0.0,1.0,0.22456140350877193,0.775438596491228
02185,02,185,2375,564,0,564,96,468,0.2374736842105263,0.0,1.0,0.1702127659574468,0.8297872340425532
02186,02,186,2043,457,1,456,73,383,0.22369065100342633,0.002188183807439825,0.9978118161925602,0.15973741794310722,0.838074398249453
02187,02,187,2364,383,2,381,48,333,0.1620135363790186,0.005221932114882507,0.9947780678851175,0.12532637075718014,0.8694516971279374
031A,03,1A,0,765,0,765,245,520,inf,0.0,1.0,0.3202614379084967,0.6797385620915033
031B,03,1B,0,768,0,768,264,504,inf,0.0,1.0,0.34375,0.65625
032A,03,2A,0,771,3,768,243,525,inf,0.0038910505836575876,0.9961089494163424,0.3151750972762646,0.6809338521400778
032B,03,2B,0,775,1,774,242,532,inf,0.0012903225806451613,0.9987096774193548,0.31225806451612903,0.6864516129032258
033A,03,3A,0,772,0,772,267,505,inf,0.0,1.0,0.34585492227979275,0.6541450777202072
033B,03,3B,0,769,1,768,243,525,inf,0.0013003901170351106,0.9986996098829649,0.3159947984395319,0.682704811443433
034A,03,4A,0,776,3,773,245,528,inf,0.003865979381443299,0.9961340206185567,0.31572164948453607,0.6804123711340206
034B,03,4B,0,779,0,779,273,506,inf,0.0,1.0,0.3504492939666239,0.6495507060333762
035A,03,5A,0,897,2,895,289,606,inf,0.002229654403567447,0.9977703455964325,0.3221850613154961,0.6755852842809364
035B,03,5B,0,780,3,777,269,508,inf,0.0038461538461538464,0.9961538461538462,0.34487179487179487,0.6512820512820513
036A,03,6A,0,776,1,775,228,547,inf,0.001288659793814433,0.9987113402061856,0.29381443298969073,0.7048969072164949
036B,03,6B,0,773,1,772,256,516,inf,0.00129366106080207,0.9987063389391979,0.3311772315653299,0.6675291073738681
036C,03,6C,0,761,4,757,265,492,inf,0.005256241787122208,0.9947437582128777,0.34822601839684625,0.6465177398160316
037A,03,7A,0,775,0,775,247,528,inf,0.0,1.0,0.31870967741935485,0.6812903225806451
037B,03,7B,0,777,1,776,215,561,inf,0.001287001287001287,0.9987129987129987,0.2767052767052767,0.722007722007722
038A,03,8A,0,770,0,770,248,522,inf,0.0,1.0,0.3220779220779221,0.6779220779220779
038B,03,8B,0,769,2,767,242,525,inf,0.002600780234070221,0.9973992197659298,0.31469440832249673,0.682704811443433
038C,03,8C,0,786,0,786,245,541,inf,0.0,1.0,0.31170483460559795,0.688295165394402
039A,03,9A,0,772,1,771,234,537,inf,0.0012953367875647669,0.9987046632124352,0.30310880829015546,0.6955958549222798
039B,03,9B,0,796,2,794,246,548,inf,0.002512562814070352,0.9974874371859297,0.30904522613065327,0.6884422110552764
039C,03,9C,0,790,0,790,263,527,inf,0.0,1.0,0.3329113924050633,0.6670886075949367
03101,03,101,2388,454,0,454,136,318,0.19011725293132328,0.0,1.0,0.29955947136563876,0.7004405286343612
03102,03,102,2281,332,0,332,95,237,0.14555019728189392,0.0,1.0,0.286144578313253,0.713855421686747
03103,03,103,1604,371,0,371,82,289,0.23129675810473815,0.0,1.0,0.2210242587601078,0.7789757412398922
03104,03,104,1187,192,1,191,52,139,0.16175231676495366,0.005208333333333333,0.9947916666666666,0.2708333333333333,0.7239583333333334
03105,03,105,1138,131,0,131,36,95,0.11511423550087874,0.0,1.0,0.2748091603053435,0.7251908396946565
03106,03,106,910,123,1,122,38,84,0.13516483516483516,0.008130081300813009,0.991869918699187,0.3089430894308943,0.6829268292682927
03107,03,107,1474,263,0,263,73,190,0.1784260515603799,0.0,1.0,0.27756653992395436,0.7224334600760456
03108,03,108,3619,594,0,594,188,406,0.1641337386018237,0.0,1.0,0.3164983164983165,0.6835016835016835
03109,03,109,3132,596,0,596,152,444,0.19029374201787994,0.0,1.0,0.2550335570469799,0.7449664429530202
03110,03,110,1414,250,0,250,111,139,0.1768033946251768,0.0,1.0,0.444,0.556
03111,03,111,1233,358,1,357,107,250,0.29034874290348744,0.002793296089385475,0.9972067039106145,0.2988826815642458,0.6983240223463687
03112,03,112,2968,860,0,860,255,605,0.28975741239892183,0.0,1.0,0.29651162790697677,0.7034883720930233
03113,03,113,1070,324,0,324,111,213,0.30280373831775703,0.0,1.0,0.3425925925925926,0.6574074074074074
03114,03,114,1478,413,0,413,152,261,0.2794316644113667,0.0,1.0,0.36803874092009686,0.6319612590799032
03115,03,115,3006,662,1,661,250,411,0.22022621423819028,0.0015105740181268882,0.9984894259818731,0.3776435045317221,0.620845921450151
03116,03,116,1487,269,0,269,102,167,0.1809011432414257,0.0,1.0,0.379182156133829,0.620817843866171
03117,03,117,3260,715,0,715,208,507,0.21932515337423314,0.0,1.0,0.2909090909090909,0.7090909090909091
03201,03,201,816,177,0,177,38,139,0.21691176470588236,0.0,1.0,0.21468926553672316,0.7853107344632768
03202,03,202,631,124,1,123,65,58,0.196513470681458,0.008064516129032258,0.9919354838709677,0.5241935483870968,0.46774193548387094
03203,03,203,2845,535,0,535,170,365,0.18804920913884007,0.0,1.0,0.3177570093457944,0.6822429906542056
03204,03,204,2666,477,0,477,176,301,0.17891972993248312,0.0,1.0,0.3689727463312369,0.6310272536687631
03205,03,205,1159,241,0,241,94,147,0.2079378774805867,0.0,1.0,0.3900414937759336,0.6099585062240664
03206,03,206,2588,646,0,646,274,372,0.24961360123647605,0.0,1.0,0.4241486068111455,0.5758513931888545
03207,03,207,2176,558,0,558,240,318,0.25643382352941174,0.0,1.0,0.43010752688172044,0.5698924731182796
03208,03,208,1566,411,0,411,166,245,0.2624521072796935,0.0,1.0,0.40389294403892945,0.5961070559610706
03209,03,209,2866,634,0,634,186,448,0.2212142358688067,0.0,1.0,0.29337539432176657,0.7066246056782335
03210,03,210,3041,730,2,728,227,501,0.24005261427162117,0.0027397260273972603,0.9972602739726028,0.31095890410958904,0.6863013698630137
03211,03,211,1264,314,0,314,111,203,0.24841772151898733,0.0,1.0,0.3535031847133758,0.6464968152866242
03212,03,212,2802,768,3,765,277,488,0.2740899357601713,0.00390625,0.99609375,0.3606770833333333,0.6354166666666666
03213,03,213,2824,715,3,712,308,404,0.2531869688385269,0.004195804195804196,0.9958041958041958,0.4307692307692308,0.5650349650349651
03214,03,214,1311,264,1,263,74,189,0.20137299771167047,0.003787878787878788,0.9962121212121212,0.2803030303030303,0.7159090909090909
03215,03,215,1406,384,0,384,133,251,0.27311522048364156,0.0,1.0,0.3463541666666667,0.6536458333333334
03216,03,216,1570,413,1,412,138,274,0.26305732484076433,0.002421307506053269,0.9975786924939467,0.3341404358353511,0.6634382566585957
03301,03,301,2496,564,0,564,167,397,0.22596153846153846,0.0,1.0,0.29609929078014185,0.7039007092198581
03302,03,302,1024,210,2,208,65,143,0.205078125,0.009523809523809525,0.9904761904761905,0.30952380952380953,0.680952380952381
03303,03,303,2307,414,1,413,114,299,0.17945383615084526,0.0024154589371980675,0.9975845410628019,0.2753623188405797,0.7222222222222222
03304,03,304,1140,247,1,246,63,183,0.21666666666666667,0.004048582995951417,0.9959514170040485,0.2550607287449393,0.7408906882591093
03305,03,305,2341,511,0,511,138,373,0.21828278513455787,0.0,1.0,0.2700587084148728,0.7299412915851272
03306,03,306,1155,296,0,296,83,213,0.25627705627705627,0.0,1.0,0.28040540540540543,0.7195945945945946
03307,03,307,1068,291,0,291,85,206,0.27247191011235955,0.0,1.0,0.2920962199312715,0.7079037800687286
03308,03,308,1181,333,0,333,117,216,0.2819644369178662,0.0,1.0,0.35135135135135137,0.6486486486486487
03309,03,309,2385,548,1,547,166,381,0.229769392033543,0.0018248175182481751,0.9981751824817519,0.3029197080291971,0.6952554744525548
03310,03,310,2406,516,1,515,114,401,0.2144638403990025,0.001937984496124031,0.998062015503876,0.22093023255813954,0.7771317829457365
03311,03,311,1115,221,1,220,49,171,0.19820627802690582,0.004524886877828055,0.995475113122172,0.22171945701357465,0.7737556561085973
03312,03,312,2819,765,2,763,191,572,0.27137282724370343,0.00261437908496732,0.9973856209150327,0.2496732026143791,0.7477124183006536
03313,03,313,1353,451,1,450,123,327,0.3333333333333333,0.0022172949002217295,0.9977827050997783,0.2727272727272727,0.7250554323725056
03314,03,314,1098,282,1,281,92,189,0.2568306010928962,0.0035460992907801418,0.9964539007092199,0.3262411347517731,0.6702127659574468
03315,03,315,2214,479,3,476,140,336,0.2163504968383017,0.006263048016701462,0.9937369519832986,0.29227557411273486,0.7014613778705637
03316,03,316,1343,311,1,310,99,211,0.2315711094564408,0.003215434083601286,0.9967845659163987,0.3183279742765273,0.6784565916398714
03317,03,317,2416,598,0,598,178,420,0.24751655629139072,0.0,1.0,0.2976588628762542,0.7023411371237458
03318,03,318,941,225,0,225,59,166,0.23910733262486716,0.0,1.0,0.26222222222222225,0.7377777777777778
03401,03,401,2472,550,1,549,159,390,0.22249190938511326,0.0018181818181818182,0.9981818181818182,0.28909090909090907,0.7090909090909091
03402,03,402,2363,561,0,561,183,378,0.23741007194244604,0.0,1.0,0.32620320855614976,0.6737967914438503
03403,03,403,1040,190,0,190,31,159,0.18269230769230768,0.0,1.0,0.1631578947368421,0.8368421052631579
03404,03,404,2172,411,0,411,96,315,0.18922651933701656,0.0,1.0,0.23357664233576642,0.7664233576642335
03405,03,405,1178,168,0,168,52,116,0.14261460101867574,0.0,1.0,0.30952380952380953,0.6904761904761905
03406,03,406,1682,316,1,315,78,237,0.187871581450654,0.0031645569620253164,0.9968354430379747,0.2468354430379747,0.75
03407,03,407,2676,615,0,615,222,393,0.22982062780269058,0.0,1.0,0.36097560975609755,0.6390243902439025
03408,03,408,2243,317,2,315,83,232,0.1413285777975925,0.006309148264984227,0.9936908517350158,0.2618296529968454,0.7318611987381703
03409,03,409,1254,209,0,209,57,152,0.16666666666666666,0.0,1.0,0.2727272727272727,0.7272727272727273
03410,03,410,1176,229,0,229,47,182,0.19472789115646258,0.0,1.0,0.2052401746724891,0.7947598253275109
03411,03,411,2659,444,1,443,118,325,0.16698006769462204,0.0022522522522522522,0.9977477477477478,0.26576576576576577,0.7319819819819819
03412,03,412,1017,201,1,200,65,135,0.1976401179941003,0.004975124378109453,0.9950248756218906,0.32338308457711445,0.6716417910447762
03413,03,413,771,160,0,160,42,118,0.20752269779507135,0.0,1.0,0.2625,0.7375
03414,03,414,2250,411,1,410,93,317,0.18266666666666667,0.0024330900243309003,0.9975669099756691,0.22627737226277372,0.7712895377128953
03415,03,415,2660,497,0,497,116,381,0.1868421052631579,0.0,1.0,0.23340040241448692,0.7665995975855131
03416,03,416,1477,237,0,237,27,210,0.16046039268788084,0.0,1.0,0.11392405063291139,0.8860759493670886
03501,03,501,2796,634,1,633,182,451,0.22675250357653792,0.0015772870662460567,0.998422712933754,0.2870662460567823,0.7113564668769716
03502,03,502,3012,500,2,498,139,359,0.16600265604249667,0.004,0.996,0.278,0.718
03503,03,503,1586,415,0,415,124,291,0.26166456494325346,0.0,1.0,0.2987951807228916,0.7012048192771084
03504,03,504,2499,595,0,595,152,443,0.23809523809523808,0.0,1.0,0.25546218487394956,0.7445378151260504
03505,03,505,2179,505,0,505,122,383,0.231757687012391,0.0,1.0,0.24158415841584158,0.7584158415841584
03506,03,506,2938,565,2,563,152,411,0.19230769230769232,0.0035398230088495575,0.9964601769911504,0.26902654867256637,0.727433628318584
03507,03,507,2222,488,2,486,101,385,0.21962196219621963,0.004098360655737705,0.9959016393442623,0.2069672131147541,0.7889344262295082
03508,03,508,2344,481,0,481,95,386,0.2052047781569966,0.0,1.0,0.19750519750519752,0.8024948024948025
03509,03,509,2408,479,3,476,121,355,0.1989202657807309,0.006263048016701462,0.9937369519832986,0.25260960334029225,0.7411273486430062
03510,03,510,2754,589,2,587,135,452,0.2138707334785766,0.003395585738539898,0.9966044142614601,0.22920203735144312,0.767402376910017
03511,03,511,1144,255,1,254,54,200,0.2229020979020979,0.00392156862745098,0.996078431372549,0.21176470588235294,0.7843137254901961
03512,03,512,2306,535,0,535,159,376,0.23200346921075454,0.0,1.0,0.297196261682243,0.702803738317757
03513,03,513,1240,314,0,314,87,227,0.2532258064516129,0.0,1.0,0.2770700636942675,0.7229299363057324
03514,03,514,801,232,0,232,64,168,0.28963795255930086,0.0,1.0,0.27586206896551724,0.7241379310344828
03601,03,601,1135,290,0,290,68,222,0.2555066079295154,0.0,1.0,0.23448275862068965,0.7655172413793103
03602,03,602,1316,245,0,245,72,173,0.18617021276595744,0.0,1.0,0.2938775510204082,0.7061224489795919
03603,03,603,1270,287,1,286,62,224,0.22598425196850394,0.003484320557491289,0.9965156794425087,0.21602787456445993,0.7804878048780488
03604,03,604,2446,645,1,644,144,500,0.26369582992641044,0.0015503875968992248,0.9984496124031008,0.22325581395348837,0.7751937984496124
03605,03,605,1842,498,0,498,122,376,0.2703583061889251,0.0,1.0,0.24497991967871485,0.7550200803212851
03606,03,606,2332,626,0,626,160,466,0.2684391080617496,0.0,1.0,0.25559105431309903,0.744408945686901
03607,03,607,1620,363,1,362,93,269,0.22407407407407406,0.0027548209366391185,0.9972451790633609,0.256198347107438,0.7410468319559229
03608,03,608,1699,428,2,426,101,325,0.251912889935256,0.004672897196261682,0.9953271028037384,0.23598130841121495,0.7593457943925234
03609,03,609,1802,480,0,480,123,357,0.2663706992230855,0.0,1.0,0.25625,0.74375
03610,03,610,2120,496,0,496,117,379,0.2339622641509434,0.0,1.0,0.23588709677419356,0.7641129032258065
03611,03,611,1651,447,1,446,119,327,0.2707450030284676,0.0022371364653243847,0.9977628635346756,0.2662192393736018,0.7315436241610739
03612,03,612,1643,402,0,402,103,299,0.2446743761412051,0.0,1.0,0.2562189054726368,0.7437810945273632
03613,03,613,887,189,0,189,45,144,0.21307779030439683,0.0,1.0,0.23809523809523808,0.7619047619047619
03614,03,614,787,187,1,186,45,141,0.23761118170266837,0.0053475935828877,0.9946524064171123,0.24064171122994651,0.7540106951871658
03615,03,615,1643,389,1,388,88,300,0.23676202069385271,0.002570694087403599,0.9974293059125964,0.2262210796915167,0.7712082262210797
03616,03,616,1920,443,1,442,104,338,0.23072916666666668,0.002257336343115124,0.9977426636568849,0.23476297968397292,0.7629796839729119
03617,03,617,2170,465,2,463,122,341,0.21428571428571427,0.004301075268817204,0.9956989247311828,0.2623655913978495,0.7333333333333333
03618,03,618,1823,398,2,396,115,281,0.21832144816236973,0.005025125628140704,0.9949748743718593,0.2889447236180904,0.7060301507537688
03619,03,619,1690,399,0,399,93,306,0.23609467455621302,0.0,1.0,0.23308270676691728,0.7669172932330827
03701,03,701,1396,203,0,203,54,149,0.14541547277936961,0.0,1.0,0.2660098522167488,0.7339901477832512
03702,03,702,2876,499,2,497,136,361,0.1735048678720445,0.004008016032064128,0.9959919839679359,0.2725450901803607,0.7234468937875751
03703,03,703,2931,473,2,471,123,348,0.1613783691572842,0.004228329809725159,0.9957716701902748,0.26004228329809725,0.7357293868921776
03704,03,704,2455,537,2,535,151,384,0.21873727087576375,0.0037243947858473,0.9962756052141527,0.2811918063314711,0.7150837988826816
03705,03,705,1584,200,0,200,54,146,0.12626262626262627,0.0,1.0,0.27,0.73
03706,03,706,1508,255,0,255,58,197,0.16909814323607428,0.0,1.0,0.22745098039215686,0.7725490196078432
03707,03,707,1373,228,1,227,70,157,0.16605972323379461,0.0043859649122807015,0.9956140350877193,0.30701754385964913,0.6885964912280702
03708,03,708,1517,290,0,290,85,205,0.1911667765326302,0.0,1.0,0.29310344827586204,0.7068965517241379
03709,03,709,2273,479,0,479,129,350,0.21073471183457984,0.0,1.0,0.26931106471816285,0.7306889352818372
03710,03,710,2096,506,1,505,128,377,0.24141221374045801,0.001976284584980237,0.9980237154150198,0.25296442687747034,0.7450592885375494
03711,03,711,956,193,0,193,50,143,0.20188284518828453,0.0,1.0,0.25906735751295334,0.7409326424870466
03712,03,712,2444,561,0,561,138,423,0.2295417348608838,0.0,1.0,0.24598930481283424,0.7540106951871658
03713,03,713,1139,284,2,282,72,210,0.24934152765583845,0.007042253521126761,0.9929577464788732,0.2535211267605634,0.7394366197183099
03714,03,714,1068,214,0,214,42,172,0.20037453183520598,0.0,1.0,0.19626168224299065,0.8037383177570093
03715,03,715,1496,308,2,306,59,247,0.20588235294117646,0.006493506493506494,0.9935064935064936,0.19155844155844157,0.801948051948052
03716,03,716,2095,380,1,379,91,288,0.18138424821002386,0.002631578947368421,0.9973684210526316,0.2394736842105263,0.7578947368421053
03717,03,717,1335,257,0,257,86,171,0.19250936329588014,0.0,1.0,0.3346303501945525,0.6653696498054474
03801,03,801,2017,366,2,364,87,277,0.18145761031234506,0.00546448087431694,0.994535519125683,0.23770491803278687,0.7568306010928961
03802,03,802,1376,301,0,301,58,243,0.21875,0.0,1.0,0.19269102990033224,0.8073089700996677
03803,03,803,1123,265,1,264,68,196,0.23597506678539626,0.0037735849056603774,0.9962264150943396,0.25660377358490566,0.7396226415094339
03804,03,804,2462,532,2,530,156,374,0.21608448415922016,0.0037593984962406013,0.9962406015037594,0.2932330827067669,0.7030075187969925
03805,03,805,1151,278,0,278,84,194,0.24152910512597742,0.0,1.0,0.302158273381295,0.697841726618705
03806,03,806,1277,335,1,334,92,242,0.26233359436178544,0.0029850746268656717,0.9970149253731343,0.2746268656716418,0.7223880597014926
03807,03,807,2234,604,3,601,159,442,0.270367054610564,0.004966887417218543,0.9950331125827815,0.2632450331125828,0.7317880794701986
03808,03,808,1708,440,0,440,89,351,0.2576112412177986,0.0,1.0,0.20227272727272727,0.7977272727272727
03809,03,809,2157,559,2,557,143,414,0.25915623551228556,0.0035778175313059034,0.9964221824686941,0.2558139534883721,0.740608228980322
03810,03,810,2131,496,0,496,120,376,0.2327545753167527,0.0,1.0,0.24193548387096775,0.7580645161290323
03811,03,811,1132,313,0,313,84,229,0.2765017667844523,0.0,1.0,0.268370607028754,0.731629392971246
03812,03,812,1328,316,0,316,76,240,0.23795180722891565,0.0,1.0,0.24050632911392406,0.759493670886076
03813,03,813,1138,315,1,314,79,235,0.27680140597539543,0.0031746031746031746,0.9968253968253968,0.2507936507936508,0.746031746031746
03814,03,814,2270,613,0,613,199,414,0.27004405286343613,0.0,1.0,0.32463295269168024,0.6753670473083198
03815,03,815,1118,279,0,279,81,198,0.24955277280858676,0.0,1.0,0.2903225806451613,0.7096774193548387
03816,03,816,1891,513,1,512,117,395,0.27128503437334744,0.001949317738791423,0.9980506822612085,0.22807017543859648,0.7699805068226121
03817,03,817,1086,254,0,254,72,182,0.23388581952117865,0.0,1.0,0.28346456692913385,0.7165354330708661
03818,03,818,1313,307,0,307,58,249,0.2338156892612338,0.0,1.0,0.18892508143322476,0.8110749185667753
03901,03,901,2593,613,3,610,151,459,0.2364057076745083,0.004893964110929853,0.9951060358890701,0.2463295269168026,0.7487765089722676
03902,03,902,2403,587,1,586,127,459,0.24427798585101956,0.0017035775127768314,0.9982964224872232,0.21635434412265758,0.7819420783645656
03903,03,903,1128,240,0,240,66,174,0.2127659574468085,0.0,1.0,0.275,0.725
03904,03,904,828,159,0,159,49,110,0.19202898550724637,0.0,1.0,0.3081761006289308,0.6918238993710691
03905,03,905,1271,273,0,273,61,212,0.2147915027537372,0.0,1.0,0.22344322344322345,0.7765567765567766
03906,03,906,2489,526,0,526,127,399,0.21132985134592205,0.0,1.0,0.2414448669201521,0.7585551330798479
03907,03,907,2491,475,3,472,112,360,0.190686471296668,0.00631578947368421,0.9936842105263158,0.23578947368421052,0.7578947368421053
03908,03,908,786,134,0,134,19,115,0.17048346055979643,0.0,1.0,0.1417910447761194,0.8582089552238806
03909,03,909,1059,165,2,163,32,131,0.1558073654390935,0.012121212121212121,0.9878787878787879,0.19393939393939394,0.793939393939394
03910,03,910,1109,337,1,336,62,274,0.30387736699729484,0.002967359050445104,0.9970326409495549,0.18397626112759644,0.8130563798219584
03911,03,911,1269,209,1,208,55,153,0.16469661150512213,0.004784688995215311,0.9952153110047847,0.2631578947368421,0.7320574162679426
03912,03,912,2788,655,3,652,172,480,0.23493543758967,0.004580152671755725,0.9954198473282443,0.26259541984732826,0.732824427480916
03913,03,913,1383,331,0,331,76,255,0.2393347794649313,0.0,1.0,0.229607250755287,0.770392749244713
03914,03,914,1092,324,0,324,109,215,0.2967032967032967,0.0,1.0,0.33641975308641975,0.6635802469135802
03915,03,915,2273,580,0,580,171,409,0.2551693796744391,0.0,1.0,0.29482758620689653,0.7051724137931035
03916,03,916,1175,400,0,400,113,287,0.3404255319148936,0.0,1.0,0.2825,0.7175
03917,03,917,2409,584,1,583,148,435,0.24242424242424243,0.0017123287671232876,0.9982876712328768,0.2534246575342466,0.7448630136986302
03918,03,918,2459,485,1,484,106,378,0.1972346482309882,0.002061855670103093,0.9979381443298969,0.21855670103092784,0.7793814432989691
03919,03,919,2113,341,1,340,90,250,0.16138192143871274,0.002932551319648094,0.9970674486803519,0.26392961876832843,0.7331378299120235
041A,04,1A,0,707,1,706,436,270,inf,0.0014144271570014145,0.9985855728429985,0.6166902404526167,0.38189533239038187
041B,04,1B,0,735,2,733,459,274,inf,0.0027210884353741495,0.9972789115646259,0.6244897959183674,0.3727891156462585
041C,04,1C,0,738,2,736,478,258,inf,0.0027100271002710027,0.997289972899729,0.6476964769647696,0.34959349593495936
041D,04,1D,0,720,2,718,439,279,inf,0.002777777777777778,0.9972222222222222,0.6097222222222223,0.3875
041E,04,1E,0,824,1,823,487,336,inf,0.0012135922330097086,0.9987864077669902,0.5910194174757282,0.4077669902912621
041F,04,1F,0,768,3,765,508,257,inf,0.00390625,0.99609375,0.6614583333333334,0.3346354166666667
041G,04,1G,0,1124,1,1123,748,375,inf,0.0008896797153024911,0.9991103202846975,0.6654804270462633,0.33362989323843417
041H,04,1H,0,989,2,987,655,332,inf,0.0020222446916076846,0.9979777553083923,0.6622851365015167,0.3356926188068756
041J,04,1J,0,839,0,839,549,290,inf,0.0,1.0,0.6543504171632897,0.3456495828367104
041K,04,1K,0,905,1,904,554,350,inf,0.0011049723756906078,0.9988950276243094,0.6121546961325967,0.3867403314917127
041L,04,1L,0,1097,1,1096,671,425,inf,0.0009115770282588879,0.9990884229717412,0.6116681859617138,0.38742023701002737
041M,04,1M,0,778,0,778,503,275,inf,0.0,1.0,0.6465295629820051,0.35347043701799485
041N,04,1N,0,749,1,748,492,256,inf,0.0013351134846461949,0.9986648865153538,0.6568758344459279,0.3417890520694259
041O,04,1O,0,721,2,719,451,268,inf,0.0027739251040221915,0.9972260748959778,0.6255201109570042,0.37170596393897365
041P,04,1P,0,997,4,993,656,337,inf,0.004012036108324975,0.995987963891675,0.6579739217652959,0.33801404212637914
041Q,04,1Q,0,808,2,806,517,289,inf,0.0024752475247524753,0.9975247524752475,0.6398514851485149,0.35767326732673266
041R,04,1R,0,647,1,646,422,224,inf,0.0015455950540958269,0.9984544049459042,0.652241112828439,0.3462132921174652
041S,04,1S,0,643,0,643,424,219,inf,0.0,1.0,0.6594090202177294,0.3405909797822706
041T,04,1T,0,690,1,689,411,278,inf,0.0014492753623188406,0.9985507246376811,0.5956521739130435,0.4028985507246377
041U,04,1U,0,1208,0,1208,756,452,inf,0.0,1.0,0.6258278145695364,0.3741721854304636
041V,04,1V,0,1012,1,1011,634,377,inf,0.0009881422924901185,0.9990118577075099,0.6264822134387352,0.3725296442687747
041W,04,1W,0,776,0,776,495,281,inf,0.0,1.0,0.6378865979381443,0.36211340206185566
041X,04,1X,0,165,0,165,96,69,inf,0.0,1.0,0.5818181818181818,0.41818181818181815
041Y,04,1Y,0,160,0,160,105,55,inf,0.0,1.0,0.65625,0.34375
041Z,04,1Z,0,97,0,97,56,41,inf,0.0,1.0,0.5773195876288659,0.422680412371134
04101,04,101,1818,286,2,284,173,111,0.1573157315731573,0.006993006993006993,0.993006993006993,0.6048951048951049,0.3881118881118881
04102,04,102,2025,325,2,323,231,92,0.16049382716049382,0.006153846153846154,0.9938461538461538,0.7107692307692308,0.28307692307692306
04103,04,103,1633,332,0,332,249,83,0.20330679730557258,0.0,1.0,0.75,0.25
04104,04,104,1633,354,1,353,256,97,0.21677893447642377,0.002824858757062147,0.9971751412429378,0.7231638418079096,0.2740112994350282
04105,04,105,1368,225,0,225,161,64,0.16447368421052633,0.0,1.0,0.7155555555555555,0.28444444444444444
04106,04,106,2153,409,0,409,293,116,0.18996748722712495,0.0,1.0,0.7163814180929096,0.28361858190709044
04107,04,107,2039,375,0,375,287,88,0.18391368317802845,0.0,1.0,0.7653333333333333,0.23466666666666666
04108,04,108,1213,245,0,245,134,111,0.2019785655399835,0.0,1.0,0.5469387755102041,0.4530612244897959
04109,04,109,1428,276,1,275,170,105,0.19327731092436976,0.0036231884057971015,0.9963768115942029,0.6159420289855072,0.3804347826086957
04110,04,110,1555,360,0,360,183,177,0.2315112540192926,0.0,1.0,0.5083333333333333,0.49166666666666664
04111,04,111,2018,471,0,471,250,221,0.2333994053518335,0.0,1.0,0.5307855626326964,0.4692144373673036
04112,04,112,1986,483,0,483,218,265,0.243202416918429,0.0,1.0,0.45134575569358176,0.5486542443064182
04113,04,113,1265,285,0,285,162,123,0.22529644268774704,0.0,1.0,0.5684210526315789,0.43157894736842106
04114,04,114,1265,437,0,437,276,161,0.34545454545454546,0.0,1.0,0.631578947368421,0.3684210526315789
04115,04,115,2274,651,0,651,461,190,0.2862796833773087,0.0,1.0,0.7081413210445469,0.29185867895545314
04116,04,116,2029,684,1,683,473,210,0.3371118777723016,0.0014619883040935672,0.9985380116959064,0.6915204678362573,0.30701754385964913
04117,04,117,1313,377,0,377,277,100,0.2871287128712871,0.0,1.0,0.7347480106100795,0.26525198938992045
04118,04,118,1797,487,1,486,328,158,0.27100723427935447,0.002053388090349076,0.997946611909651,0.6735112936344969,0.324435318275154
04119,04,119,1827,553,1,552,380,172,0.30268199233716475,0.0018083182640144665,0.9981916817359855,0.6871609403254972,0.31103074141048825
04120,04,120,1638,433,1,432,274,158,0.26434676434676435,0.0023094688221709007,0.9976905311778291,0.6327944572748267,0.3648960739030023
04121,04,121,1644,302,2,300,182,118,0.18369829683698297,0.006622516556291391,0.9933774834437086,0.6026490066225165,0.39072847682119205
04122,04,122,894,209,2,207,94,113,0.23378076062639822,0.009569377990430622,0.9904306220095693,0.44976076555023925,0.5406698564593302
04123,04,123,1543,334,0,334,162,172,0.21646143875567078,0.0,1.0,0.48502994011976047,0.5149700598802395
04124,04,124,1349,317,2,315,201,114,0.23498888065233506,0.006309148264984227,0.9936908517350158,0.6340694006309149,0.35962145110410093
04125,04,125,1410,352,0,352,207,145,0.24964539007092199,0.0,1.0,0.5880681818181818,0.4119318181818182
04126,04,126,1458,462,0,462,308,154,0.3168724279835391,0.0,1.0,0.6666666666666666,0.3333333333333333
04127,04,127,1652,483,1,482,315,167,0.2923728813559322,0.002070393374741201,0.9979296066252588,0.6521739130434783,0.34575569358178054
04128,04,128,1566,474,0,474,310,164,0.30268199233716475,0.0,1.0,0.6540084388185654,0.3459915611814346
04129,04,129,1508,448,2,446,318,128,0.29708222811671087,0.004464285714285714,0.9955357142857143,0.7098214285714286,0.2857142857142857
04130,04,130,2156,609,0,609,380,229,0.2824675324675325,0.0,1.0,0.6239737274220033,0.3760262725779967
04131,04,131,1724,582,1,581,397,184,0.3375870069605568,0.001718213058419244,0.9982817869415808,0.6821305841924399,0.3161512027491409
04132,04,132,1561,547,1,546,356,190,0.350416399743754,0.0018281535648994515,0.9981718464351006,0.6508226691042047,0.3473491773308958
04133,04,133,737,289,0,289,178,111,0.3921302578018996,0.0,1.0,0.615916955017301,0.38408304498269896
04134,04,134,1307,355,1,354,190,164,0.27161438408569244,0.0028169014084507044,0.9971830985915493,0.5352112676056338,0.4619718309859155
04135,04,135,1560,423,1,422,264,158,0.27115384615384613,0.002364066193853428,0.9976359338061466,0.624113475177305,0.3735224586288416
04136,04,136,1606,343,0,343,173,170,0.21357409713574096,0.0,1.0,0.5043731778425656,0.4956268221574344
04137,04,137,1313,336,1,335,180,155,0.2559025133282559,0.002976190476190476,0.9970238095238095,0.5357142857142857,0.46130952380952384
04138,04,138,1266,338,0,338,197,141,0.2669826224328594,0.0,1.0,0.5828402366863905,0.4171597633136095
04139,04,139,1726,388,0,388,194,194,0.22479721900347624,0.0,1.0,0.5,0.5
04140,04,140,1800,512,0,512,208,304,0.28444444444444444,0.0,1.0,0.40625,0.59375
04141,04,141,2006,475,2,473,221,252,0.23678963110667997,0.004210526315789474,0.9957894736842106,0.4652631578947368,0.5305263157894737
04142,04,142,1783,450,1,449,256,193,0.2523836231071228,0.0022222222222222222,0.9977777777777778,0.5688888888888889,0.4288888888888889
04143,04,143,1492,403,0,403,245,158,0.27010723860589814,0.0,1.0,0.607940446650124,0.3920595533498759
04144,04,144,1526,421,0,421,206,215,0.2758846657929227,0.0,1.0,0.48931116389548696,0.5106888361045131
04145,04,145,2073,519,0,519,290,229,0.2503617945007236,0.0,1.0,0.558766859344894,0.441233140655106
04146,04,146,1414,414,1,413,209,204,0.2927864214992928,0.0024154589371980675,0.9975845410628019,0.5048309178743962,0.4927536231884058
04147,04,147,1706,446,0,446,219,227,0.26143024618991795,0.0,1.0,0.4910313901345291,0.5089686098654709
04148,04,148,1916,579,0,579,313,266,0.30219206680584554,0.0,1.0,0.540587219343696,0.459412780656304
04149,04,149,1794,417,1,416,201,215,0.23244147157190637,0.002398081534772182,0.9976019184652278,0.48201438848920863,0.5155875299760192
04150,04,150,2103,558,1,557,270,287,0.2653352353780314,0.0017921146953405018,0.9982078853046595,0.4838709677419355,0.514336917562724
04151,04,151,1806,384,1,383,178,205,0.21262458471760798,0.0026041666666666665,0.9973958333333334,0.4635416666666667,0.5338541666666666
04152,04,152,2096,487,0,487,247,240,0.23234732824427481,0.0,1.0,0.5071868583162218,0.4928131416837782
04153,04,153,1429,330,0,330,160,170,0.23093072078376486,0.0,1.0,0.48484848484848486,0.5151515151515151
04154,04,154,1056,207,0,207,128,79,0.19602272727272727,0.0,1.0,0.6183574879227053,0.38164251207729466
04155,04,155,1461,249,0,249,131,118,0.1704312114989733,0.0,1.0,0.5261044176706827,0.4738955823293173
04156,04,156,1135,281,0,281,165,116,0.2475770925110132,0.0,1.0,0.5871886120996441,0.4128113879003559
04157,04,157,1518,278,0,278,146,132,0.1831357048748353,0.0,1.0,0.5251798561151079,0.4748201438848921
04158,04,158,1663,319,0,319,199,120,0.19182200841852073,0.0,1.0,0.6238244514106583,0.3761755485893417
04159,04,159,1788,381,0,381,186,195,0.21308724832214765,0.0,1.0,0.4881889763779528,0.5118110236220472
04160,04,160,1011,227,1,226,122,104,0.22453016815034618,0.004405286343612335,0.9955947136563876,0.5374449339207048,0.4581497797356828
04161,04,161,1907,425,0,425,217,208,0.2228631358154169,0.0,1.0,0.5105882352941177,0.4894117647058824
04162,04,162,1295,313,0,313,162,151,0.2416988416988417,0.0,1.0,0.5175718849840255,0.48242811501597443
04163,04,163,1862,437,1,436,208,228,0.23469387755102042,0.002288329519450801,0.9977116704805492,0.4759725400457666,0.5217391304347826
04164,04,164,1873,374,0,374,190,184,0.199679658302189,0.0,1.0,0.5080213903743316,0.4919786096256685
04165,04,165,1665,363,0,363,179,184,0.218018018018018,0.0,1.0,0.4931129476584022,0.5068870523415978
04166,04,166,1713,441,1,440,217,223,0.2574430823117338,0.0022675736961451248,0.9977324263038548,0.49206349206349204,0.5056689342403629
04167,04,167,1971,422,0,422,223,199,0.21410451547437848,0.0,1.0,0.5284360189573459,0.471563981042654
04168,04,168,2105,506,0,506,267,239,0.24038004750593825,0.0,1.0,0.5276679841897233,0.4723320158102767
04169,04,169,1671,424,0,424,236,188,0.2537402752842609,0.0,1.0,0.5566037735849056,0.44339622641509435
04170,04,170,1630,320,3,317,173,144,0.19631901840490798,0.009375,0.990625,0.540625,0.45
04171,04,171,874,263,1,262,198,64,0.3009153318077803,0.0038022813688212928,0.9961977186311787,0.752851711026616,0.24334600760456274
04172,04,172,2138,548,0,548,305,243,0.25631431244153413,0.0,1.0,0.5565693430656934,0.44343065693430656
04173,04,173,1781,394,0,394,244,150,0.22122403144300953,0.0,1.0,0.6192893401015228,0.38071065989847713
04174,04,174,1651,447,1,446,265,181,0.2707450030284676,0.0022371364653243847,0.9977628635346756,0.5928411633109619,0.40492170022371365
04175,04,175,1635,394,0,394,292,102,0.24097859327217125,0.0,1.0,0.7411167512690355,0.25888324873096447
04176,04,176,1693,527,1,526,351,175,0.3112817483756645,0.0018975332068311196,0.9981024667931688,0.6660341555977229,0.33206831119544594
04177,04,177,1550,465,1,464,304,160,0.3,0.002150537634408602,0.9978494623655914,0.6537634408602151,0.34408602150537637
04178,04,178,2033,521,0,521,337,184,0.2562715199212986,0.0,1.0,0.6468330134357005,0.3531669865642994
04179,04,179,1632,408,0,408,305,103,0.25,0.0,1.0,0.7475490196078431,0.25245098039215685
04180,04,180,1687,421,0,421,313,108,0.24955542382928275,0.0,1.0,0.7434679334916865,0.25653206650831356
04181,04,181,1645,371,0,371,255,116,0.225531914893617,0.0,1.0,0.6873315363881402,0.31266846361185985
04182,04,182,1559,424,0,424,284,140,0.27196921103271327,0.0,1.0,0.6698113207547169,0.330188679245283
04183,04,183,2155,518,3,515,287,228,0.24037122969837588,0.005791505791505791,0.9942084942084942,0.5540540540540541,0.44015444015444016
04184,04,184,2134,671,2,669,392,277,0.31443298969072164,0.0029806259314456036,0.9970193740685543,0.5842026825633383,0.4128166915052161
04185,04,185,1742,395,0,395,243,152,0.2267508610792193,0.0,1.0,0.6151898734177215,0.3848101265822785
04186,04,186,1694,455,1,454,262,192,0.26859504132231404,0.002197802197802198,0.9978021978021978,0.5758241758241758,0.421978021978022
04187,04,187,1648,437,0,437,274,163,0.2651699029126214,0.0,1.0,0.6270022883295194,0.37299771167048057
04188,04,188,1902,393,0,393,239,154,0.20662460567823343,0.0,1.0,0.6081424936386769,0.39185750636132316
04189,04,189,922,189,0,189,104,85,0.20498915401301518,0.0,1.0,0.5502645502645502,0.4497354497354497
04190,04,190,1543,375,1,374,237,137,0.24303305249513935,0.0026666666666666666,0.9973333333333333,0.632,0.36533333333333334
04191,04,191,1588,404,0,404,249,155,0.25440806045340053,0.0,1.0,0.6163366336633663,0.38366336633663367
04192,04,192,1394,324,0,324,193,131,0.23242467718794835,0.0,1.0,0.595679012345679,0.404320987654321
04193,04,193,1576,415,0,415,234,181,0.2633248730964467,0.0,1.0,0.563855421686747,0.43614457831325304
04194,04,194,1542,280,2,278,170,108,0.1815823605706874,0.007142857142857143,0.9928571428571429,0.6071428571428571,0.38571428571428573
04195,04,195,1511,416,0,416,248,168,0.2753143613500993,0.0,1.0,0.5961538461538461,0.40384615384615385
04196,04,196,1629,524,0,524,328,196,0.32166973603437693,0.0,1.0,0.6259541984732825,0.37404580152671757
04197,04,197,1601,415,2,413,225,188,0.25921299188007496,0.004819277108433735,0.9951807228915662,0.5421686746987951,0.4530120481927711
04198,04,198,1117,320,0,320,197,123,0.2864816472694718,0.0,1.0,0.615625,0.384375
04199,04,199,1323,316,0,316,189,127,0.23885109599395313,0.0,1.0,0.5981012658227848,0.40189873417721517
04200,04,200,1673,417,1,416,248,168,0.2492528392109982,0.002398081534772182,0.9976019184652278,0.5947242206235012,0.4028776978417266
04201,04,201,1921,472,0,472,253,219,0.245705361790734,0.0,1.0,0.5360169491525424,0.4639830508474576
04202,04,202,2029,563,2,561,290,271,0.27747658945293247,0.003552397868561279,0.9964476021314387,0.5150976909413855,0.48134991119005327
04203,04,203,1422,344,0,344,200,144,0.2419127988748242,0.0,1.0,0.5813953488372093,0.4186046511627907
04204,04,204,2028,608,1,607,330,277,0.29980276134122286,0.001644736842105263,0.9983552631578947,0.5427631578947368,0.4555921052631579
04205,04,205,1886,468,1,467,243,224,0.24814422057264052,0.002136752136752137,0.9978632478632479,0.5192307692307693,0.47863247863247865
04206,04,206,2078,534,2,532,302,230,0.2569778633301251,0.003745318352059925,0.9962546816479401,0.5655430711610487,0.4307116104868914
04207,04,207,1737,354,0,354,196,158,0.20379965457685664,0.0,1.0,0.5536723163841808,0.4463276836158192
04208,04,208,1955,579,2,577,311,266,0.2961636828644501,0.0034542314335060447,0.9965457685664939,0.5371329879101899,0.459412780656304
04209,04,209,1781,553,0,553,327,226,0.31049971925884334,0.0,1.0,0.5913200723327305,0.40867992766726946
04210,04,210,2084,721,2,719,384,335,0.3459692898272553,0.0027739251040221915,0.9972260748959778,0.5325936199722607,0.4646324549237171
04211,04,211,921,210,1,209,122,87,0.2280130293159609,0.004761904761904762,0.9952380952380953,0.580952380952381,0.4142857142857143
04212,04,212,1804,382,1,381,280,101,0.21175166297117518,0.002617801047120419,0.9973821989528796,0.7329842931937173,0.2643979057591623
04213,04,213,1822,482,0,482,289,193,0.2645444566410538,0.0,1.0,0.5995850622406639,0.4004149377593361
04214,04,214,918,223,1,222,119,103,0.2429193899782135,0.004484304932735426,0.9955156950672646,0.5336322869955157,0.4618834080717489
04215,04,215,1536,471,2,469,241,228,0.306640625,0.004246284501061571,0.9957537154989384,0.5116772823779193,0.4840764331210191
04216,04,216,1794,567,1,566,377,189,0.31605351170568563,0.001763668430335097,0.9982363315696648,0.6649029982363316,0.3333333333333333
04217,04,217,1636,521,3,518,312,206,0.3184596577017115,0.005758157389635317,0.9942418426103646,0.5988483685220729,0.39539347408829173
04218,04,218,1526,575,0,575,348,227,0.3768020969855832,0.0,1.0,0.6052173913043478,0.3947826086956522
04219,04,219,2207,599,0,599,364,235,0.2714091526959674,0.0,1.0,0.6076794657762938,0.39232053422370616
04220,04,220,1807,597,1,596,341,255,0.3303818483674599,0.0016750418760469012,0.998324958123953,0.5711892797319933,0.4271356783919598
04221,04,221,2150,638,2,636,340,296,0.29674418604651165,0.003134796238244514,0.9968652037617555,0.5329153605015674,0.46394984326018807
04222,04,222,1585,500,2,498,320,178,0.31545741324921134,0.004,0.996,0.64,0.356
04223,04,223,1551,375,0,375,231,144,0.24177949709864605,0.0,1.0,0.616,0.384
04224,04,224,1686,460,0,460,315,145,0.27283511269276395,0.0,1.0,0.6847826086956522,0.31521739130434784
04225,04,225,1561,481,0,481,310,171,0.30813581037796284,0.0,1.0,0.6444906444906445,0.35550935550935553
04226,04,226,1798,594,0,594,404,190,0.3303670745272525,0.0,1.0,0.6801346801346801,0.31986531986531985
04227,04,227,1659,539,0,539,339,200,0.32489451476793246,0.0,1.0,0.6289424860853432,0.37105751391465674
04228,04,228,1647,495,0,495,333,162,0.3005464480874317,0.0,1.0,0.6727272727272727,0.32727272727272727
04229,04,229,1602,430,0,430,261,169,0.26841448189762795,0.0,1.0,0.6069767441860465,0.3930232558139535
04230,04,230,1800,346,1,345,196,149,0.1922222222222222,0.002890173410404624,0.9971098265895953,0.5664739884393064,0.430635838150289
04231,04,231,1496,244,1,243,116,127,0.16310160427807488,0.004098360655737705,0.9959016393442623,0.47540983606557374,0.5204918032786885
051A,05,1A,0,379,0,379,259,120,inf,0.0,1.0,0.683377308707124,0.316622691292876
051B,05,1B,0,422,0,422,320,102,inf,0.0,1.0,0.7582938388625592,0.24170616113744076
051C,05,1C,0,488,0,488,330,158,inf,0.0,1.0,0.6762295081967213,0.3237704918032787
051D,05,1D,0,476,0,476,324,152,inf,0.0,1.0,0.680672268907563,0.31932773109243695
051E,05,1E,0,524,4,520,341,179,inf,0.007633587786259542,0.9923664122137404,0.6507633587786259,0.3416030534351145
051F,05,1F,0,406,1,405,268,137,inf,0.0024630541871921183,0.9975369458128078,0.6600985221674877,0.3374384236453202
051G,05,1G,0,489,0,489,335,154,inf,0.0,1.0,0.6850715746421268,0.3149284253578732
051H,05,1H,0,494,0,494,326,168,inf,0.0,1.0,0.659919028340081,0.340080971659919
051I,05,1I,0,514,1,513,347,166,inf,0.0019455252918287938,0.9980544747081712,0.6750972762645915,0.3229571984435798
051K,05,1K,0,518,2,516,369,147,inf,0.003861003861003861,0.9961389961389961,0.7123552123552124,0.28378378378378377
051L,05,1L,0,524,0,524,369,155,inf,0.0,1.0,0.7041984732824428,0.2958015267175573
051M,05,1M,0,489,1,488,360,128,inf,0.002044989775051125,0.9979550102249489,0.7361963190184049,0.261758691206544
051N,05,1N,0,505,0,505,360,145,inf,0.0,1.0,0.7128712871287128,0.2871287128712871
051O,05,1O,0,511,0,511,356,155,inf,0.0,1.0,0.6966731898238747,0.30332681017612523
051P,05,1P,0,568,2,566,404,162,inf,0.0035211267605633804,0.9964788732394366,0.7112676056338029,0.2852112676056338
051Q,05,1Q,0,495,1,494,370,124,inf,0.00202020202020202,0.997979797979798,0.7474747474747475,0.2505050505050505
051R,05,1R,0,491,0,491,354,137,inf,0.0,1.0,0.7209775967413442,0.2790224032586558
051S,05,1S,0,505,1,504,352,152,inf,0.0019801980198019802,0.998019801980198,0.697029702970297,0.300990099009901
051T,05,1T,0,502,1,501,376,125,inf,0.00199203187250996,0.99800796812749,0.749003984063745,0.24900398406374502
051U,05,1U,0,496,1,495,350,145,inf,0.0020161290322580645,0.9979838709677419,0.7056451612903226,0.2923387096774194
05101,05,101,865,223,1,222,160,62,0.25780346820809247,0.004484304932735426,0.9955156950672646,0.7174887892376681,0.27802690582959644
05102,05,102,1371,429,1,428,305,123,0.31291028446389496,0.002331002331002331,0.9976689976689976,0.710955710955711,0.2867132867132867
05103,05,103,908,177,0,177,104,73,0.1949339207048458,0.0,1.0,0.5875706214689266,0.4124293785310734
05104,05,104,1544,278,1,277,204,73,0.1800518134715026,0.0035971223021582736,0.9964028776978417,0.7338129496402878,0.26258992805755393
05105,05,105,1866,432,1,431,284,147,0.2315112540192926,0.0023148148148148147,0.9976851851851852,0.6574074074074074,0.3402777777777778
05106,05,106,2550,437,1,436,299,137,0.17137254901960786,0.002288329519450801,0.9977116704805492,0.6842105263157895,0.3135011441647597
05107,05,107,1910,640,2,638,448,190,0.33507853403141363,0.003125,0.996875,0.7,0.296875
05108,05,108,2410,507,0,507,348,159,0.2103734439834025,0.0,1.0,0.6863905325443787,0.3136094674556213
05109,05,109,1043,214,0,214,150,64,0.20517737296260785,0.0,1.0,0.7009345794392523,0.29906542056074764
05110,05,110,1187,148,0,148,112,36,0.12468407750631845,0.0,1.0,0.7567567567567568,0.24324324324324326
05111,05,111,956,177,0,177,112,65,0.18514644351464435,0.0,1.0,0.632768361581921,0.3672316384180791
05112,05,112,810,140,0,140,99,41,0.1728395061728395,0.0,1.0,0.7071428571428572,0.29285714285714287
05113,05,113,902,318,1,317,213,104,0.352549889135255,0.0031446540880503146,0.9968553459119497,0.6698113207547169,0.3270440251572327
05114,05,114,526,125,0,125,99,26,0.2376425855513308,0.0,1.0,0.792,0.208
05115,05,115,879,123,0,123,83,40,0.13993174061433447,0.0,1.0,0.6747967479674797,0.3252032520325203
05116,05,116,1839,351,0,351,260,91,0.19086460032626426,0.0,1.0,0.7407407407407407,0.25925925925925924
05117,05,117,1703,370,0,370,258,112,0.2172636523781562,0.0,1.0,0.6972972972972973,0.3027027027027027
05118,05,118,2009,407,0,407,299,108,0.2025883524141364,0.0,1.0,0.7346437346437347,0.26535626535626533
05119,05,119,2561,405,0,405,303,102,0.15814135103475205,0.0,1.0,0.7481481481481481,0.2518518518518518
05120,05,120,810,121,0,121,80,41,0.14938271604938272,0.0,1.0,0.6611570247933884,0.33884297520661155
05121,05,121,2079,366,1,365,252,113,0.17604617604617603,0.00273224043715847,0.9972677595628415,0.6885245901639344,0.3087431693989071
05122,05,122,1514,228,2,226,165,61,0.15059445178335534,0.008771929824561403,0.9912280701754386,0.7236842105263158,0.2675438596491228
05123,05,123,669,111,0,111,63,48,0.16591928251121077,0.0,1.0,0.5675675675675675,0.43243243243243246
05124,05,124,747,162,1,161,101,60,0.21686746987951808,0.006172839506172839,0.9938271604938271,0.6234567901234568,0.37037037037037035
05125,05,125,843,111,0,111,79,32,0.13167259786476868,0.0,1.0,0.7117117117117117,0.2882882882882883
05126,05,126,708,162,0,162,115,47,0.2288135593220339,0.0,1.0,0.7098765432098766,0.29012345679012347
05127,05,127,1454,204,0,204,151,53,0.14030261348005502,0.0,1.0,0.7401960784313726,0.25980392156862747
05128,05,128,1305,235,0,235,150,85,0.18007662835249041,0.0,1.0,0.6382978723404256,0.3617021276595745
05129,05,129,906,124,0,124,79,45,0.1368653421633554,0.0,1.0,0.6370967741935484,0.3629032258064516
05130,05,130,712,121,0,121,71,50,0.1699438202247191,0.0,1.0,0.5867768595041323,0.4132231404958678
05131,05,131,851,164,1,163,109,54,0.1927144535840188,0.006097560975609756,0.9939024390243902,0.6646341463414634,0.32926829268292684
05132,05,132,2047,442,1,441,296,145,0.2159257449926722,0.0022624434389140274,0.997737556561086,0.669683257918552,0.32805429864253394
05133,05,133,1541,314,0,314,191,123,0.20376378974691758,0.0,1.0,0.60828025477707,0.39171974522292996
05134,05,134,1630,479,0,479,321,158,0.29386503067484665,0.0,1.0,0.6701461377870563,0.3298538622129436
05135,05,135,2594,720,1,719,497,222,0.27756360832690824,0.001388888888888889,0.9986111111111111,0.6902777777777778,0.30833333333333335
05136,05,136,3167,829,2,827,517,310,0.261761919797916,0.0024125452352231603,0.9975874547647768,0.623642943305187,0.37394451145958985
05137,05,137,1838,403,1,402,309,93,0.2192600652883569,0.0024813895781637717,0.9975186104218362,0.7667493796526055,0.23076923076923078
05138,05,138,2092,410,1,409,281,128,0.1959847036328872,0.0024390243902439024,0.9975609756097561,0.6853658536585366,0.3121951219512195
05139,05,139,619,131,0,131,100,31,0.21163166397415187,0.0,1.0,0.7633587786259542,0.2366412213740458
05140,05,140,2862,541,0,541,398,143,0.18902865129280225,0.0,1.0,0.7356746765249538,0.2643253234750462
05141,05,141,2718,400,0,400,299,101,0.14716703458425312,0.0,1.0,0.7475,0.2525
05142,05,142,2312,338,2,336,230,106,0.14619377162629757,0.005917159763313609,0.9940828402366864,0.6804733727810651,0.3136094674556213
05143,05,143,1868,486,1,485,330,155,0.26017130620985013,0.00205761316872428,0.9979423868312757,0.6790123456790124,0.31893004115226337
05144,05,144,2625,396,1,395,265,130,0.15085714285714286,0.0025252525252525255,0.9974747474747475,0.6691919191919192,0.3282828282828283
05145,05,145,1647,284,2,282,209,73,0.172434729811779,0.007042253521126761,0.9929577464788732,0.7359154929577465,0.25704225352112675
05146,05,146,1574,268,1,267,202,65,0.17026683608640406,0.0037313432835820895,0.996268656716418,0.753731343283582,0.24253731343283583
05147,05,147,2146,505,1,504,302,202,0.2353215284249767,0.0019801980198019802,0.998019801980198,0.598019801980198,0.4
05148,05,148,2240,328,0,328,236,92,0.14642857142857144,0.0,1.0,0.7195121951219512,0.2804878048780488
05149,05,149,2546,547,1,546,410,136,0.21484681853888452,0.0018281535648994515,0.9981718464351006,0.7495429616087751,0.24862888482632542
05150,05,150,718,100,0,100,76,24,0.1392757660167131,0.0,1.0,0.76,0.24
05151,05,151,2393,472,2,470,345,125,0.19724195570413708,0.00423728813559322,0.9957627118644068,0.7309322033898306,0.2648305084745763
05152,05,152,1139,200,0,200,130,70,0.17559262510974538,0.0,1.0,0.65,0.35
05153,05,153,966,235,1,234,169,65,0.2432712215320911,0.00425531914893617,0.9957446808510638,0.7191489361702128,0.2765957446808511
05154,05,154,1889,536,1,535,365,170,0.2837480148226575,0.0018656716417910447,0.9981343283582089,0.6809701492537313,0.31716417910447764
05155,05,155,1803,505,0,505,367,138,0.28008874098724346,0.0,1.0,0.7267326732673267,0.2732673267326733
05156,05,156,1563,330,2,328,218,110,0.21113243761996162,0.006060606060606061,0.9939393939393939,0.6606060606060606,0.3333333333333333
05157,05,157,1714,317,1,316,193,123,0.18494749124854143,0.0031545741324921135,0.9968454258675079,0.6088328075709779,0.38801261829652994
05158,05,158,1603,304,1,303,206,97,0.18964441671865254,0.003289473684210526,0.9967105263157895,0.6776315789473685,0.3190789473684211
05159,05,159,979,221,0,221,166,55,0.2257405515832482,0.0,1.0,0.751131221719457,0.248868778280543
05160,05,160,1866,397,1,396,290,106,0.2127545551982851,0.0025188916876574307,0.9974811083123426,0.7304785894206549,0.26700251889168763
05161,05,161,2671,551,1,550,381,169,0.20628977910894797,0.0018148820326678765,0.9981851179673321,0.691470054446461,0.30671506352087113
05162,05,162,1609,273,1,272,188,84,0.16967060285891858,0.003663003663003663,0.9963369963369964,0.6886446886446886,0.3076923076923077
05163,05,163,2497,420,2,418,267,151,0.1682018422106528,0.004761904761904762,0.9952380952380953,0.6357142857142857,0.3595238095238095
05164,05,164,2214,410,0,410,254,156,0.18518518518518517,0.0,1.0,0.6195121951219512,0.3804878048780488
05165,05,165,1547,290,1,289,181,108,0.1874595992243051,0.0034482758620689655,0.996551724137931,0.6241379310344828,0.3724137931034483
05166,05,166,1361,220,0,220,130,90,0.16164584864070536,0.0,1.0,0.5909090909090909,0.4090909090909091
05167,05,167,1588,318,0,318,221,97,0.20025188916876574,0.0,1.0,0.6949685534591195,0.3050314465408805
05168,05,168,1947,459,0,459,295,164,0.2357473035439137,0.0,1.0,0.6427015250544662,0.3572984749455338
05169,05,169,2682,565,2,563,405,158,0.21066368381804623,0.0035398230088495575,0.9964601769911504,0.7168141592920354,0.27964601769911507
05170,05,170,1511,319,1,318,227,91,0.21111846459298478,0.003134796238244514,0.9968652037617555,0.7115987460815048,0.2852664576802508
05171,05,171,2664,259,1,258,181,77,0.09722222222222222,0.003861003861003861,0.9961389961389961,0.6988416988416989,0.2972972972972973
05172,05,172,2318,338,0,338,240,98,0.1458153580672994,0.0,1.0,0.7100591715976331,0.28994082840236685
05173,05,173,982,262,1,261,178,83,0.2668024439918534,0.003816793893129771,0.9961832061068703,0.6793893129770993,0.31679389312977096
05174,05,174,2470,621,0,621,426,195,0.25141700404858297,0.0,1.0,0.6859903381642513,0.3140096618357488
05175,05,175,1647,325,1,324,241,83,0.1973284760170006,0.003076923076923077,0.9969230769230769,0.7415384615384616,0.2553846153846154
05176,05,176,1528,371,0,371,286,85,0.24280104712041886,0.0,1.0,0.77088948787062,0.22911051212938005
05177,05,177,1541,297,1,296,221,75,0.1927319922128488,0.003367003367003367,0.9966329966329966,0.7441077441077442,0.25252525252525254
05178,05,178,1569,424,2,422,291,131,0.27023581899298915,0.0047169811320754715,0.9952830188679245,0.6863207547169812,0.3089622641509434
05179,05,179,734,123,0,123,101,22,0.167574931880109,0.0,1.0,0.8211382113821138,0.17886178861788618
05180,05,180,2051,474,0,474,293,181,0.2311067771818625,0.0,1.0,0.6181434599156118,0.3818565400843882
05181,05,181,1184,311,0,311,172,139,0.2626689189189189,0.0,1.0,0.5530546623794212,0.44694533762057875
05182,05,182,1080,276,0,276,177,99,0.25555555555555554,0.0,1.0,0.6413043478260869,0.358695652173913
05183,05,183,1829,272,0,272,231,41,0.1487151448879169,0.0,1.0,0.8492647058823529,0.15073529411764705
05184,05,184,1376,264,0,264,201,63,0.19186046511627908,0.0,1.0,0.7613636363636364,0.23863636363636365
05185,05,185,1836,446,0,446,320,126,0.2429193899782135,0.0,1.0,0.7174887892376681,0.2825112107623318
05186,05,186,2417,688,1,687,482,205,0.28465039304923456,0.0014534883720930232,0.998546511627907,0.7005813953488372,0.29796511627906974
05187,05,187,851,297,1,296,184,112,0.3490011750881316,0.003367003367003367,0.9966329966329966,0.6195286195286195,0.3771043771043771
05188,05,188,1951,634,1,633,436,197,0.3249615581752947,0.0015772870662460567,0.998422712933754,0.6876971608832808,0.3107255520504732
05189,05,189,2227,658,0,658,450,208,0.2954647507858105,0.0,1.0,0.6838905775075987,0.3161094224924012
05190,05,190,1947,680,0,680,410,270,0.3492552645095018,0.0,1.0,0.6029411764705882,0.39705882352941174
05191,05,191,1133,350,0,350,236,114,0.3089143865842895,0.0,1.0,0.6742857142857143,0.32571428571428573
05192,05,192,835,252,0,252,176,76,0.3017964071856287,0.0,1.0,0.6984126984126984,0.30158730158730157
05193,05,193,1046,383,0,383,247,136,0.36615678776290633,0.0,1.0,0.6449086161879896,0.35509138381201044
05194,05,194,935,323,0,323,208,115,0.34545454545454546,0.0,1.0,0.6439628482972136,0.3560371517027864
05195,05,195,1088,410,0,410,288,122,0.37683823529411764,0.0,1.0,0.7024390243902439,0.2975609756097561
05196,05,196,1176,401,0,401,290,111,0.34098639455782315,0.0,1.0,0.7231920199501247,0.27680798004987534
05197,05,197,1972,624,0,624,440,184,0.31643002028397565,0.0,1.0,0.7051282051282052,0.2948717948717949
05198,05,198,1853,614,0,614,426,188,0.33135456017269294,0.0,1.0,0.6938110749185668,0.30618892508143325
05199,05,199,2005,805,0,805,573,232,0.4014962593516209,0.0,1.0,0.7118012422360248,0.28819875776397513
061A,06,1A,0,515,12,503,349,154,inf,0.02330097087378641,0.9766990291262136,0.6776699029126214,0.29902912621359223
061B,06,1B,0,500,0,500,346,154,inf,0.0,1.0,0.692,0.308
061C,06,1C,0,603,1,602,419,183,inf,0.001658374792703151,0.9983416252072969,0.6948590381426202,0.3034825870646766
061D,06,1D,0,602,2,600,419,181,inf,0.0033222591362126247,0.9966777408637874,0.6960132890365448,0.30066445182724255
061E,06,1E,0,605,0,605,429,176,inf,0.0,1.0,0.7090909090909091,0.2909090909090909
061F,06,1F,0,608,1,607,441,166,inf,0.001644736842105263,0.9983552631578947,0.725328947368421,0.2730263157894737
061G,06,1G,0,607,0,607,433,174,inf,0.0,1.0,0.71334431630972,0.28665568369028005
061H,06,1H,0,602,0,602,434,168,inf,0.0,1.0,0.7209302325581395,0.27906976744186046
061J,06,1J,0,596,1,595,413,182,inf,0.0016778523489932886,0.9983221476510067,0.6929530201342282,0.3053691275167785
061K,06,1K,0,602,0,602,408,194,inf,0.0,1.0,0.6777408637873754,0.3222591362126246
061L,06,1L,0,606,1,605,431,174,inf,0.0016501650165016502,0.9983498349834984,0.7112211221122112,0.2871287128712871
061M,06,1M,0,594,1,593,410,183,inf,0.0016835016835016834,0.9983164983164983,0.6902356902356902,0.30808080808080807
061N,06,1N,0,615,6,609,406,203,inf,0.00975609756097561,0.9902439024390244,0.6601626016260163,0.3300813008130081
061O,06,1O,0,607,1,606,426,180,inf,0.0016474464579901153,0.9983525535420099,0.7018121911037891,0.29654036243822074
061P,06,1P,0,607,0,607,432,175,inf,0.0,1.0,0.7116968698517299,0.2883031301482702
061Q,06,1Q,0,613,0,613,434,179,inf,0.0,1.0,0.7079934747145188,0.29200652528548127
061R,06,1R,0,604,1,603,416,187,inf,0.0016556291390728477,0.9983443708609272,0.6887417218543046,0.30960264900662254
061S,06,1S,0,603,0,603,428,175,inf,0.0,1.0,0.7097844112769486,0.2902155887230514
061T,06,1T,0,607,2,605,430,175,inf,0.0032948929159802307,0.9967051070840197,0.7084019769357496,0.2883031301482702
061U,06,1U,0,612,0,612,427,185,inf,0.0,1.0,0.6977124183006536,0.3022875816993464
061V,06,1V,0,608,1,607,441,166,inf,0.001644736842105263,0.9983552631578947,0.725328947368421,0.2730263157894737
061W,06,1W,0,610,1,609,409,200,inf,0.001639344262295082,0.9983606557377049,0.6704918032786885,0.32786885245901637
061X,06,1X,0,600,0,600,407,193,inf,0.0,1.0,0.6783333333333333,0.32166666666666666
061Y,06,1Y,0,627,0,627,438,189,inf,0.0,1.0,0.6985645933014354,0.3014354066985646
061Z,06,1Z,0,604,4,600,408,192,inf,0.006622516556291391,0.9933774834437086,0.6754966887417219,0.31788079470198677
062A,06,2A,0,597,0,597,385,212,inf,0.0,1.0,0.644891122278057,0.35510887772194305
062B,06,2B,0,611,0,611,428,183,inf,0.0,1.0,0.7004909983633388,0.2995090016366612
062C,06,2C,0,609,0,609,435,174,inf,0.0,1.0,0.7142857142857143,0.2857142857142857
062D,06,2D,0,604,0,604,400,204,inf,0.0,1.0,0.6622516556291391,0.33774834437086093
062E,06,2E,0,603,1,602,439,163,inf,0.001658374792703151,0.9983416252072969,0.7280265339966833,0.2703150912106136
062F,06,2F,0,595,0,595,412,183,inf,0.0,1.0,0.692436974789916,0.30756302521008405
062G,06,2G,0,598,1,597,440,157,inf,0.0016722408026755853,0.9983277591973244,0.7357859531772575,0.2625418060200669
062H,06,2H,0,597,2,595,423,172,inf,0.0033500837520938024,0.9966499162479062,0.7085427135678392,0.288107202680067
062J,06,2J,0,600,2,598,416,182,inf,0.0033333333333333335,0.9966666666666667,0.6933333333333334,0.30333333333333334
062K,06,2K,0,607,5,602,437,165,inf,0.008237232289950576,0.9917627677100495,0.7199341021416804,0.27182866556836904
062L,06,2L,0,607,4,603,405,198,inf,0.006589785831960461,0.9934102141680395,0.6672158154859967,0.3261943986820428
062M,06,2M,0,586,0,586,403,183,inf,0.0,1.0,0.6877133105802048,0.3122866894197952
062N,06,2N,0,595,3,592,391,201,inf,0.005042016806722689,0.9949579831932773,0.6571428571428571,0.3378151260504202
062O,06,2O,0,609,1,608,428,180,inf,0.0016420361247947454,0.9983579638752053,0.7027914614121511,0.2955665024630542
06001,06,001,1825,635,3,632,430,202,0.34794520547945207,0.004724409448818898,0.9952755905511811,0.6771653543307087,0.31811023622047246
06002,06,002,2317,572,1,571,307,264,0.2468709538195943,0.0017482517482517483,0.9982517482517482,0.5367132867132867,0.46153846153846156
06003,06,003,2463,709,3,706,376,330,0.2878603329273244,0.004231311706629055,0.995768688293371,0.5303244005641748,0.46544428772919605
06004,06,004,1302,370,2,368,177,191,0.28417818740399386,0.005405405405405406,0.9945945945945946,0.4783783783783784,0.5162162162162162
06005,06,005,2129,545,2,543,322,221,0.2559887271019258,0.003669724770642202,0.9963302752293578,0.5908256880733945,0.4055045871559633
06006,06,006,1328,392,1,391,229,162,0.29518072289156627,0.002551020408163265,0.9974489795918368,0.5841836734693877,0.413265306122449
06007,06,007,2126,670,2,668,386,282,0.31514581373471307,0.0029850746268656717,0.9970149253731343,0.5761194029850746,0.4208955223880597
06008,06,008,1269,330,1,329,196,133,0.26004728132387706,0.0030303030303030303,0.996969696969697,0.593939393939394,0.403030303030303
06009,06,009,2339,649,3,646,403,243,0.2774690038477982,0.004622496147919877,0.9953775038520801,0.6209553158705701,0.37442218798151
06010,06,010,821,264,1,263,168,95,0.3215590742996346,0.003787878787878788,0.9962121212121212,0.6363636363636364,0.35984848484848486
06011,06,011,886,204,0,204,132,72,0.23024830699774265,0.0,1.0,0.6470588235294118,0.35294117647058826
06012,06,012,1113,323,1,322,160,162,0.29020664869721474,0.0030959752321981426,0.9969040247678018,0.4953560371517028,0.5015479876160991
06013,06,013,1900,530,1,529,290,239,0.2789473684210526,0.0018867924528301887,0.9981132075471698,0.5471698113207547,0.4509433962264151
06014,06,014,884,253,1,252,172,80,0.2861990950226244,0.003952569169960474,0.9960474308300395,0.6798418972332015,0.31620553359683795
06015,06,015,980,325,1,324,172,152,0.33163265306122447,0.003076923076923077,0.9969230769230769,0.5292307692307693,0.4676923076923077
06016,06,016,2080,594,0,594,384,210,0.28557692307692306,0.0,1.0,0.6464646464646465,0.35353535353535354
06017,06,017,1169,407,1,406,272,134,0.3481608212147134,0.002457002457002457,0.9975429975429976,0.6683046683046683,0.32923832923832924
06018,06,018,1194,327,1,326,175,151,0.27386934673366836,0.0030581039755351682,0.9969418960244648,0.5351681957186545,0.4617737003058104
06019,06,019,1340,444,2,442,280,162,0.33134328358208953,0.0045045045045045045,0.9954954954954955,0.6306306306306306,0.36486486486486486
06020,06,020,1280,484,0,484,296,188,0.378125,0.0,1.0,0.6115702479338843,0.3884297520661157
06021,06,021,2286,740,0,740,475,265,0.3237095363079615,0.0,1.0,0.6418918918918919,0.3581081081081081
06022,06,022,1108,346,0,346,175,171,0.31227436823104693,0.0,1.0,0.5057803468208093,0.49421965317919075
06023,06,023,1025,279,2,277,175,102,0.27219512195121953,0.007168458781362007,0.992831541218638,0.6272401433691757,0.3655913978494624
06024,06,024,1061,310,1,309,185,124,0.292177191328935,0.0032258064516129032,0.9967741935483871,0.5967741935483871,0.4
06025,06,025,1163,428,0,428,270,158,0.36801375752364573,0.0,1.0,0.6308411214953271,0.3691588785046729
06026,06,026,1955,478,3,475,325,150,0.2445012787723785,0.006276150627615063,0.9937238493723849,0.6799163179916318,0.3138075313807531
06027,06,027,2207,612,2,610,362,248,0.27729950158586314,0.0032679738562091504,0.9967320261437909,0.5915032679738562,0.40522875816993464
06028,06,028,1118,229,1,228,150,78,0.20483005366726298,0.004366812227074236,0.9956331877729258,0.6550218340611353,0.3406113537117904
06029,06,029,1248,288,0,288,174,114,0.23076923076923078,0.0,1.0,0.6041666666666666,0.3958333333333333
06030,06,030,1282,340,1,339,207,132,0.26521060842433697,0.0029411764705882353,0.9970588235294118,0.6088235294117647,0.38823529411764707
06031,06,031,2280,762,3,759,474,285,0.33421052631578946,0.003937007874015748,0.9960629921259843,0.6220472440944882,0.37401574803149606
06032,06,032,1991,525,1,524,316,208,0.2636865896534405,0.0019047619047619048,0.9980952380952381,0.6019047619047619,0.3961904761904762
06033,06,033,1842,415,1,414,253,161,0.2252985884907709,0.0024096385542168677,0.9975903614457832,0.6096385542168675,0.38795180722891565
06034,06,034,2212,685,1,684,471,213,0.3096745027124774,0.00145985401459854,0.9985401459854014,0.6875912408759124,0.310948905109489
06035,06,035,2337,597,2,595,352,243,0.2554557124518614,0.0033500837520938024,0.9966499162479062,0.5896147403685092,0.40703517587939697
06036,06,036,2269,769,2,767,441,326,0.3389158219479947,0.002600780234070221,0.9973992197659298,0.5734720416124838,0.42392717815344605
06037,06,037,2174,643,0,643,401,242,0.2957681692732291,0.0,1.0,0.6236391912908242,0.37636080870917576
06038,06,038,894,286,0,286,184,102,0.319910514541387,0.0,1.0,0.6433566433566433,0.35664335664335667
06039,06,039,1127,270,0,270,179,91,0.23957409050576753,0.0,1.0,0.662962962962963,0.337037037037037
06040,06,040,1081,272,1,271,139,132,0.25161887141535616,0.003676470588235294,0.9963235294117647,0.5110294117647058,0.4852941176470588
06041,06,041,915,288,1,287,193,94,0.31475409836065577,0.003472222222222222,0.9965277777777778,0.6701388888888888,0.3263888888888889
06042,06,042,2496,846,0,846,504,342,0.3389423076923077,0.0,1.0,0.5957446808510638,0.40425531914893614
06043,06,043,2261,763,1,762,483,279,0.33746130030959753,0.001310615989515072,0.9986893840104849,0.6330275229357798,0.3656618610747051
06044,06,044,958,349,0,349,206,143,0.36430062630480164,0.0,1.0,0.5902578796561605,0.40974212034383956
06045,06,045,1015,381,1,380,251,129,0.3753694581280788,0.0026246719160104987,0.9973753280839895,0.6587926509186351,0.33858267716535434
06046,06,046,1115,402,2,400,240,160,0.36053811659192825,0.004975124378109453,0.9950248756218906,0.5970149253731343,0.39800995024875624
06047,06,047,2357,796,0,796,513,283,0.33771743742044974,0.0,1.0,0.6444723618090452,0.3555276381909548
06048,06,048,1106,323,0,323,218,105,0.29204339963833637,0.0,1.0,0.6749226006191951,0.32507739938080493
06049,06,049,2549,909,1,908,564,344,0.3566104354648882,0.0011001100110011,0.9988998899889989,0.6204620462046204,0.37843784378437845
06050,06,050,1162,419,0,419,284,135,0.36058519793459554,0.0,1.0,0.6778042959427207,0.3221957040572792
06051,06,051,1928,689,0,689,466,223,0.3573651452282158,0.0,1.0,0.6763425253991292,0.32365747460087085
06052,06,052,953,356,0,356,239,117,0.37355718782791186,0.0,1.0,0.6713483146067416,0.32865168539325845
06053,06,053,1293,473,1,472,329,143,0.365815931941222,0.0021141649048625794,0.9978858350951374,0.6955602536997886,0.3023255813953488
06054,06,054,2491,727,1,726,478,248,0.2918506623845845,0.001375515818431912,0.9986244841815681,0.657496561210454,0.34112792297111416
06055,06,055,1259,369,0,369,260,109,0.2930897537728356,0.0,1.0,0.7046070460704607,0.2953929539295393
06056,06,056,1191,284,0,284,203,81,0.23845507976490343,0.0,1.0,0.7147887323943662,0.2852112676056338
06057,06,057,2486,800,1,799,544,255,0.32180209171359614,0.00125,0.99875,0.68,0.31875
06058,06,058,2328,645,1,644,436,208,0.2770618556701031,0.0015503875968992248,0.9984496124031008,0.6759689922480621,0.32248062015503876
06059,06,059,2273,726,0,726,482,244,0.31940167179938406,0.0,1.0,0.6639118457300276,0.33608815426997246
06060,06,060,2101,649,1,648,421,227,0.3089005235602094,0.0015408320493066256,0.9984591679506933,0.6486902927580893,0.349768875192604
06061,06,061,2207,587,1,586,391,195,0.2659719075668328,0.0017035775127768314,0.9982964224872232,0.666098807495741,0.3321976149914821
06062,06,062,1037,330,0,330,242,88,0.31822565091610416,0.0,1.0,0.7333333333333333,0.26666666666666666
06063,06,063,2511,853,3,850,539,311,0.339705296694544,0.0035169988276670576,0.9964830011723329,0.6318874560375146,0.3645955451348183
06064,06,064,1134,240,1,239,173,66,0.21164021164021163,0.004166666666666667,0.9958333333333333,0.7208333333333333,0.275
06065,06,065,2225,546,1,545,380,165,0.2453932584269663,0.0018315018315018315,0.9981684981684982,0.6959706959706959,0.3021978021978022
06066,06,066,2182,497,1,496,361,135,0.22777268560953254,0.002012072434607646,0.9979879275653923,0.7263581488933601,0.2716297786720322
06067,06,067,954,313,0,313,202,111,0.3280922431865828,0.0,1.0,0.645367412140575,0.3546325878594249
06068,06,068,2475,868,0,868,566,302,0.3507070707070707,0.0,1.0,0.652073732718894,0.347926267281106
06069,06,069,2082,751,1,750,525,225,0.3607108549471662,0.0013315579227696406,0.9986684420772304,0.6990679094540613,0.2996005326231691
06070,06,070,1218,451,0,451,338,113,0.3702791461412151,0.0,1.0,0.7494456762749445,0.25055432372505543
06071,06,071,1158,331,0,331,253,78,0.2858376511226252,0.0,1.0,0.7643504531722054,0.23564954682779457
06072,06,072,2222,714,0,714,512,202,0.3213321332133213,0.0,1.0,0.7170868347338936,0.28291316526610644
06073,06,073,2845,716,0,716,531,185,0.2516695957820738,0.0,1.0,0.7416201117318436,0.25837988826815644
06074,06,074,1759,369,1,368,265,103,0.20977828311540647,0.0027100271002710027,0.997289972899729,0.7181571815718157,0.2791327913279133
06075,06,075,1736,476,2,474,323,151,0.27419354838709675,0.004201680672268907,0.9957983193277311,0.6785714285714286,0.3172268907563025
06076,06,076,1018,227,0,227,151,76,0.22298624754420432,0.0,1.0,0.6651982378854625,0.33480176211453744
06077,06,077,1236,286,1,285,196,89,0.2313915857605178,0.0034965034965034965,0.9965034965034965,0.6853146853146853,0.3111888111888112
06078,06,078,2215,621,1,620,410,210,0.28036117381489845,0.001610305958132045,0.998389694041868,0.6602254428341385,0.33816425120772947
06079,06,079,2011,595,1,594,372,222,0.2958727001491795,0.0016806722689075631,0.9983193277310924,0.6252100840336134,0.373109243697479
06080,06,080,1194,446,0,446,307,139,0.37353433835845895,0.0,1.0,0.6883408071748879,0.3116591928251121
06081,06,081,1220,318,0,318,215,103,0.260655737704918,0.0,1.0,0.6761006289308176,0.3238993710691824
06082,06,082,2250,503,0,503,358,145,0.22355555555555556,0.0,1.0,0.7117296222664016,0.2882703777335984
06083,06,083,1173,324,0,324,237,87,0.27621483375959077,0.0,1.0,0.7314814814814815,0.26851851851851855
06084,06,084,1183,380,0,380,261,119,0.32121724429416737,0.0,1.0,0.6868421052631579,0.3131578947368421
06085,06,085,1154,393,1,392,275,117,0.34055459272097055,0.002544529262086514,0.9974554707379135,0.6997455470737913,0.29770992366412213
06086,06,086,2453,508,0,508,349,159,0.20709335507541785,0.0,1.0,0.687007874015748,0.31299212598425197
06087,06,087,982,251,0,251,180,71,0.2556008146639511,0.0,1.0,0.7171314741035857,0.28286852589641437
06088,06,088,1323,304,2,302,196,106,0.22978080120937264,0.006578947368421052,0.993421052631579,0.6447368421052632,0.34868421052631576
06089,06,089,1014,256,0,256,190,66,0.252465483234714,0.0,1.0,0.7421875,0.2578125
06090,06,090,2091,483,1,482,358,124,0.2309899569583931,0.002070393374741201,0.9979296066252588,0.7412008281573499,0.2567287784679089
06091,06,091,1070,349,0,349,254,95,0.32616822429906545,0.0,1.0,0.7277936962750716,0.2722063037249284
06092,06,092,1053,337,0,337,217,120,0.3200379867046534,0.0,1.0,0.6439169139465876,0.3560830860534125
06093,06,093,1033,328,0,328,229,99,0.31752178121974833,0.0,1.0,0.698170731707317,0.3018292682926829
06094,06,094,957,186,0,186,133,53,0.19435736677115986,0.0,1.0,0.7150537634408602,0.2849462365591398
06095,06,095,1025,403,2,401,264,137,0.3931707317073171,0.004962779156327543,0.9950372208436724,0.6550868486352357,0.3399503722084367
06096,06,096,1839,541,2,539,369,170,0.2941816204458945,0.0036968576709796672,0.9963031423290203,0.6820702402957486,0.3142329020332717
06097,06,097,2619,811,1,810,503,307,0.30966017563955706,0.0012330456226880395,0.998766954377312,0.6202219482120839,0.3785450061652281
06098,06,098,1182,382,2,380,248,132,0.32318104906937395,0.005235602094240838,0.9947643979057592,0.6492146596858639,0.34554973821989526
06099,06,099,1477,424,1,423,262,161,0.2870683818551117,0.0023584905660377358,0.9976415094339622,0.6179245283018868,0.37971698113207547
06100,06,100,1053,419,1,418,233,185,0.39791073124406456,0.002386634844868735,0.9976133651551312,0.5560859188544153,0.441527446300716
06101,06,101,2439,800,1,799,502,297,0.3280032800328003,0.00125,0.99875,0.6275,0.37125
06102,06,102,2506,797,0,797,601,196,0.3180367118914605,0.0,1.0,0.7540777917189461,0.24592220828105396
06103,06,103,1116,391,1,390,275,115,0.3503584229390681,0.0025575447570332483,0.9974424552429667,0.7033248081841432,0.29411764705882354
06104,06,104,1211,462,0,462,337,125,0.3815028901734104,0.0,1.0,0.7294372294372294,0.27056277056277056
06105,06,105,2405,904,2,902,538,364,0.3758835758835759,0.0022123893805309734,0.9977876106194691,0.5951327433628318,0.4026548672566372
06106,06,106,2202,812,0,812,579,233,0.368755676657584,0.0,1.0,0.7130541871921182,0.2869458128078818
06107,06,107,1748,578,1,577,414,163,0.3306636155606407,0.0017301038062283738,0.9982698961937716,0.7162629757785467,0.2820069204152249
06108,06,108,2458,745,1,744,475,269,0.3030919446704638,0.0013422818791946308,0.9986577181208054,0.6375838926174496,0.3610738255033557
06109,06,109,2211,742,0,742,484,258,0.3355947535052013,0.0,1.0,0.6522911051212938,0.3477088948787062
06110,06,110,2541,656,1,655,439,216,0.2581660763478945,0.001524390243902439,0.9984756097560976,0.6692073170731707,0.32926829268292684
06111,06,111,1992,593,0,593,373,220,0.2976907630522088,0.0,1.0,0.6290050590219224,0.37099494097807756
06112,06,112,2310,776,0,776,509,267,0.3359307359307359,0.0,1.0,0.6559278350515464,0.3440721649484536
06113,06,113,1994,716,0,716,496,220,0.35907723169508526,0.0,1.0,0.6927374301675978,0.30726256983240224
06114,06,114,2082,647,0,647,444,203,0.31075888568683957,0.0,1.0,0.6862442040185471,0.31375579598145287
06115,06,115,2272,712,0,712,530,182,0.31338028169014087,0.0,1.0,0.7443820224719101,0.2556179775280899
06116,06,116,2376,664,2,662,432,230,0.27946127946127947,0.0030120481927710845,0.9969879518072289,0.6506024096385542,0.3463855421686747
06117,06,117,2170,728,1,727,476,251,0.33548387096774196,0.0013736263736263737,0.9986263736263736,0.6538461538461539,0.3447802197802198
06118,06,118,2266,747,1,746,501,245,0.3296557811120918,0.0013386880856760374,0.998661311914324,0.6706827309236948,0.3279785809906292
06119,06,119,2144,808,1,807,550,257,0.376865671641791,0.0012376237623762376,0.9987623762376238,0.6806930693069307,0.3180693069306931
06120,06,120,1000,361,1,360,204,156,0.361,0.002770083102493075,0.997229916897507,0.5650969529085873,0.43213296398891965
06121,06,121,2017,705,0,705,466,239,0.34952900347050075,0.0,1.0,0.6609929078014184,0.33900709219858155
06122,06,122,2050,699,3,696,469,227,0.3409756097560976,0.004291845493562232,0.9957081545064378,0.670958512160229,0.32474964234620884
06123,06,123,1901,650,0,650,358,292,0.34192530247238295,0.0,1.0,0.5507692307692308,0.4492307692307692
06124,06,124,2215,822,0,822,586,236,0.3711060948081264,0.0,1.0,0.7128953771289538,0.2871046228710462
06125,06,125,771,257,2,255,151,104,0.3333333333333333,0.007782101167315175,0.9922178988326849,0.5875486381322957,0.4046692607003891
06126,06,126,973,367,1,366,241,125,0.3771839671120247,0.0027247956403269754,0.997275204359673,0.6566757493188011,0.3405994550408719
06127,06,127,1115,350,0,350,224,126,0.31390134529147984,0.0,1.0,0.64,0.36
06128,06,128,1162,458,0,458,322,136,0.39414802065404475,0.0,1.0,0.7030567685589519,0.29694323144104806
071A,07,1A,0,624,0,624,372,252,inf,0.0,1.0,0.5961538461538461,0.40384615384615385
071B,07,1B,0,632,2,630,406,224,inf,0.0031645569620253164,0.9968354430379747,0.6424050632911392,0.35443037974683544
071C,07,1C,0,633,0,633,412,221,inf,0.0,1.0,0.65086887835703,0.34913112164297
071D,07,1D,0,640,2,638,416,222,inf,0.003125,0.996875,0.65,0.346875
071E,07,1E,0,638,2,636,380,256,inf,0.003134796238244514,0.9968652037617555,0.5956112852664577,0.4012539184952978
071F,07,1F,0,626,2,624,408,216,inf,0.003194888178913738,0.9968051118210862,0.6517571884984026,0.3450479233226837
071G,07,1G,0,640,0,640,392,248,inf,0.0,1.0,0.6125,0.3875
071H,07,1H,0,620,2,618,384,234,inf,0.0032258064516129032,0.9967741935483871,0.6193548387096774,0.3774193548387097
071J,07,1J,0,631,1,630,402,228,inf,0.001584786053882726,0.9984152139461173,0.6370839936608558,0.3613312202852615
071K,07,1K,0,650,6,644,419,225,inf,0.009230769230769232,0.9907692307692307,0.6446153846153846,0.34615384615384615
071L,07,1L,0,622,3,619,362,257,inf,0.00482315112540193,0.9951768488745981,0.5819935691318328,0.41318327974276525
071M,07,1M,0,627,0,627,388,239,inf,0.0,1.0,0.6188197767145136,0.38118022328548645
071N,07,1N,0,631,1,630,406,224,inf,0.001584786053882726,0.9984152139461173,0.6434231378763867,0.3549920760697306
071O,07,1O,0,638,2,636,390,246,inf,0.003134796238244514,0.9968652037617555,0.6112852664576802,0.38557993730407525
071P,07,1P,0,636,0,636,380,256,inf,0.0,1.0,0.5974842767295597,0.4025157232704403
071R,07,1R,0,636,0,636,389,247,inf,0.0,1.0,0.6116352201257862,0.38836477987421386
071S,07,1S,0,637,0,637,425,212,inf,0.0,1.0,0.6671899529042387,0.3328100470957614
071T,07,1T,0,641,1,640,428,212,inf,0.0015600624024961,0.9984399375975039,0.6677067082683308,0.33073322932917315
071U,07,1U,0,640,0,640,408,232,inf,0.0,1.0,0.6375,0.3625
071V,07,1V,0,579,2,577,375,202,inf,0.0034542314335060447,0.9965457685664939,0.6476683937823834,0.3488773747841105
071W,07,1W,0,630,2,628,425,203,inf,0.0031746031746031746,0.9968253968253968,0.6746031746031746,0.32222222222222224
071X,07,1X,0,632,1,631,386,245,inf,0.0015822784810126582,0.9984177215189873,0.6107594936708861,0.3876582278481013
071Y,07,1Y,0,635,0,635,382,253,inf,0.0,1.0,0.6015748031496063,0.3984251968503937
071Z,07,1Z,0,643,0,643,416,227,inf,0.0,1.0,0.6469673405909798,0.35303265940902023
072A,07,2A,0,637,0,637,377,260,inf,0.0,1.0,0.5918367346938775,0.40816326530612246
072B,07,2B,0,639,0,639,408,231,inf,0.0,1.0,0.6384976525821596,0.3615023474178404
072C,07,2C,0,651,9,642,417,225,inf,0.013824884792626729,0.9861751152073732,0.6405529953917051,0.3456221198156682
072D,07,2D,0,637,0,637,415,222,inf,0.0,1.0,0.6514913657770801,0.34850863422291994
072E,07,2E,0,627,3,624,420,204,inf,0.004784688995215311,0.9952153110047847,0.6698564593301436,0.3253588516746411
072F,07,2F,0,624,0,624,393,231,inf,0.0,1.0,0.6298076923076923,0.3701923076923077
07899,07,899,1164,488,1,487,325,162,0.41924398625429554,0.0020491803278688526,0.9979508196721312,0.6659836065573771,0.3319672131147541
07900,07,900,2222,367,1,366,212,154,0.16516651665166518,0.0027247956403269754,0.997275204359673,0.5776566757493188,0.4196185286103542
07901,07,901,3528,691,1,690,295,395,0.19586167800453513,0.001447178002894356,0.9985528219971056,0.426917510853835,0.5716353111432706
07902,07,902,3300,774,1,773,399,374,0.23454545454545456,0.0012919896640826874,0.9987080103359173,0.5155038759689923,0.48320413436692505
07903,07,903,3209,560,0,560,247,313,0.17450919289498287,0.0,1.0,0.44107142857142856,0.5589285714285714
07904,07,904,1127,150,0,150,69,81,0.13309671694764863,0.0,1.0,0.46,0.54
07905,07,905,2038,567,0,567,237,330,0.27821393523061827,0.0,1.0,0.41798941798941797,0.582010582010582
07906,07,906,3173,906,3,903,504,399,0.285534194768358,0.0033112582781456954,0.9966887417218543,0.5562913907284768,0.44039735099337746
07907,07,907,3268,1002,3,999,510,489,0.30660954712362304,0.0029940119760479044,0.9970059880239521,0.5089820359281437,0.4880239520958084
07908,07,908,3388,805,1,804,315,489,0.23760330578512398,0.0012422360248447205,0.9987577639751553,0.391304347826087,0.6074534161490683
07910,07,910,1071,266,0,266,109,157,0.24836601307189543,0.0,1.0,0.40977443609022557,0.5902255639097744
07911,07,911,1195,205,0,205,78,127,0.17154811715481172,0.0,1.0,0.3804878048780488,0.6195121951219512
07912,07,912,1196,288,0,288,153,135,0.2408026755852843,0.0,1.0,0.53125,0.46875
07913,07,913,3315,939,2,937,486,451,0.2832579185520362,0.002129925452609159,0.9978700745473909,0.5175718849840255,0.4802981895633653
07914,07,914,2350,651,3,648,345,303,0.27702127659574466,0.004608294930875576,0.9953917050691244,0.5299539170506913,0.46543778801843316
07915,07,915,2367,634,1,633,299,334,0.2678495986480777,0.0015772870662460567,0.998422712933754,0.471608832807571,0.526813880126183
07916,07,916,2531,640,1,639,251,388,0.25286448044251286,0.0015625,0.9984375,0.3921875,0.60625
07917,07,917,2410,481,0,481,169,312,0.1995850622406639,0.0,1.0,0.35135135135135137,0.6486486486486487
07918,07,918,2232,564,0,564,183,381,0.25268817204301075,0.0,1.0,0.324468085106383,0.675531914893617
07919,07,919,2256,626,2,624,208,416,0.2774822695035461,0.003194888178913738,0.9968051118210862,0.33226837060702874,0.6645367412140575
07920,07,920,2173,506,1,505,187,318,0.23285780027611597,0.001976284584980237,0.9980237154150198,0.3695652173913043,0.6284584980237155
07921,07,921,2083,433,0,433,192,241,0.20787325972155546,0.0,1.0,0.44341801385681295,0.5565819861431871
07922,07,922,2194,527,0,527,296,231,0.24020054694621695,0.0,1.0,0.5616698292220114,0.43833017077798864
07923,07,923,1055,261,0,261,138,123,0.24739336492890995,0.0,1.0,0.5287356321839081,0.47126436781609193
07924,07,924,1131,246,1,245,96,149,0.21750663129973474,0.0040650406504065045,0.9959349593495935,0.3902439024390244,0.6056910569105691
07925,07,925,1274,413,0,413,173,240,0.3241758241758242,0.0,1.0,0.4188861985472155,0.5811138014527845
07926,07,926,2422,563,0,563,181,382,0.2324525185796862,0.0,1.0,0.32149200710479575,0.6785079928952042
07927,07,927,3487,1116,0,1116,532,584,0.32004588471465445,0.0,1.0,0.4767025089605735,0.5232974910394266
07928,07,928,3512,1230,3,1227,615,612,0.35022779043280183,0.0024390243902439024,0.9975609756097561,0.5,0.4975609756097561
07929,07,929,3752,950,4,946,478,468,0.2531982942430704,0.004210526315789474,0.9957894736842106,0.5031578947368421,0.4926315789473684
07930,07,930,1283,235,1,234,112,122,0.18316445830085737,0.00425531914893617,0.9957446808510638,0.4765957446808511,0.5191489361702127
07931,07,931,2435,579,0,579,300,279,0.237782340862423,0.0,1.0,0.5181347150259067,0.48186528497409326
07932,07,932,2561,699,1,698,364,334,0.27294025771183134,0.001430615164520744,0.9985693848354793,0.5207439198855508,0.47782546494992845
07933,07,933,2223,695,0,695,353,342,0.31264057579847054,0.0,1.0,0.5079136690647482,0.4920863309352518
07934,07,934,3601,1216,1,1215,608,607,0.33768397667314637,0.0008223684210526315,0.9991776315789473,0.5,0.49917763157894735
07935,07,935,3388,985,1,984,486,498,0.2907319952774498,0.0010152284263959391,0.9989847715736041,0.4934010152284264,0.5055837563451777
07936,07,936,3343,961,1,960,494,466,0.28746634759198325,0.001040582726326743,0.9989594172736732,0.514047866805411,0.48491155046826223
07937,07,937,1967,410,4,406,253,153,0.20843924758515506,0.00975609756097561,0.9902439024390244,0.6170731707317073,0.37317073170731707
07938,07,938,2227,712,1,711,385,326,0.3197126178715761,0.0014044943820224719,0.9985955056179775,0.5407303370786517,0.45786516853932585
07939,07,939,2237,552,1,551,365,186,0.24675905230219045,0.0018115942028985507,0.9981884057971014,0.6612318840579711,0.33695652173913043
07940,07,940,2053,677,1,676,391,285,0.3297613248904043,0.0014771048744460858,0.9985228951255539,0.5775480059084195,0.42097488921713444
07941,07,941,2631,663,0,663,433,230,0.2519954389965792,0.0,1.0,0.6530920060331825,0.3469079939668175
07942,07,942,1023,181,0,181,109,72,0.176930596285435,0.0,1.0,0.6022099447513812,0.39779005524861877
07943,07,943,2545,541,0,541,342,199,0.212573673870334,0.0,1.0,0.6321626617375231,0.3678373382624769
07944,07,944,2351,483,0,483,298,185,0.20544449170565718,0.0,1.0,0.6169772256728778,0.3830227743271222
07945,07,945,2417,676,3,673,400,273,0.27968556061232935,0.004437869822485207,0.9955621301775148,0.591715976331361,0.40384615384615385
07946,07,946,3414,701,0,701,427,274,0.2053309900410076,0.0,1.0,0.609129814550642,0.3908701854493581
07947,07,947,1325,337,2,335,210,125,0.25433962264150944,0.005934718100890208,0.9940652818991098,0.6231454005934718,0.37091988130563797
07948,07,948,2339,314,0,314,220,94,0.13424540401881147,0.0,1.0,0.7006369426751592,0.29936305732484075
07949,07,949,1119,272,0,272,136,136,0.24307417336907952,0.0,1.0,0.5,0.5
07950,07,950,1412,216,0,216,130,86,0.1529745042492918,0.0,1.0,0.6018518518518519,0.39814814814814814
07951,07,951,3592,803,1,802,541,261,0.2235523385300668,0.0012453300124533001,0.9987546699875467,0.6737235367372354,0.32503113325031135
07952,07,952,2337,583,0,583,418,165,0.24946512623020967,0.0,1.0,0.7169811320754716,0.2830188679245283
07953,07,953,3493,909,2,907,522,385,0.26023475522473516,0.0022002200220022,0.9977997799779978,0.5742574257425742,0.4235423542354235
07954,07,954,1164,319,0,319,158,161,0.27405498281786944,0.0,1.0,0.4952978056426332,0.5047021943573667
07955,07,955,2213,483,0,483,267,216,0.21825576140985087,0.0,1.0,0.5527950310559007,0.4472049689440994
07956,07,956,2335,527,1,526,292,234,0.22569593147751607,0.0018975332068311196,0.9981024667931688,0.5540796963946869,0.444022770398482
07957,07,957,3126,678,2,676,464,212,0.21689059500959693,0.0029498525073746312,0.9970501474926253,0.6843657817109144,0.31268436578171094
07958,07,958,2335,573,1,572,401,171,0.24539614561027837,0.0017452006980802793,0.9982547993019197,0.699825479930192,0.29842931937172773
07959,07,959,2157,483,1,482,322,160,0.2239221140472879,0.002070393374741201,0.9979296066252588,0.6666666666666666,0.33126293995859213
07960,07,960,2290,474,1,473,321,152,0.20698689956331878,0.002109704641350211,0.9978902953586498,0.6772151898734177,0.3206751054852321
07961,07,961,2189,609,0,609,438,171,0.27820922795797165,0.0,1.0,0.7192118226600985,0.28078817733990147
07962,07,962,2078,453,1,452,297,155,0.2179980750721848,0.002207505518763797,0.9977924944812362,0.6556291390728477,0.34216335540838855
07963,07,963,2128,344,0,344,256,88,0.16165413533834586,0.0,1.0,0.7441860465116279,0.2558139534883721
07964,07,964,2319,447,1,446,328,118,0.1927554980595084,0.0022371364653243847,0.9977628635346756,0.7337807606263982,0.2639821029082774
07965,07,965,2483,557,0,557,405,152,0.2243254128070882,0.0,1.0,0.7271095152603232,0.27289048473967686
07966,07,966,2579,561,0,561,386,175,0.21752617293524623,0.0,1.0,0.6880570409982175,0.31194295900178254
07967,07,967,2640,618,0,618,400,218,0.2340909090909091,0.0,1.0,0.6472491909385113,0.35275080906148865
07968,07,968,2285,674,0,674,475,199,0.2949671772428884,0.0,1.0,0.7047477744807121,0.2952522255192878
07969,07,969,1158,268,0,268,167,101,0.231433506044905,0.0,1.0,0.6231343283582089,0.376865671641791
07970,07,970,2295,679,0,679,514,165,0.29586056644880177,0.0,1.0,0.7569955817378498,0.24300441826215022
07971,07,971,2499,734,1,733,566,167,0.29371748699479794,0.0013623978201634877,0.9986376021798365,0.771117166212534,0.22752043596730245
07972,07,972,2429,819,1,818,600,218,0.3371757925072046,0.001221001221001221,0.9987789987789988,0.7326007326007326,0.2661782661782662
07973,07,973,3362,915,0,915,673,242,0.2721594289113623,0.0,1.0,0.7355191256830601,0.2644808743169399
07974,07,974,2451,760,2,758,557,201,0.31007751937984496,0.002631578947368421,0.9973684210526316,0.7328947368421053,0.2644736842105263
07975,07,975,1876,399,1,398,310,88,0.2126865671641791,0.002506265664160401,0.9974937343358395,0.7769423558897243,0.22055137844611528
07976,07,976,1789,293,0,293,227,66,0.16377864728898825,0.0,1.0,0.7747440273037542,0.22525597269624573
07977,07,977,2993,580,0,580,448,132,0.19378549949883062,0.0,1.0,0.7724137931034483,0.22758620689655173
07978,07,978,1914,421,1,420,311,109,0.2199582027168234,0.0023752969121140144,0.997624703087886,0.7387173396674585,0.2589073634204275
07979,07,979,2369,509,2,507,395,112,0.2148585901224145,0.003929273084479371,0.9960707269155207,0.7760314341846758,0.2200392927308448
07980,07,980,2463,576,0,576,413,163,0.23386114494518878,0.0,1.0,0.7170138888888888,0.2829861111111111
07981,07,981,2718,885,1,884,656,228,0.32560706401766004,0.0011299435028248588,0.9988700564971752,0.7412429378531074,0.2576271186440678
07982,07,982,1055,326,0,326,251,75,0.3090047393364929,0.0,1.0,0.7699386503067485,0.23006134969325154
07983,07,983,2482,741,3,738,484,254,0.298549556809025,0.004048582995951417,0.9959514170040485,0.6531713900134952,0.3427800269905533
07984,07,984,1988,671,0,671,488,183,0.3375251509054326,0.0,1.0,0.7272727272727273,0.2727272727272727
07985,07,985,2126,647,2,645,463,182,0.30432737535277515,0.0030911901081916537,0.9969088098918083,0.7156105100463679,0.28129829984544047
07986,07,986,2250,652,1,651,427,224,0.2897777777777778,0.0015337423312883436,0.9984662576687117,0.6549079754601227,0.34355828220858897
07987,07,987,2067,419,0,419,304,115,0.2027092404450895,0.0,1.0,0.7255369928400954,0.2744630071599045
07988,07,988,2364,811,0,811,575,236,0.3430626057529611,0.0,1.0,0.7090012330456227,0.2909987669543773
07989,07,989,2305,627,0,627,436,191,0.2720173535791757,0.0,1.0,0.6953748006379585,0.30462519936204147
07990,07,990,2500,567,1,566,435,131,0.2268,0.001763668430335097,0.9982363315696648,0.7671957671957672,0.2310405643738977
07991,07,991,2452,568,3,565,428,137,0.23164763458401305,0.00528169014084507,0.9947183098591549,0.7535211267605634,0.24119718309859156
07992,07,992,2001,384,1,383,303,80,0.191904047976012,0.0026041666666666665,0.9973958333333334,0.7890625,0.20833333333333334
07993,07,993,3310,870,2,868,630,238,0.2628398791540785,0.0022988505747126436,0.9977011494252873,0.7241379310344828,0.2735632183908046
07994,07,994,2321,595,1,594,445,149,0.2563550193881947,0.0016806722689075631,0.9983193277310924,0.7478991596638656,0.2504201680672269
07995,07,995,2473,712,0,712,495,217,0.2879094217549535,0.0,1.0,0.6952247191011236,0.3047752808988764
07996,07,996,3289,955,1,954,702,252,0.29036181210094253,0.0010471204188481676,0.9989528795811519,0.7350785340314137,0.2638743455497382
07997,07,997,1075,296,0,296,201,95,0.2753488372093023,0.0,1.0,0.6790540540540541,0.32094594594594594
07998,07,998,1098,364,2,362,252,110,0.331511839708561,0.005494505494505495,0.9945054945054945,0.6923076923076923,0.3021978021978022
07999,07,999,975,299,0,299,220,79,0.30666666666666664,0.0,1.0,0.7357859531772575,0.26421404682274247
081A,08,1A,0,966,2,964,676,288,inf,0.002070393374741201,0.9979296066252588,0.6997929606625258,0.2981366459627329
081B,08,1B,0,815,0,815,509,306,inf,0.0,1.0,0.6245398773006134,0.3754601226993865
081C,08,1C,0,771,2,769,523,246,inf,0.0025940337224383916,0.9974059662775616,0.6783398184176395,0.31906614785992216
081D,08,1D,0,791,1,790,516,274,inf,0.0012642225031605564,0.9987357774968394,0.6523388116308471,0.3463969658659924
081E,08,1E,0,749,0,749,492,257,inf,0.0,1.0,0.6568758344459279,0.3431241655540721
081F,08,1F,0,938,4,934,631,303,inf,0.0042643923240938165,0.9957356076759062,0.6727078891257996,0.3230277185501066
081G,08,1G,0,734,1,733,498,235,inf,0.0013623978201634877,0.9986376021798365,0.6784741144414169,0.3201634877384196
081H,08,1H,0,851,4,847,566,281,inf,0.004700352526439483,0.9952996474735605,0.6650998824911868,0.3301997649823737
081I,08,1I,0,853,0,853,623,230,inf,0.0,1.0,0.7303634232121923,0.2696365767878077
081K,08,1K,0,671,1,670,427,243,inf,0.0014903129657228018,0.9985096870342772,0.6363636363636364,0.3621460506706408
081L,08,1L,0,762,1,761,487,274,inf,0.0013123359580052493,0.9986876640419947,0.6391076115485564,0.35958005249343833
081M,08,1M,0,403,6,397,247,150,inf,0.01488833746898263,0.9851116625310173,0.6129032258064516,0.37220843672456577
081N,08,1N,0,410,0,410,238,172,inf,0.0,1.0,0.5804878048780487,0.4195121951219512
081O,08,1O,0,402,0,402,250,152,inf,0.0,1.0,0.6218905472636815,0.3781094527363184
081P,08,1P,0,334,0,334,213,121,inf,0.0,1.0,0.6377245508982036,0.36227544910179643
081Q,08,1Q,0,170,1,169,105,64,inf,0.0058823529411764705,0.9941176470588236,0.6176470588235294,0.3764705882352941
081R,08,1R,0,298,0,298,183,115,inf,0.0,1.0,0.6140939597315436,0.3859060402684564
081S,08,1S,0,427,11,416,287,129,inf,0.02576112412177986,0.9742388758782201,0.6721311475409836,0.30210772833723654
08101,08,101,3702,767,2,765,221,544,0.2071853052404106,0.002607561929595828,0.9973924380704041,0.288135593220339,0.7092568448500652
08104,08,104,4017,830,2,828,250,578,0.206621857107294,0.0024096385542168677,0.9975903614457832,0.30120481927710846,0.6963855421686747
08105,08,105,2652,566,3,563,169,394,0.21342383107088989,0.00530035335689046,0.9946996466431095,0.29858657243816256,0.696113074204947
08108,08,108,2739,555,1,554,163,391,0.20262869660460023,0.0018018018018018018,0.9981981981981982,0.2936936936936937,0.7045045045045045
08110,08,110,3047,559,0,559,182,377,0.1834591401378405,0.0,1.0,0.32558139534883723,0.6744186046511628
08114,08,114,1067,201,0,201,80,121,0.18837863167760074,0.0,1.0,0.39800995024875624,0.6019900497512438
08115,08,115,3525,615,2,613,263,350,0.17446808510638298,0.0032520325203252032,0.9967479674796748,0.4276422764227642,0.5691056910569106
08118,08,118,2090,352,1,351,150,201,0.16842105263157894,0.002840909090909091,0.9971590909090909,0.42613636363636365,0.5710227272727273
08119,08,119,4112,679,1,678,313,365,0.16512645914396887,0.0014727540500736377,0.9985272459499264,0.46097201767304863,0.5375552282768777
08122,08,122,1727,269,1,268,152,116,0.1557614360162131,0.0037174721189591076,0.9962825278810409,0.5650557620817844,0.4312267657992565
08125,08,125,1309,208,1,207,105,102,0.15889992360580596,0.004807692307692308,0.9951923076923077,0.5048076923076923,0.49038461538461536
08126,08,126,3892,717,5,712,288,424,0.184224049331963,0.00697350069735007,0.99302649930265,0.401673640167364,0.5913528591352859
08129,08,129,993,147,0,147,63,84,0.14803625377643503,0.0,1.0,0.42857142857142855,0.5714285714285714
08201,08,201,3930,755,3,752,236,516,0.1921119592875318,0.003973509933774834,0.9960264900662251,0.3125827814569536,0.6834437086092715
08202,08,202,2984,517,0,517,158,359,0.1732573726541555,0.0,1.0,0.3056092843326886,0.6943907156673114
08207,08,207,3293,603,3,600,194,406,0.18311569996963256,0.004975124378109453,0.9950248756218906,0.32172470978441126,0.6733001658374793
08208,08,208,3193,608,0,608,186,422,0.19041653617287818,0.0,1.0,0.3059210526315789,0.694078947368421
08211,08,211,1469,245,0,245,102,143,0.16678012253233493,0.0,1.0,0.4163265306122449,0.5836734693877551
08213,08,213,3610,506,0,506,265,241,0.1401662049861496,0.0,1.0,0.5237154150197628,0.4762845849802372
08216,08,216,1212,229,1,228,94,134,0.18894389438943895,0.004366812227074236,0.9956331877729258,0.4104803493449782,0.5851528384279476
08218,08,218,899,129,1,128,43,85,0.14349276974416017,0.007751937984496124,0.9922480620155039,0.3333333333333333,0.6589147286821705
08219,08,219,3258,482,0,482,203,279,0.14794352363413138,0.0,1.0,0.4211618257261411,0.578838174273859
08221,08,221,3677,603,0,603,268,335,0.1639923850965461,0.0,1.0,0.4444444444444444,0.5555555555555556
08223,08,223,3297,545,3,542,186,356,0.16530178950561117,0.005504587155963303,0.9944954128440368,0.3412844036697248,0.653211009174312
08227,08,227,833,108,0,108,55,53,0.12965186074429771,0.0,1.0,0.5092592592592593,0.49074074074074076
08229,08,229,969,112,0,112,45,67,0.11558307533539731,0.0,1.0,0.4017857142857143,0.5982142857142857
08301,08,301,2590,483,3,480,313,167,0.1864864864864865,0.006211180124223602,0.9937888198757764,0.6480331262939959,0.34575569358178054
08304,08,304,2403,275,0,275,151,124,0.11444028297960883,0.0,1.0,0.5490909090909091,0.4509090909090909
08305,08,305,2215,312,1,311,188,123,0.14085778781038374,0.003205128205128205,0.9967948717948718,0.6025641025641025,0.3942307692307692
08308,08,308,3606,507,0,507,310,197,0.1405990016638935,0.0,1.0,0.611439842209073,0.388560157790927
08309,08,309,1321,144,0,144,90,54,0.10900832702498107,0.0,1.0,0.625,0.375
08310,08,310,2829,447,4,443,292,151,0.15800636267232238,0.008948545861297539,0.9910514541387024,0.6532438478747203,0.3378076062639821
08313,08,313,3617,537,3,534,371,163,0.14846557920928946,0.00558659217877095,0.994413407821229,0.6908752327746741,0.30353817504655495
08318,08,318,3386,672,5,667,439,228,0.1984642646190195,0.00744047619047619,0.9925595238095238,0.6532738095238095,0.3392857142857143
08321,08,321,1577,301,1,300,213,87,0.19086873811033608,0.0033222591362126247,0.9966777408637874,0.707641196013289,0.28903654485049834
08322,08,322,1631,253,0,253,175,78,0.15511955855303494,0.0,1.0,0.691699604743083,0.308300395256917
08323,08,323,1182,206,0,206,124,82,0.17428087986463622,0.0,1.0,0.6019417475728155,0.39805825242718446
08325,08,325,3500,884,0,884,548,336,0.25257142857142856,0.0,1.0,0.6199095022624435,0.38009049773755654
08401,08,401,2635,790,2,788,485,303,0.2998102466793169,0.002531645569620253,0.9974683544303797,0.6139240506329114,0.38354430379746834
08403,08,403,2870,436,0,436,303,133,0.15191637630662022,0.0,1.0,0.694954128440367,0.30504587155963303
08406,08,406,3633,811,6,805,526,279,0.2232314891274429,0.007398273736128237,0.9926017262638718,0.6485819975339088,0.344019728729963
08410,08,410,1566,483,1,482,358,124,0.30842911877394635,0.002070393374741201,0.9979296066252588,0.7412008281573499,0.2567287784679089
08411,08,411,2425,539,3,536,431,105,0.2222680412371134,0.0055658627087198514,0.9944341372912802,0.7996289424860853,0.19480519480519481
08412,08,412,3268,795,1,794,563,231,0.24326805385556916,0.0012578616352201257,0.9987421383647799,0.7081761006289308,0.29056603773584905
08413,08,413,2975,923,0,923,665,258,0.3102521008403361,0.0,1.0,0.7204767063921993,0.27952329360780065
08417,08,417,1403,398,0,398,291,107,0.28367783321454026,0.0,1.0,0.7311557788944724,0.26884422110552764
08422,08,422,3739,855,3,852,660,192,0.22867076758491575,0.0035087719298245615,0.9964912280701754,0.7719298245614035,0.22456140350877193
08425,08,425,2918,619,1,618,463,155,0.21213159698423578,0.0016155088852988692,0.9983844911147012,0.7479806138933764,0.25040387722132473
08426,08,426,2024,524,2,522,397,125,0.25889328063241107,0.003816793893129771,0.9961832061068703,0.7576335877862596,0.2385496183206107
08428,08,428,2725,755,1,754,540,214,0.27706422018348625,0.0013245033112582781,0.9986754966887417,0.7152317880794702,0.28344370860927154
08501,08,501,2869,676,2,674,500,174,0.23562216800278843,0.0029585798816568047,0.9970414201183432,0.7396449704142012,0.257396449704142
08504,08,504,2960,817,0,817,529,288,0.2760135135135135,0.0,1.0,0.6474908200734394,0.3525091799265606
08505,08,505,3759,743,2,741,534,207,0.19765895184889598,0.0026917900403768506,0.9973082099596231,0.7187079407806191,0.27860026917900405
08510,08,510,1343,291,3,288,212,76,0.21667907669396871,0.010309278350515464,0.9896907216494846,0.7285223367697594,0.2611683848797251
08511,08,511,3248,679,1,678,476,202,0.20905172413793102,0.0014727540500736377,0.9985272459499264,0.7010309278350515,0.2974963181148748
08512,08,512,3601,986,0,986,714,272,0.2738128297695085,0.0,1.0,0.7241379310344828,0.27586206896551724
08517,08,517,3335,651,2,649,483,166,0.1952023988005997,0.0030721966205837174,0.9969278033794163,0.7419354838709677,0.25499231950844853
08519,08,519,1575,317,0,317,211,106,0.20126984126984127,0.0,1.0,0.6656151419558359,0.334384858044164
08521,08,521,3320,544,3,541,394,147,0.163855421686747,0.0055147058823529415,0.9944852941176471,0.7242647058823529,0.2702205882352941
08526,08,526,3342,649,3,646,476,170,0.19419509275882704,0.004622496147919877,0.9953775038520801,0.7334360554699538,0.26194144838212635
08528,08,528,1460,328,0,328,260,68,0.22465753424657534,0.0,1.0,0.7926829268292683,0.2073170731707317
08530,08,530,2290,404,1,403,297,106,0.17641921397379912,0.0024752475247524753,0.9975247524752475,0.7351485148514851,0.2623762376237624
08534,08,534,818,206,0,206,135,71,0.25183374083129584,0.0,1.0,0.6553398058252428,0.3446601941747573
08601,08,601,3649,555,5,550,409,141,0.15209646478487257,0.009009009009009009,0.990990990990991,0.736936936936937,0.25405405405405407
08603,08,603,2365,640,0,640,499,141,0.27061310782241016,0.0,1.0,0.7796875,0.2203125
08605,08,605,3082,861,0,861,606,255,0.2793640493186243,0.0,1.0,0.7038327526132404,0.2961672473867596
08608,08,608,543,88,0,88,73,15,0.16206261510128914,0.0,1.0,0.8295454545454546,0.17045454545454544
08610,08,610,3182,872,0,872,636,236,0.2740414833438089,0.0,1.0,0.7293577981651376,0.2706422018348624
08614,08,614,1111,238,0,238,183,55,0.21422142214221424,0.0,1.0,0.7689075630252101,0.23109243697478993
08616,08,616,1044,224,1,223,169,54,0.21455938697318008,0.004464285714285714,0.9955357142857143,0.7544642857142857,0.24107142857142858
08617,08,617,3410,906,0,906,593,313,0.2656891495601173,0.0,1.0,0.6545253863134658,0.3454746136865342
08619,08,619,3112,1031,1,1030,698,332,0.33129820051413883,0.0009699321047526673,0.9990300678952473,0.6770126091173618,0.32201745877788557
08622,08,622,2301,748,2,746,569,177,0.3250760538896132,0.00267379679144385,0.9973262032085561,0.7606951871657754,0.23663101604278075
08623,08,623,3355,857,3,854,639,215,0.25543964232488825,0.003500583430571762,0.9964994165694282,0.7456242707117853,0.2508751458576429
08628,08,628,3504,934,4,930,664,266,0.2665525114155251,0.004282655246252677,0.9957173447537473,0.7109207708779444,0.284796573875803
08632,08,632,1031,227,2,225,168,57,0.22017458777885549,0.00881057268722467,0.9911894273127754,0.7400881057268722,0.2511013215859031
091A,09,1A,0,964,1,963,272,691,inf,0.001037344398340249,0.9989626556016598,0.2821576763485477,0.716804979253112
091B,09,1B,0,890,1,889,252,637,inf,0.0011235955056179776,0.998876404494382,0.28314606741573034,0.7157303370786516
091C,09,1C,0,925,3,922,284,638,inf,0.003243243243243243,0.9967567567567568,0.307027027027027,0.6897297297297297
091D,09,1D,0,894,0,894,273,621,inf,0.0,1.0,0.3053691275167785,0.6946308724832215
091E,09,1E,0,920,0,920,260,660,inf,0.0,1.0,0.2826086956521739,0.717391304347826
091F,09,1F,0,940,15,925,248,677,inf,0.015957446808510637,0.9840425531914894,0.26382978723404255,0.7202127659574468
091G,09,1G,0,913,1,912,260,652,inf,0.001095290251916758,0.9989047097480832,0.2847754654983571,0.7141292442497261
091H,09,1H,0,915,3,912,236,676,inf,0.003278688524590164,0.9967213114754099,0.25792349726775954,0.7387978142076502
091J,09,1J,0,914,3,911,269,642,inf,0.0032822757111597373,0.9967177242888403,0.29431072210065645,0.7024070021881839
091K,09,1K,0,918,1,917,244,673,inf,0.0010893246187363835,0.9989106753812637,0.2657952069716776,0.7331154684095861
091L,09,1L,0,905,2,903,262,641,inf,0.0022099447513812156,0.9977900552486187,0.28950276243093925,0.7082872928176795
091M,09,1M,0,873,2,871,242,629,inf,0.002290950744558992,0.997709049255441,0.27720504009163804,0.720504009163803
09101,09,101,1936,431,2,429,98,331,0.22262396694214875,0.004640371229698376,0.9953596287703016,0.2273781902552204,0.7679814385150812
09103,09,103,2403,512,1,511,118,393,0.21306699958385353,0.001953125,0.998046875,0.23046875,0.767578125
09104,09,104,3372,811,3,808,155,653,0.24051008303677343,0.0036991368680641184,0.9963008631319359,0.19112207151664612,0.8051787916152897
09108,09,108,3409,701,0,701,173,528,0.20563215019067174,0.0,1.0,0.24679029957203993,0.7532097004279601
09111,09,111,2397,420,0,420,103,317,0.17521902377972465,0.0,1.0,0.24523809523809523,0.7547619047619047
09113,09,113,2638,502,0,502,102,400,0.19029567854435178,0.0,1.0,0.20318725099601595,0.796812749003984
09116,09,116,2229,337,0,337,94,243,0.15118887393449978,0.0,1.0,0.2789317507418398,0.7210682492581603
09120,09,120,2507,521,0,521,70,451,0.20781810929397687,0.0,1.0,0.1343570057581574,0.8656429942418427
09122,09,122,2469,547,0,547,118,429,0.22154718509518023,0.0,1.0,0.21572212065813529,0.7842778793418648
09126,09,126,1001,217,0,217,50,167,0.21678321678321677,0.0,1.0,0.2304147465437788,0.7695852534562212
09127,09,127,912,153,1,152,30,122,0.16776315789473684,0.006535947712418301,0.9934640522875817,0.19607843137254902,0.7973856209150327
09128,09,128,981,205,0,205,50,155,0.2089704383282365,0.0,1.0,0.24390243902439024,0.7560975609756098
09130,09,130,2788,686,0,686,174,512,0.2460545193687231,0.0,1.0,0.2536443148688047,0.7463556851311953
09133,09,133,1962,509,0,509,170,339,0.2594291539245668,0.0,1.0,0.33398821218074654,0.6660117878192534
09135,09,135,2809,502,0,502,132,370,0.17871128515485937,0.0,1.0,0.26294820717131473,0.7370517928286853
09201,09,201,1703,358,2,356,62,294,0.21021726365237817,0.00558659217877095,0.994413407821229,0.17318435754189945,0.8212290502793296
09204,09,204,3032,674,0,674,159,515,0.22229551451187335,0.0,1.0,0.23590504451038577,0.7640949554896143
09207,09,207,3330,695,3,692,172,520,0.2087087087087087,0.004316546762589928,0.99568345323741,0.2474820143884892,0.7482014388489209
09208,09,208,2141,472,0,472,111,361,0.220457730032695,0.0,1.0,0.23516949152542374,0.7648305084745762
09211,09,211,3121,794,0,794,254,540,0.2544056392181993,0.0,1.0,0.3198992443324937,0.6801007556675063
09212,09,212,896,197,0,197,40,157,0.21986607142857142,0.0,1.0,0.20304568527918782,0.7969543147208121
09214,09,214,1155,274,1,273,39,234,0.23722943722943723,0.0036496350364963502,0.9963503649635036,0.14233576642335766,0.8540145985401459
09216,09,216,3492,839,1,838,166,672,0.2402634593356243,0.0011918951132300357,0.99880810488677,0.19785458879618595,0.8009535160905841
09221,09,221,1903,344,1,343,46,297,0.18076720966894377,0.0029069767441860465,0.997093023255814,0.13372093023255813,0.8633720930232558
09222,09,222,1425,211,0,211,65,146,0.1480701754385965,0.0,1.0,0.3080568720379147,0.6919431279620853
09224,09,224,2437,362,0,362,72,290,0.14854329093147312,0.0,1.0,0.19889502762430938,0.8011049723756906
09227,09,227,558,92,0,92,44,48,0.16487455197132617,0.0,1.0,0.4782608695652174,0.5217391304347826
09228,09,228,2472,502,0,502,110,392,0.20307443365695793,0.0,1.0,0.21912350597609562,0.7808764940239044
09230,09,230,3591,639,1,638,151,487,0.17794486215538846,0.001564945226917058,0.9984350547730829,0.23630672926447574,0.7621283255086072
09231,09,231,879,156,1,155,49,106,0.17747440273037543,0.00641025641025641,0.9935897435897436,0.3141025641025641,0.6794871794871795
09236,09,236,2650,446,0,446,108,338,0.16830188679245284,0.0,1.0,0.242152466367713,0.757847533632287
09301,09,301,696,201,0,201,43,158,0.28879310344827586,0.0,1.0,0.21393034825870647,0.7860696517412935
09302,09,302,2365,506,1,505,115,390,0.21395348837209302,0.001976284584980237,0.9980237154150198,0.22727272727272727,0.7707509881422925
09304,09,304,3220,827,2,825,178,647,0.256832298136646,0.0024183796856106408,0.9975816203143894,0.21523579201934703,0.7823458282950423
09308,09,308,3039,526,0,526,138,388,0.17308325106943073,0.0,1.0,0.2623574144486692,0.7376425855513308
09309,09,309,3669,750,2,748,192,556,0.2044153720359771,0.0026666666666666666,0.9973333333333333,0.256,0.7413333333333333
09314,09,314,3889,1000,1,999,352,647,0.2571355104139882,0.001,0.999,0.352,0.647
09317,09,317,2969,775,0,775,214,561,0.26103065005052206,0.0,1.0,0.2761290322580645,0.7238709677419355
09319,09,319,2100,434,1,433,178,255,0.20666666666666667,0.002304147465437788,0.9976958525345622,0.41013824884792627,0.5875576036866359
09320,09,320,1006,175,1,174,61,113,0.17395626242544732,0.005714285714285714,0.9942857142857143,0.3485714285714286,0.6457142857142857
09321,09,321,569,115,1,114,40,74,0.20210896309314588,0.008695652173913044,0.991304347826087,0.34782608695652173,0.6434782608695652
09322,09,322,2376,541,0,541,160,381,0.2276936026936027,0.0,1.0,0.2957486136783734,0.7042513863216266
09324,09,324,2207,509,1,508,98,410,0.2306298142274581,0.0019646365422396855,0.9980353634577603,0.1925343811394892,0.8055009823182712
09326,09,326,1356,145,1,144,43,101,0.10693215339233038,0.006896551724137931,0.993103448275862,0.296551724137931,0.696551724137931
09328,09,328,1200,216,0,216,49,167,0.18,0.0,1.0,0.22685185185185186,0.7731481481481481
09330,09,330,2106,315,0,315,106,209,0.14957264957264957,0.0,1.0,0.33650793650793653,0.6634920634920635
09333,09,333,863,232,0,232,68,164,0.2688296639629201,0.0,1.0,0.29310344827586204,0.7068965517241379
09401,09,401,2902,696,2,694,205,489,0.23983459682977257,0.0028735632183908046,0.9971264367816092,0.29454022988505746,0.7025862068965517
09403,09,403,803,96,1,95,19,76,0.11955168119551682,0.010416666666666666,0.9895833333333334,0.19791666666666666,0.7916666666666666
09404,09,404,1885,433,3,430,128,302,0.22970822281167108,0.006928406466512702,0.9930715935334873,0.2956120092378753,0.6974595842956121
09405,09,405,3559,806,1,805,231,574,0.22646810901938746,0.0012406947890818859,0.9987593052109182,0.2866004962779156,0.7121588089330024
09409,09,409,3237,665,2,663,193,470,0.20543713314797651,0.0030075187969924814,0.9969924812030075,0.29022556390977444,0.706766917293233
09413,09,413,4049,620,5,615,162,453,0.15312422820449495,0.008064516129032258,0.9919354838709677,0.26129032258064516,0.7306451612903225
09418,09,418,558,63,0,63,16,47,0.11290322580645161,0.0,1.0,0.25396825396825395,0.746031746031746
09419,09,419,638,177,0,177,40,137,0.2774294670846395,0.0,1.0,0.22598870056497175,0.7740112994350282
09420,09,420,1900,478,0,478,124,354,0.25157894736842107,0.0,1.0,0.2594142259414226,0.7405857740585774
09422,09,422,897,187,0,187,48,139,0.2084726867335563,0.0,1.0,0.25668449197860965,0.7433155080213903
09423,09,423,1281,330,1,329,94,235,0.2576112412177986,0.0030303030303030303,0.996969696969697,0.28484848484848485,0.7121212121212122
09424,09,424,767,286,0,286,76,210,0.3728813559322034,0.0,1.0,0.26573426573426573,0.7342657342657343
09425,09,425,753,265,0,265,64,201,0.351925630810093,0.0,1.0,0.24150943396226415,0.7584905660377359
09426,09,426,835,212,0,212,79,133,0.25389221556886227,0.0,1.0,0.37264150943396224,0.6273584905660378
09427,09,427,749,166,0,166,39,127,0.22162883845126835,0.0,1.0,0.23493975903614459,0.7650602409638554
09428,09,428,347,117,0,117,22,95,0.3371757925072046,0.0,1.0,0.18803418803418803,0.811965811965812
09429,09,429,2712,619,2,617,157,460,0.2282448377581121,0.0032310177705977385,0.9967689822294022,0.25363489499192243,0.7431340872374798
09432,09,432,3275,689,2,687,166,521,0.210381679389313,0.002902757619738752,0.9970972423802612,0.2409288824383164,0.7561683599419449
09436,09,436,1660,427,2,425,106,319,0.2572289156626506,0.00468384074941452,0.9953161592505855,0.24824355971896955,0.747072599531616
09501,09,501,812,193,0,193,71,122,0.2376847290640394,0.0,1.0,0.36787564766839376,0.6321243523316062
09502,09,502,739,127,0,127,29,98,0.17185385656292287,0.0,1.0,0.2283464566929134,0.7716535433070866
09503,09,503,697,159,0,159,42,117,0.22812051649928264,0.0,1.0,0.2641509433962264,0.7358490566037735
09504,09,504,1134,216,0,216,42,174,0.19047619047619047,0.0,1.0,0.19444444444444445,0.8055555555555556
09505,09,505,1076,208,0,208,35,173,0.19330855018587362,0.0,1.0,0.16826923076923078,0.8317307692307693
09506,09,506,1626,371,0,371,47,324,0.22816728167281672,0.0,1.0,0.12668463611859837,0.8733153638814016
09508,09,508,1353,316,0,316,76,240,0.2335550628233555,0.0,1.0,0.24050632911392406,0.759493670886076
09510,09,510,1575,252,1,251,58,193,0.16,0.003968253968253968,0.996031746031746,0.23015873015873015,0.7658730158730159
09512,09,512,544,78,0,78,18,60,0.14338235294117646,0.0,1.0,0.23076923076923078,0.7692307692307693
09513,09,513,924,182,0,182,36,146,0.19696969696969696,0.0,1.0,0.1978021978021978,0.8021978021978022
09514,09,514,710,147,0,147,28,119,0.20704225352112676,0.0,1.0,0.19047619047619047,0.8095238095238095
09515,09,515,2118,275,0,275,69,206,0.12983947119924458,0.0,1.0,0.2509090909090909,0.7490909090909091
09518,09,518,1177,222,2,220,71,149,0.18861512319456245,0.009009009009009009,0.990990990990991,0.31981981981981983,0.6711711711711712
09519,09,519,3301,700,1,699,180,519,0.21205695243865497,0.0014285714285714286,0.9985714285714286,0.2571428571428571,0.7414285714285714
09522,09,522,3087,769,0,769,190,579,0.2491091674765144,0.0,1.0,0.247074122236671,0.752925877763329
09525,09,525,2135,401,3,398,95,303,0.18782201405152224,0.007481296758104738,0.9925187032418953,0.23690773067331672,0.7556109725685786
09527,09,527,1504,444,1,443,138,305,0.29521276595744683,0.0022522522522522522,0.9977477477477478,0.3108108108108108,0.6869369369369369
09528,09,528,2394,645,1,644,173,471,0.2694235588972431,0.0015503875968992248,0.9984496124031008,0.2682170542635659,0.7302325581395349
09530,09,530,3192,822,0,822,223,599,0.2575187969924812,0.0,1.0,0.2712895377128954,0.7287104622871047
09601,09,601,2837,840,0,840,246,594,0.2960874162848079,0.0,1.0,0.29285714285714287,0.7071428571428572
09603,09,603,881,193,2,191,49,142,0.21906923950056753,0.010362694300518135,0.9896373056994818,0.2538860103626943,0.7357512953367875
09604,09,604,1014,313,0,313,97,216,0.3086785009861933,0.0,1.0,0.30990415335463256,0.6900958466453674
09605,09,605,1984,512,1,511,137,374,0.25806451612903225,0.001953125,0.998046875,0.267578125,0.73046875
09608,09,608,1565,435,1,434,100,334,0.2779552715654952,0.0022988505747126436,0.9977011494252873,0.22988505747126436,0.767816091954023
09609,09,609,1508,393,0,393,80,313,0.26061007957559684,0.0,1.0,0.2035623409669211,0.7964376590330788
09611,09,611,2380,536,0,536,117,419,0.22521008403361345,0.0,1.0,0.21828358208955223,0.7817164179104478
09614,09,614,2699,703,7,696,181,515,0.26046683957021116,0.00995732574679943,0.9900426742532006,0.2574679943100996,0.732574679943101
09617,09,617,2355,629,3,626,174,452,0.2670912951167728,0.0047694753577106515,0.9952305246422893,0.2766295707472178,0.7186009538950715
09619,09,619,798,237,0,237,79,158,0.29699248120300753,0.0,1.0,0.3333333333333333,0.6666666666666666
09620,09,620,3491,906,2,904,246,658,0.2595244915496992,0.002207505518763797,0.9977924944812362,0.271523178807947,0.7262693156732892
09624,09,624,3593,849,1,848,182,666,0.23629279153910382,0.001177856301531213,0.9988221436984688,0.2143698468786808,0.784452296819788
09628,09,628,640,151,1,150,46,104,0.2359375,0.006622516556291391,0.9933774834437086,0.304635761589404,0.6887417218543046
09629,09,629,1424,304,2,302,79,223,0.21348314606741572,0.006578947368421052,0.993421052631579,0.2598684210526316,0.7335526315789473
09630,09,630,1614,447,0,447,147,300,0.27695167286245354,0.0,1.0,0.3288590604026846,0.6711409395973155
09631,09,631,1846,538,0,538,147,391,0.2914409534127844,0.0,1.0,0.2732342007434944,0.7267657992565055
09633,09,633,1318,375,3,372,102,270,0.2845220030349014,0.008,0.992,0.272,0.72
09634,09,634,1277,393,1,392,113,279,0.307752545027408,0.002544529262086514,0.9974554707379135,0.2875318066157761,0.7099236641221374
101A,10,1A,0,888,0,888,211,677,inf,0.0,1.0,0.2376126126126126,0.7623873873873874
101B,10,1B,0,980,0,980,225,755,inf,0.0,1.0,0.22959183673469388,0.7704081632653061
101C,10,1C,0,969,2,967,239,728,inf,0.0020639834881320948,0.9979360165118679,0.24664602683178535,0.7512899896800825
101D,10,1D,0,916,1,915,244,671,inf,0.001091703056768559,0.9989082969432315,0.2663755458515284,0.732532751091703
101E,10,1E,0,933,3,930,219,711,inf,0.003215434083601286,0.9967845659163987,0.2347266881028939,0.7620578778135049
101F,10,1F,0,885,0,885,216,669,inf,0.0,1.0,0.2440677966101695,0.7559322033898305
101G,10,1G,0,907,1,906,246,660,inf,0.0011025358324145535,0.9988974641675854,0.27122381477398017,0.7276736493936052
101H,10,1H,0,885,0,885,214,671,inf,0.0,1.0,0.24180790960451978,0.7581920903954802
101J,10,1J,0,876,3,873,213,660,inf,0.003424657534246575,0.9965753424657534,0.24315068493150685,0.7534246575342466
101K,10,1K,0,886,13,873,228,645,inf,0.014672686230248307,0.9853273137697517,0.25733634311512416,0.7279909706546276
10101,10,101,4332,478,1,477,105,372,0.11034164358264081,0.0020920502092050207,0.997907949790795,0.2196652719665272,0.7782426778242678
10102,10,102,4216,431,1,430,107,323,0.10222960151802657,0.002320185614849188,0.9976798143851509,0.2482598607888631,0.7494199535962877
10103,10,103,5326,667,5,662,134,528,0.12523469770935036,0.0074962518740629685,0.992503748125937,0.20089955022488756,0.7916041979010495
10104,10,104,3331,268,0,268,47,221,0.08045631942359652,0.0,1.0,0.17537313432835822,0.8246268656716418
10105,10,105,3732,451,0,451,109,342,0.12084673097534834,0.0,1.0,0.24168514412416853,0.7583148558758315
10106,10,106,2613,410,1,409,79,330,0.15690776884806737,0.0024390243902439024,0.9975609756097561,0.1926829268292683,0.8048780487804879
10107,10,107,3620,415,1,414,100,314,0.11464088397790055,0.0024096385542168677,0.9975903614457832,0.24096385542168675,0.7566265060240964
10201,10,201,4226,480,2,478,111,367,0.11358258400378608,0.004166666666666667,0.9958333333333333,0.23125,0.7645833333333333
10202,10,202,3515,406,1,405,77,328,0.1155049786628734,0.0024630541871921183,0.9975369458128078,0.1896551724137931,0.8078817733990148
10203,10,203,3751,456,1,455,121,334,0.12156758197813916,0.0021929824561403508,0.9978070175438597,0.26535087719298245,0.7324561403508771
10204,10,204,3534,474,0,474,100,374,0.13412563667232597,0.0,1.0,0.2109704641350211,0.7890295358649789
10205,10,205,2389,390,0,390,79,311,0.16324822101297615,0.0,1.0,0.20256410256410257,0.7974358974358975
10206,10,206,3049,542,1,541,109,432,0.17776320104952442,0.0018450184501845018,0.9981549815498155,0.2011070110701107,0.7970479704797048
10207,10,207,4024,510,4,506,77,429,0.12673956262425448,0.00784313725490196,0.9921568627450981,0.15098039215686274,0.8411764705882353
10208,10,208,3502,578,3,575,131,444,0.1650485436893204,0.005190311418685121,0.9948096885813149,0.22664359861591696,0.7681660899653979
10301,10,301,4350,685,1,684,138,546,0.15747126436781608,0.00145985401459854,0.9985401459854014,0.20145985401459854,0.7970802919708029
10302,10,302,2479,391,2,389,92,297,0.15772488906817264,0.005115089514066497,0.9948849104859335,0.23529411764705882,0.7595907928388747
10303,10,303,3889,765,3,762,141,621,0.19670866546670096,0.00392156862745098,0.996078431372549,0.1843137254901961,0.8117647058823529
10304,10,304,4330,834,0,834,170,664,0.19260969976905312,0.0,1.0,0.2038369304556355,0.7961630695443646
10305,10,305,4192,589,3,586,146,440,0.1405057251908397,0.0050933786078098476,0.9949066213921901,0.24787775891341257,0.7470288624787776
10306,10,306,1558,343,0,343,77,266,0.22015404364569963,0.0,1.0,0.22448979591836735,0.7755102040816326
10307,10,307,3947,355,1,354,80,274,0.0899417278946035,0.0028169014084507044,0.9971830985915493,0.22535211267605634,0.7718309859154929
10308,10,308,3769,440,0,440,90,350,0.11674184133722473,0.0,1.0,0.20454545454545456,0.7954545454545454
10309,10,309,3971,386,1,385,109,276,0.0972047343238479,0.0025906735751295338,0.9974093264248705,0.2823834196891192,0.7150259067357513
10401,10,401,3821,626,2,624,111,513,0.1638314577335776,0.003194888178913738,0.9968051118210862,0.17731629392971246,0.8194888178913738
10402,10,402,3726,779,0,779,163,616,0.20907139023081053,0.0,1.0,0.2092426187419769,0.7907573812580231
10403,10,403,4281,1044,2,1042,239,803,0.24386825508058865,0.0019157088122605363,0.9980842911877394,0.2289272030651341,0.7691570881226054
10404,10,404,3745,905,1,904,224,680,0.2416555407209613,0.0011049723756906078,0.9988950276243094,0.24751381215469614,0.7513812154696132
10405,10,405,3087,420,2,418,104,314,0.1360544217687075,0.004761904761904762,0.9952380952380953,0.24761904761904763,0.7476190476190476
10406,10,406,1174,248,0,248,55,193,0.21124361158432708,0.0,1.0,0.2217741935483871,0.7782258064516129
10407,10,407,1352,429,1,428,108,320,0.3173076923076923,0.002331002331002331,0.9976689976689976,0.2517482517482518,0.745920745920746
10408,10,408,2379,652,1,651,181,470,0.2740647330811265,0.0015337423312883436,0.9984662576687117,0.2776073619631902,0.7208588957055214
10409,10,409,2096,635,0,635,170,465,0.3029580152671756,0.0,1.0,0.2677165354330709,0.7322834645669292
10410,10,410,1273,339,1,338,77,261,0.2663000785545954,0.0029498525073746312,0.9970501474926253,0.22713864306784662,0.7699115044247787
10411,10,411,1400,349,0,349,69,280,0.24928571428571428,0.0,1.0,0.1977077363896848,0.8022922636103151
10501,10,501,3440,917,2,915,226,689,0.26656976744186045,0.0021810250817884407,0.9978189749182116,0.24645583424209377,0.7513631406761178
10502,10,502,1294,299,1,298,80,218,0.23106646058732613,0.0033444816053511705,0.9966555183946488,0.26755852842809363,0.7290969899665551
10503,10,503,2547,667,2,665,156,509,0.2618767177071064,0.0029985007496251873,0.9970014992503748,0.23388305847076463,0.7631184407796102
10504,10,504,2569,631,0,631,135,496,0.2456208641494745,0.0,1.0,0.21394611727416799,0.786053882725832
10505,10,505,2477,634,0,634,143,491,0.2559547840129189,0.0,1.0,0.22555205047318613,0.7744479495268138
10506,10,506,2481,707,0,707,163,544,0.28496573962112054,0.0,1.0,0.23055162659123055,0.7694483734087695
10507,10,507,2537,659,0,659,191,468,0.2597556168703193,0.0,1.0,0.2898330804248862,0.7101669195751138
10508,10,508,1283,341,0,341,59,282,0.2657833203429462,0.0,1.0,0.17302052785923755,0.8269794721407625
10509,10,509,2676,754,2,752,181,571,0.28176382660687593,0.002652519893899204,0.9973474801061007,0.24005305039787797,0.7572944297082228
10510,10,510,2513,611,0,611,153,458,0.2431356943891763,0.0,1.0,0.25040916530278234,0.7495908346972177
10511,10,511,1135,266,1,265,60,205,0.2343612334801762,0.0037593984962406013,0.9962406015037594,0.22556390977443608,0.7706766917293233
10512,10,512,2183,573,2,571,129,442,0.2624828218048557,0.0034904013961605585,0.9965095986038395,0.225130890052356,0.7713787085514834
10513,10,513,1061,265,0,265,77,188,0.24976437323279924,0.0,1.0,0.29056603773584905,0.7094339622641509
10514,10,514,3723,969,1,968,211,757,0.2602739726027397,0.0010319917440660474,0.9989680082559339,0.21775025799793601,0.7812177502579979
10601,10,601,2321,334,1,333,63,270,0.14390348987505386,0.0029940119760479044,0.9970059880239521,0.18862275449101795,0.8083832335329342
10602,10,602,2242,263,2,261,63,198,0.11730597680642284,0.0076045627376425855,0.9923954372623575,0.23954372623574144,0.752851711026616
10603,10,603,2598,392,2,390,80,310,0.15088529638183218,0.00510204081632653,0.9948979591836735,0.20408163265306123,0.7908163265306123
10604,10,604,2723,419,0,419,101,318,0.1538744032317297,0.0,1.0,0.24105011933174225,0.7589498806682577
10605,10,605,2633,375,2,373,62,311,0.1424230915305735,0.005333333333333333,0.9946666666666667,0.16533333333333333,0.8293333333333334
10606,10,606,2426,335,0,335,58,277,0.1380873866446826,0.0,1.0,0.17313432835820897,0.826865671641791
10607,10,607,1932,351,0,351,63,288,0.18167701863354038,0.0,1.0,0.1794871794871795,0.8205128205128205
10608,10,608,2808,542,0,542,93,449,0.19301994301994302,0.0,1.0,0.17158671586715868,0.8284132841328413
10609,10,609,741,256,1,255,65,190,0.34547908232118757,0.00390625,0.99609375,0.25390625,0.7421875
10610,10,610,1047,254,1,253,81,172,0.24259789875835722,0.003937007874015748,0.9960629921259843,0.3188976377952756,0.6771653543307087
10611,10,611,1883,422,2,420,96,324,0.22411046202867765,0.004739336492890996,0.995260663507109,0.22748815165876776,0.7677725118483413
10612,10,612,2223,574,1,573,141,432,0.25820962663067926,0.0017421602787456446,0.9982578397212544,0.2456445993031359,0.7526132404181185
10613,10,613,2640,487,0,487,82,405,0.18446969696969698,0.0,1.0,0.16837782340862423,0.8316221765913757
10701,10,701,1471,206,2,204,33,171,0.14004078857919783,0.009708737864077669,0.9902912621359223,0.16019417475728157,0.8300970873786407
10702,10,702,3823,472,1,471,112,359,0.12346324875752027,0.00211864406779661,0.9978813559322034,0.23728813559322035,0.760593220338983
10703,10,703,3310,288,1,287,70,217,0.08700906344410876,0.003472222222222222,0.9965277777777778,0.24305555555555555,0.7534722222222222
10704,10,704,2448,262,0,262,44,218,0.10702614379084967,0.0,1.0,0.16793893129770993,0.8320610687022901
10705,10,705,1720,171,0,171,32,139,0.09941860465116278,0.0,1.0,0.1871345029239766,0.8128654970760234
10706,10,706,2094,291,1,290,49,241,0.13896848137535817,0.003436426116838488,0.9965635738831615,0.16838487972508592,0.8281786941580757
10707,10,707,3457,536,0,536,107,429,0.15504772924501012,0.0,1.0,0.19962686567164178,0.8003731343283582
10708,10,708,2601,360,0,360,85,275,0.1384083044982699,0.0,1.0,0.2361111111111111,0.7638888888888888
10709,10,709,3463,345,2,343,90,253,0.09962460294542304,0.005797101449275362,0.9942028985507246,0.2608695652173913,0.7333333333333333
10710,10,710,1871,244,0,244,41,203,0.13041154462854088,0.0,1.0,0.1680327868852459,0.8319672131147541
111A,11,1A,0,526,1,525,113,412,inf,0.0019011406844106464,0.9980988593155894,0.21482889733840305,0.7832699619771863
111B,11,1B,0,546,0,546,132,414,inf,0.0,1.0,0.24175824175824176,0.7582417582417582
111C,11,1C,0,539,0,539,132,407,inf,0.0,1.0,0.24489795918367346,0.7551020408163265
111D,11,1D,0,540,3,537,111,426,inf,0.005555555555555556,0.9944444444444445,0.20555555555555555,0.7888888888888889
111E,11,1E,0,543,0,543,126,417,inf,0.0,1.0,0.23204419889502761,0.7679558011049724
111F,11,1F,0,543,1,542,133,409,inf,0.001841620626151013,0.998158379373849,0.24493554327808473,0.7532228360957642
111G,11,1G,0,537,0,537,95,442,inf,0.0,1.0,0.17690875232774675,0.8230912476722533
111H,11,1H,0,534,0,534,117,417,inf,0.0,1.0,0.21910112359550563,0.7808988764044944
111J,11,1J,0,517,1,516,100,416,inf,0.0019342359767891683,0.9980657640232108,0.19342359767891681,0.804642166344294
111K,11,1K,0,545,0,545,106,439,inf,0.0,1.0,0.1944954128440367,0.8055045871559633
111L,11,1L,0,478,1,477,114,363,inf,0.0020920502092050207,0.997907949790795,0.2384937238493724,0.7594142259414226
111M,11,1M,0,528,0,528,105,423,inf,0.0,1.0,0.19886363636363635,0.8011363636363636
111N,11,1N,0,542,0,542,118,424,inf,0.0,1.0,0.2177121771217712,0.7822878228782287
111O,11,1O,0,559,0,559,118,441,inf,0.0,1.0,0.2110912343470483,0.7889087656529516
111P,11,1P,0,546,1,545,109,436,inf,0.0018315018315018315,0.9981684981684982,0.19963369963369965,0.7985347985347986
111R,11,1R,0,536,0,536,128,408,inf,0.0,1.0,0.23880597014925373,0.7611940298507462
111S,11,1S,0,504,1,503,117,386,inf,0.001984126984126984,0.998015873015873,0.23214285714285715,0.7658730158730159
111T,11,1T,0,526,1,525,106,419,inf,0.0019011406844106464,0.9980988593155894,0.20152091254752852,0.7965779467680608
111U,11,1U,0,534,0,534,125,409,inf,0.0,1.0,0.2340823970037453,0.7659176029962547
111V,11,1V,0,522,1,521,124,397,inf,0.0019157088122605363,0.9980842911877394,0.23754789272030652,0.7605363984674329
11101,11,101,1468,274,1,273,49,224,0.18664850136239783,0.0036496350364963502,0.9963503649635036,0.17883211678832117,0.8175182481751825
11102,11,102,1142,231,0,231,62,169,0.202276707530648,0.0,1.0,0.2683982683982684,0.7316017316017316
11103,11,103,3196,506,0,506,128,378,0.1583229036295369,0.0,1.0,0.25296442687747034,0.7470355731225297
11104,11,104,3322,347,3,344,75,269,0.10445514750150511,0.008645533141210375,0.9913544668587896,0.21613832853025935,0.7752161383285303
11109,11,109,3456,491,2,489,88,401,0.14207175925925927,0.004073319755600814,0.9959266802443992,0.17922606924643583,0.8167006109979633
11112,11,112,2821,411,0,411,87,324,0.1456930166607586,0.0,1.0,0.2116788321167883,0.7883211678832117
11115,11,115,3738,450,5,445,87,358,0.12038523274478331,0.011111111111111112,0.9888888888888889,0.19333333333333333,0.7955555555555556
11116,11,116,2633,442,2,440,75,365,0.16786935055070262,0.004524886877828055,0.995475113122172,0.16968325791855204,0.8257918552036199
11121,11,121,3711,492,1,491,102,389,0.13257881972514146,0.0020325203252032522,0.9979674796747967,0.2073170731707317,0.790650406504065
11124,11,124,3517,383,0,383,77,306,0.10889963036678987,0.0,1.0,0.2010443864229765,0.7989556135770235
11127,11,127,2577,311,1,310,67,243,0.12068296468762127,0.003215434083601286,0.9967845659163987,0.21543408360128619,0.7813504823151125
11201,11,201,1222,218,0,218,71,147,0.1783960720130933,0.0,1.0,0.3256880733944954,0.6743119266055045
11202,11,202,2256,359,3,356,74,282,0.15913120567375885,0.008356545961002786,0.9916434540389972,0.20612813370473537,0.7855153203342619
11204,11,204,3130,400,1,399,71,328,0.12779552715654952,0.0025,0.9975,0.1775,0.82
11207,11,207,2280,313,1,312,52,260,0.13728070175438598,0.003194888178913738,0.9968051118210862,0.16613418530351437,0.8306709265175719
11209,11,209,2365,388,0,388,94,294,0.16405919661733614,0.0,1.0,0.2422680412371134,0.7577319587628866
11211,11,211,3367,775,2,773,157,616,0.23017523017523017,0.0025806451612903226,0.9974193548387097,0.20258064516129032,0.7948387096774193
11212,11,212,3184,606,2,604,117,487,0.19032663316582915,0.0033003300330033004,0.9966996699669967,0.19306930693069307,0.8036303630363036
11215,11,215,1877,283,1,282,50,232,0.1507725093233884,0.0035335689045936395,0.9964664310954063,0.17667844522968199,0.8197879858657244
11217,11,217,3049,621,0,621,112,509,0.20367333551984257,0.0,1.0,0.18035426731078905,0.8196457326892109
11221,11,221,3401,917,0,917,164,753,0.26962658041752424,0.0,1.0,0.17884405670665213,0.8211559432933478
11222,11,222,2934,594,2,592,127,465,0.20245398773006135,0.003367003367003367,0.9966329966329966,0.2138047138047138,0.7828282828282829
11225,11,225,2100,430,1,429,73,356,0.20476190476190476,0.002325581395348837,0.9976744186046511,0.1697674418604651,0.827906976744186
11228,11,228,2440,443,0,443,89,354,0.18155737704918032,0.0,1.0,0.20090293453724606,0.7990970654627539
11301,11,301,2356,431,0,431,80,351,0.18293718166383702,0.0,1.0,0.18561484918793503,0.814385150812065
11303,11,303,2373,289,0,289,73,216,0.12178676780446691,0.0,1.0,0.25259515570934254,0.7474048442906575
11305,11,305,2127,318,0,318,59,259,0.14950634696755993,0.0,1.0,0.18553459119496854,0.8144654088050315
11306,11,306,2173,396,0,396,85,311,0.18223653934652553,0.0,1.0,0.21464646464646464,0.7853535353535354
11308,11,308,3182,532,1,531,98,433,0.1671904462602137,0.0018796992481203006,0.9981203007518797,0.18421052631578946,0.8139097744360902
11311,11,311,3180,414,2,412,99,313,0.13018867924528302,0.004830917874396135,0.9951690821256038,0.2391304347826087,0.7560386473429952
11315,11,315,2818,429,3,426,87,339,0.15223562810503904,0.006993006993006993,0.993006993006993,0.20279720279720279,0.7902097902097902
11318,11,318,2463,436,2,434,74,360,0.17701989443767763,0.0045871559633027525,0.9954128440366973,0.16972477064220184,0.8256880733944955
11320,11,320,2739,454,1,453,93,360,0.16575392479006937,0.0022026431718061676,0.9977973568281938,0.20484581497797358,0.7929515418502202
11322,11,322,2101,300,1,299,60,239,0.14278914802475012,0.0033333333333333335,0.9966666666666667,0.2,0.7966666666666666
11323,11,323,2868,437,1,436,116,320,0.15237099023709902,0.002288329519450801,0.9977116704805492,0.2654462242562929,0.7322654462242563
11327,11,327,1109,89,1,88,38,50,0.08025247971145176,0.011235955056179775,0.9887640449438202,0.42696629213483145,0.5617977528089888
11328,11,328,2001,365,2,363,73,290,0.18240879560219891,0.005479452054794521,0.9945205479452055,0.2,0.7945205479452054
11330,11,330,1992,383,1,382,59,323,0.1922690763052209,0.0026109660574412533,0.9973890339425587,0.15404699738903394,0.8433420365535248
11401,11,401,3765,620,0,620,123,497,0.1646746347941567,0.0,1.0,0.19838709677419356,0.8016129032258065
11405,11,405,3794,789,1,788,136,652,0.20795993674222457,0.0012674271229404308,0.9987325728770595,0.17237008871989862,0.826362484157161
11409,11,409,4280,795,1,794,167,627,0.18574766355140188,0.0012578616352201257,0.9987421383647799,0.21006289308176102,0.7886792452830189
11412,11,412,2695,364,1,363,84,279,0.13506493506493505,0.0027472527472527475,0.9972527472527473,0.23076923076923078,0.7664835164835165
11415,11,415,3537,685,1,684,141,543,0.19366694939214024,0.00145985401459854,0.9985401459854014,0.20583941605839415,0.7927007299270074
11416,11,416,3807,676,0,676,127,549,0.17756763856054636,0.0,1.0,0.1878698224852071,0.8121301775147929
11420,11,420,2862,550,1,549,134,415,0.19217330538085256,0.0018181818181818182,0.9981818181818182,0.24363636363636362,0.7545454545454545
11424,11,424,4081,659,1,658,157,501,0.16148002940455772,0.0015174506828528073,0.9984825493171472,0.23823975720789076,0.7602427921092565
11428,11,428,2900,658,4,654,111,543,0.22689655172413792,0.0060790273556231,0.993920972644377,0.16869300911854104,0.8252279635258358
11431,11,431,4344,809,0,809,122,687,0.1862338858195212,0.0,1.0,0.1508034610630408,0.8491965389369592
11501,11,501,2766,531,2,529,117,412,0.19197396963123645,0.003766478342749529,0.9962335216572504,0.22033898305084745,0.775894538606403
11503,11,503,2158,379,0,379,78,301,0.17562557924003708,0.0,1.0,0.20580474934036938,0.7941952506596306
11505,11,505,3288,449,3,446,103,343,0.1365571776155718,0.0066815144766146995,0.9933184855233853,0.22939866369710468,0.7639198218262806
11506,11,506,2651,415,2,413,98,315,0.15654470011316485,0.004819277108433735,0.9951807228915662,0.236144578313253,0.7590361445783133
11508,11,508,2668,449,0,449,107,342,0.16829085457271364,0.0,1.0,0.2383073496659243,0.7616926503340757
11509,11,509,3503,632,3,629,172,457,0.1804167856123323,0.004746835443037975,0.995253164556962,0.2721518987341772,0.7231012658227848
11510,11,510,3646,650,3,647,139,508,0.17827756445419637,0.004615384615384616,0.9953846153846154,0.21384615384615385,0.7815384615384615
11513,11,513,2386,361,0,361,85,276,0.15129924559932942,0.0,1.0,0.23545706371191136,0.7645429362880887
11514,11,514,2661,361,1,360,74,286,0.13566328447951898,0.002770083102493075,0.997229916897507,0.20498614958448755,0.7922437673130194
11516,11,516,1716,252,0,252,56,196,0.14685314685314685,0.0,1.0,0.2222222222222222,0.7777777777777778
11521,11,521,3017,587,1,586,126,460,0.1945641365594962,0.0017035775127768314,0.9982964224872232,0.21465076660988075,0.7836456558773425
11524,11,524,3323,650,1,649,129,520,0.19560637977730966,0.0015384615384615385,0.9984615384615385,0.19846153846153847,0.8
11601,11,601,3823,817,1,816,147,669,0.21370651320952133,0.0012239902080783353,0.9987760097919217,0.1799265605875153,0.8188494492044064
11604,11,604,3526,501,1,500,112,388,0.1420873511060692,0.001996007984031936,0.998003992015968,0.22355289421157684,0.7744510978043913
11605,11,605,3342,702,0,702,106,596,0.21005385996409337,0.0,1.0,0.150997150997151,0.8490028490028491
11608,11,608,2055,390,2,388,58,330,0.1897810218978102,0.005128205128205128,0.9948717948717949,0.14871794871794872,0.8461538461538461
11610,11,610,2604,429,0,429,70,359,0.16474654377880185,0.0,1.0,0.16317016317016317,0.8368298368298368
11614,11,614,3019,578,1,577,134,443,0.19145412388208016,0.0017301038062283738,0.9982698961937716,0.23183391003460208,0.7664359861591695
11617,11,617,2907,836,0,836,218,618,0.2875816993464052,0.0,1.0,0.2607655502392344,0.7392344497607656
11620,11,620,2350,670,1,669,160,509,0.2851063829787234,0.0014925373134328358,0.9985074626865672,0.23880597014925373,0.7597014925373134
11622,11,622,1887,533,0,533,141,392,0.28245892951775303,0.0,1.0,0.26454033771106944,0.7354596622889306
11624,11,624,2933,919,0,919,224,695,0.3133310603477668,0.0,1.0,0.24374319912948858,0.7562568008705114
11627,11,627,1522,455,0,455,136,319,0.29894875164257556,0.0,1.0,0.2989010989010989,0.701098901098901
11628,11,628,2412,716,1,715,190,525,0.296849087893864,0.0013966480446927375,0.9986033519553073,0.26536312849162014,0.7332402234636871
11630,11,630,2070,673,0,673,199,474,0.3251207729468599,0.0,1.0,0.29569093610698366,0.7043090638930164
121A,12,1A,0,540,0,540,389,151,inf,0.0,1.0,0.7203703703703703,0.2796296296296296
121B,12,1B,0,544,1,543,389,154,inf,0.001838235294117647,0.9981617647058824,0.7150735294117647,0.28308823529411764
121C,12,1C,0,546,0,546,393,153,inf,0.0,1.0,0.7197802197802198,0.2802197802197802
121D,12,1D,0,538,2,536,398,138,inf,0.0037174721189591076,0.9962825278810409,0.7397769516728625,0.25650557620817843
122A,12,2A,0,529,0,529,366,163,inf,0.0,1.0,0.6918714555765595,0.30812854442344045
122B,12,2B,0,572,0,572,408,164,inf,0.0,1.0,0.7132867132867133,0.2867132867132867
122C,12,2C,0,534,2,532,380,152,inf,0.003745318352059925,0.9962546816479401,0.7116104868913857,0.2846441947565543
122D,12,2D,0,535,2,533,407,126,inf,0.003738317757009346,0.9962616822429906,0.7607476635514019,0.23551401869158878
123A,12,3A,0,534,2,532,387,145,inf,0.003745318352059925,0.9962546816479401,0.7247191011235955,0.27153558052434457
123B,12,3B,0,545,0,545,383,162,inf,0.0,1.0,0.7027522935779816,0.29724770642201837
123C,12,3C,0,538,3,535,383,152,inf,0.0055762081784386614,0.9944237918215614,0.7118959107806692,0.2825278810408922
123D,12,3D,0,533,0,533,406,127,inf,0.0,1.0,0.7617260787992496,0.23827392120075047
124A,12,4A,0,557,0,557,384,173,inf,0.0,1.0,0.6894075403949731,0.3105924596050269
124B,12,4B,0,526,0,526,382,144,inf,0.0,1.0,0.7262357414448669,0.2737642585551331
124C,12,4C,0,529,0,529,385,144,inf,0.0,1.0,0.7277882797731569,0.2722117202268431
124D,12,4D,0,523,1,522,380,142,inf,0.0019120458891013384,0.9980879541108987,0.7265774378585086,0.27151051625239003
125A,12,5A,0,592,0,592,408,184,inf,0.0,1.0,0.6891891891891891,0.3108108108108108
125B,12,5B,0,572,1,571,419,152,inf,0.0017482517482517483,0.9982517482517482,0.7325174825174825,0.26573426573426573
125C,12,5C,0,606,0,606,430,176,inf,0.0,1.0,0.7095709570957096,0.29042904290429045
125D,12,5D,0,531,0,531,392,139,inf,0.0,1.0,0.7382297551789078,0.2617702448210923
126A,12,6A,0,534,1,533,365,168,inf,0.0018726591760299626,0.99812734082397,0.6835205992509363,0.3146067415730337
126B,12,6B,0,530,1,529,375,154,inf,0.0018867924528301887,0.9981132075471698,0.7075471698113207,0.29056603773584905
126C,12,6C,0,530,3,527,359,168,inf,0.005660377358490566,0.9943396226415094,0.6773584905660377,0.3169811320754717
126D,12,6D,0,529,5,524,363,161,inf,0.00945179584120983,0.9905482041587902,0.6862003780718336,0.30434782608695654
12101,12,101,1169,286,0,286,199,87,0.2446535500427716,0.0,1.0,0.6958041958041958,0.3041958041958042
12102,12,102,937,194,0,194,136,58,0.20704375667022412,0.0,1.0,0.7010309278350515,0.29896907216494845
12103,12,103,835,169,0,169,122,47,0.20239520958083831,0.0,1.0,0.7218934911242604,0.2781065088757396
12104,12,104,964,174,1,173,112,61,0.18049792531120332,0.005747126436781609,0.9942528735632183,0.6436781609195402,0.3505747126436782
12105,12,105,839,102,0,102,66,36,0.12157330154946365,0.0,1.0,0.6470588235294118,0.35294117647058826
12106,12,106,1156,169,0,169,101,68,0.14619377162629757,0.0,1.0,0.5976331360946746,0.40236686390532544
12107,12,107,1283,285,1,284,207,77,0.2221356196414653,0.0035087719298245615,0.9964912280701754,0.7263157894736842,0.27017543859649124
12108,12,108,860,149,1,148,94,54,0.17325581395348838,0.006711409395973154,0.9932885906040269,0.6308724832214765,0.3624161073825503
12109,12,109,956,145,0,145,93,52,0.151673640167364,0.0,1.0,0.6413793103448275,0.3586206896551724
12110,12,110,927,198,0,198,131,67,0.21359223300970873,0.0,1.0,0.6616161616161617,0.3383838383838384
12111,12,111,967,173,0,173,119,54,0.17890382626680454,0.0,1.0,0.6878612716763006,0.31213872832369943
12112,12,112,1232,334,1,333,219,114,0.2711038961038961,0.0029940119760479044,0.9970059880239521,0.655688622754491,0.3413173652694611
12113,12,113,656,145,0,145,112,33,0.22103658536585366,0.0,1.0,0.7724137931034483,0.22758620689655173
12114,12,114,1862,271,1,270,185,85,0.14554242749731472,0.0036900369003690036,0.996309963099631,0.6826568265682657,0.31365313653136534
12115,12,115,680,178,20,158,110,48,0.26176470588235295,0.11235955056179775,0.8876404494382022,0.6179775280898876,0.2696629213483146
12116,12,116,1065,182,1,181,117,64,0.17089201877934274,0.005494505494505495,0.9945054945054945,0.6428571428571429,0.3516483516483517
12117,12,117,2035,356,0,356,251,105,0.17493857493857493,0.0,1.0,0.7050561797752809,0.2949438202247191
12118,12,118,1799,298,0,298,199,99,0.16564758198999444,0.0,1.0,0.6677852348993288,0.33221476510067116
12119,12,119,1290,229,3,226,137,89,0.17751937984496124,0.013100436681222707,0.9868995633187773,0.5982532751091703,0.388646288209607
12120,12,120,1544,285,2,283,203,80,0.18458549222797926,0.007017543859649123,0.9929824561403509,0.712280701754386,0.2807017543859649
12121,12,121,1058,183,0,183,115,68,0.17296786389413987,0.0,1.0,0.6284153005464481,0.37158469945355194
12122,12,122,810,141,0,141,80,61,0.17407407407407408,0.0,1.0,0.5673758865248227,0.4326241134751773
12123,12,123,1623,254,0,254,173,81,0.15650030807147258,0.0,1.0,0.6811023622047244,0.3188976377952756
12124,12,124,1044,165,0,165,118,47,0.15804597701149425,0.0,1.0,0.7151515151515152,0.28484848484848485
12125,12,125,814,117,0,117,77,40,0.14373464373464373,0.0,1.0,0.6581196581196581,0.3418803418803419
12126,12,126,1585,236,1,235,150,85,0.14889589905362777,0.00423728813559322,0.9957627118644068,0.635593220338983,0.3601694915254237
12201,12,201,1704,424,2,422,298,124,0.24882629107981222,0.0047169811320754715,0.9952830188679245,0.7028301886792453,0.29245283018867924
12202,12,202,1947,430,1,429,277,152,0.22085259373394966,0.002325581395348837,0.9976744186046511,0.6441860465116279,0.35348837209302325
12203,12,203,1396,411,0,411,279,132,0.29441260744985676,0.0,1.0,0.6788321167883211,0.32116788321167883
12204,12,204,807,259,1,258,177,81,0.32094175960346966,0.003861003861003861,0.9961389961389961,0.6833976833976834,0.3127413127413127
12205,12,205,785,231,1,230,168,62,0.29426751592356687,0.004329004329004329,0.9956709956709957,0.7272727272727273,0.2683982683982684
12206,12,206,771,175,0,175,123,52,0.22697795071335927,0.0,1.0,0.7028571428571428,0.29714285714285715
12207,12,207,1697,331,4,327,251,76,0.19505008839127871,0.012084592145015106,0.9879154078549849,0.7583081570996979,0.229607250755287
12208,12,208,1112,150,0,150,111,39,0.13489208633093525,0.0,1.0,0.74,0.26
12209,12,209,756,122,2,120,84,36,0.16137566137566137,0.01639344262295082,0.9836065573770492,0.6885245901639344,0.29508196721311475
12210,12,210,1991,395,0,395,261,134,0.19839276745354092,0.0,1.0,0.660759493670886,0.3392405063291139
12211,12,211,1607,364,0,364,251,113,0.2265090230242688,0.0,1.0,0.6895604395604396,0.31043956043956045
12212,12,212,1557,341,1,340,252,88,0.21901091843288376,0.002932551319648094,0.9970674486803519,0.7390029325513197,0.25806451612903225
12213,12,213,1652,299,0,299,220,79,0.18099273607748184,0.0,1.0,0.7357859531772575,0.26421404682274247
12214,12,214,733,185,0,185,130,55,0.252387448840382,0.0,1.0,0.7027027027027027,0.2972972972972973
12215,12,215,1769,372,1,371,268,103,0.21028829847371397,0.002688172043010753,0.9973118279569892,0.7204301075268817,0.2768817204301075
12216,12,216,1616,318,3,315,218,97,0.1967821782178218,0.009433962264150943,0.9905660377358491,0.6855345911949685,0.3050314465408805
12217,12,217,1422,247,1,246,180,66,0.17369901547116737,0.004048582995951417,0.9959514170040485,0.728744939271255,0.26720647773279355
12218,12,218,938,125,0,125,88,37,0.13326226012793177,0.0,1.0,0.704,0.296
12219,12,219,1223,238,1,237,178,59,0.1946034341782502,0.004201680672268907,0.9957983193277311,0.7478991596638656,0.24789915966386555
12220,12,220,1274,158,0,158,99,59,0.12401883830455258,0.0,1.0,0.6265822784810127,0.37341772151898733
12221,12,221,1524,260,1,259,197,62,0.17060367454068243,0.0038461538461538464,0.9961538461538462,0.7576923076923077,0.23846153846153847
12222,12,222,1041,115,2,113,76,37,0.11047070124879924,0.017391304347826087,0.9826086956521739,0.6608695652173913,0.3217391304347826
12223,12,223,586,183,0,183,136,47,0.3122866894197952,0.0,1.0,0.7431693989071039,0.2568306010928962
12224,12,224,359,57,0,57,37,20,0.15877437325905291,0.0,1.0,0.6491228070175439,0.3508771929824561
12301,12,301,1458,560,1,559,355,204,0.3840877914951989,0.0017857142857142857,0.9982142857142857,0.6339285714285714,0.36428571428571427
12302,12,302,993,332,0,332,220,112,0.33434038267875127,0.0,1.0,0.6626506024096386,0.3373493975903614
12303,12,303,1085,330,1,329,219,110,0.30414746543778803,0.0030303030303030303,0.996969696969697,0.6636363636363637,0.3333333333333333
12304,12,304,685,234,0,234,169,65,0.3416058394160584,0.0,1.0,0.7222222222222222,0.2777777777777778
12305,12,305,989,352,1,351,233,118,0.35591506572295245,0.002840909090909091,0.9971590909090909,0.6619318181818182,0.3352272727272727
12306,12,306,1628,562,1,561,383,178,0.3452088452088452,0.0017793594306049821,0.998220640569395,0.6814946619217082,0.3167259786476868
12307,12,307,1803,689,3,686,450,236,0.382140876317249,0.0043541364296081275,0.9956458635703919,0.6531204644412192,0.34252539912917274
12308,12,308,1314,461,1,460,320,140,0.3508371385083714,0.0021691973969631237,0.9978308026030369,0.6941431670281996,0.3036876355748373
12309,12,309,1078,362,1,361,261,100,0.3358070500927644,0.0027624309392265192,0.9972375690607734,0.7209944751381215,0.27624309392265195
12310,12,310,1058,338,2,336,234,102,0.31947069943289225,0.005917159763313609,0.9940828402366864,0.6923076923076923,0.30177514792899407
12311,12,311,1130,398,0,398,275,123,0.35221238938053095,0.0,1.0,0.6909547738693468,0.30904522613065327
12312,12,312,1642,616,1,615,402,213,0.3751522533495737,0.0016233766233766235,0.9983766233766234,0.6525974025974026,0.3457792207792208
12313,12,313,1452,455,0,455,292,163,0.3133608815426997,0.0,1.0,0.6417582417582418,0.35824175824175825
12314,12,314,1874,628,1,627,391,236,0.33511205976520814,0.0015923566878980893,0.9984076433121019,0.6226114649681529,0.37579617834394907
12315,12,315,1508,561,1,560,410,150,0.3720159151193634,0.0017825311942959,0.9982174688057041,0.7308377896613191,0.26737967914438504
12316,12,316,1337,396,2,394,245,149,0.2961854899027674,0.005050505050505051,0.9949494949494949,0.6186868686868687,0.37626262626262624
12317,12,317,1945,502,1,501,340,161,0.2580976863753213,0.00199203187250996,0.99800796812749,0.6772908366533864,0.3207171314741036
12318,12,318,709,281,0,281,168,113,0.39633286318758815,0.0,1.0,0.597864768683274,0.40213523131672596
12319,12,319,1673,422,1,421,311,110,0.2522414823670054,0.002369668246445498,0.9976303317535545,0.7369668246445498,0.26066350710900477
12320,12,320,1007,192,1,191,152,39,0.1906653426017875,0.005208333333333333,0.9947916666666666,0.7916666666666666,0.203125
12321,12,321,1315,248,1,247,161,86,0.18859315589353612,0.004032258064516129,0.9959677419354839,0.6491935483870968,0.3467741935483871
12322,12,322,1581,375,1,374,275,99,0.23719165085388993,0.0026666666666666666,0.9973333333333333,0.7333333333333333,0.264
12323,12,323,1125,388,0,388,270,118,0.3448888888888889,0.0,1.0,0.6958762886597938,0.30412371134020616
12324,12,324,247,89,0,89,50,39,0.3603238866396761,0.0,1.0,0.5617977528089888,0.43820224719101125
12401,12,401,1960,678,2,676,422,254,0.34591836734693876,0.0029498525073746312,0.9970501474926253,0.6224188790560472,0.3746312684365782
12402,12,402,1218,305,0,305,201,104,0.2504105090311987,0.0,1.0,0.659016393442623,0.34098360655737703
12403,12,403,794,264,0,264,178,86,0.33249370277078083,0.0,1.0,0.6742424242424242,0.32575757575757575
12404,12,404,1679,314,2,312,216,96,0.18701608100059558,0.006369426751592357,0.9936305732484076,0.6878980891719745,0.3057324840764331
12405,12,405,1795,393,0,393,291,102,0.218941504178273,0.0,1.0,0.7404580152671756,0.2595419847328244
12406,12,406,1934,455,0,455,266,189,0.23526370217166495,0.0,1.0,0.5846153846153846,0.4153846153846154
12407,12,407,1205,481,2,479,306,173,0.3991701244813278,0.004158004158004158,0.9958419958419958,0.6361746361746362,0.3596673596673597
12408,12,408,1054,373,0,373,247,126,0.3538899430740038,0.0,1.0,0.6621983914209115,0.3378016085790885
12409,12,409,684,165,0,165,129,36,0.2412280701754386,0.0,1.0,0.7818181818181819,0.21818181818181817
12410,12,410,1154,301,1,300,222,78,0.2608318890814558,0.0033222591362126247,0.9966777408637874,0.7375415282392026,0.2591362126245847
12411,12,411,808,234,0,234,175,59,0.2896039603960396,0.0,1.0,0.7478632478632479,0.25213675213675213
12412,12,412,1968,580,0,580,423,157,0.29471544715447157,0.0,1.0,0.7293103448275862,0.2706896551724138
12413,12,413,1754,611,1,610,412,198,0.3483466362599772,0.0016366612111292963,0.9983633387888707,0.67430441898527,0.32405891980360063
12414,12,414,891,251,0,251,171,80,0.28170594837261503,0.0,1.0,0.6812749003984063,0.3187250996015936
12415,12,415,1361,262,1,261,156,105,0.19250551065393093,0.003816793893129771,0.9961832061068703,0.5954198473282443,0.40076335877862596
12416,12,416,1528,319,2,317,224,93,0.2087696335078534,0.006269592476489028,0.9937304075235109,0.7021943573667712,0.29153605015673983
12417,12,417,1676,537,5,532,373,159,0.3204057279236277,0.00931098696461825,0.9906890130353817,0.6945996275605214,0.29608938547486036
12418,12,418,1180,221,0,221,156,65,0.18728813559322033,0.0,1.0,0.7058823529411765,0.29411764705882354
12419,12,419,1364,355,1,354,247,107,0.2602639296187683,0.0028169014084507044,0.9971830985915493,0.6957746478873239,0.30140845070422534
12420,12,420,808,201,0,201,131,70,0.24876237623762376,0.0,1.0,0.6517412935323383,0.3482587064676617
12421,12,421,1248,358,0,358,218,140,0.28685897435897434,0.0,1.0,0.6089385474860335,0.39106145251396646
12422,12,422,1658,362,0,362,245,117,0.218335343787696,0.0,1.0,0.6767955801104972,0.32320441988950277
12423,12,423,1404,347,0,347,215,132,0.24715099715099714,0.0,1.0,0.6195965417867435,0.3804034582132565
12424,12,424,773,206,1,205,125,80,0.2664941785252264,0.0048543689320388345,0.9951456310679612,0.6067961165048543,0.3883495145631068
12425,12,425,1815,532,1,531,386,145,0.2931129476584022,0.0018796992481203006,0.9981203007518797,0.7255639097744361,0.2725563909774436
12426,12,426,723,204,0,204,117,87,0.2821576763485477,0.0,1.0,0.5735294117647058,0.4264705882352941
12501,12,501,896,368,0,368,237,131,0.4107142857142857,0.0,1.0,0.6440217391304348,0.35597826086956524
12502,12,502,1263,392,0,392,276,116,0.3103721298495645,0.0,1.0,0.7040816326530612,0.29591836734693877
12503,12,503,1826,664,1,663,449,214,0.36363636363636365,0.0015060240963855422,0.9984939759036144,0.6762048192771084,0.32228915662650603
12504,12,504,1444,249,0,249,177,72,0.1724376731301939,0.0,1.0,0.7108433734939759,0.2891566265060241
12505,12,505,835,207,1,206,144,62,0.24790419161676647,0.004830917874396135,0.9951690821256038,0.6956521739130435,0.2995169082125604
12506,12,506,711,174,2,172,127,45,0.24472573839662448,0.011494252873563218,0.9885057471264368,0.7298850574712644,0.25862068965517243
12507,12,507,908,179,0,179,129,50,0.197136563876652,0.0,1.0,0.7206703910614525,0.27932960893854747
12508,12,508,520,77,1,76,53,23,0.14807692307692308,0.012987012987012988,0.987012987012987,0.6883116883116883,0.2987012987012987
12509,12,509,1071,193,1,192,135,57,0.18020541549953314,0.0051813471502590676,0.9948186528497409,0.6994818652849741,0.29533678756476683
12510,12,510,834,138,0,138,100,38,0.16546762589928057,0.0,1.0,0.7246376811594203,0.2753623188405797
12511,12,511,981,170,0,170,133,37,0.17329255861365953,0.0,1.0,0.7823529411764706,0.21764705882352942
12512,12,512,1017,221,1,220,144,76,0.21730580137659783,0.004524886877828055,0.995475113122172,0.6515837104072398,0.3438914027149321
12513,12,513,1441,167,0,167,118,49,0.11589174184594032,0.0,1.0,0.7065868263473054,0.2934131736526946
12514,12,514,431,77,0,77,53,24,0.17865429234338748,0.0,1.0,0.6883116883116883,0.3116883116883117
12515,12,515,688,99,0,99,79,20,0.1438953488372093,0.0,1.0,0.797979797979798,0.20202020202020202
12516,12,516,1394,209,1,208,161,47,0.14992826398852224,0.004784688995215311,0.9952153110047847,0.7703349282296651,0.22488038277511962
12517,12,517,704,98,0,98,90,8,0.13920454545454544,0.0,1.0,0.9183673469387755,0.08163265306122448
12518,12,518,970,256,0,256,168,88,0.2639175257731959,0.0,1.0,0.65625,0.34375
12519,12,519,858,115,0,115,82,33,0.13403263403263405,0.0,1.0,0.7130434782608696,0.28695652173913044
12520,12,520,874,115,3,112,80,32,0.13157894736842105,0.02608695652173913,0.9739130434782609,0.6956521739130435,0.2782608695652174
12521,12,521,1117,308,0,308,219,89,0.2757385854968666,0.0,1.0,0.711038961038961,0.288961038961039
12522,12,522,776,136,0,136,98,38,0.17525773195876287,0.0,1.0,0.7205882352941176,0.27941176470588236
12523,12,523,1035,143,0,143,107,36,0.13816425120772946,0.0,1.0,0.7482517482517482,0.2517482517482518
12524,12,524,1418,243,0,243,160,83,0.17136812411847674,0.0,1.0,0.6584362139917695,0.34156378600823045
12525,12,525,955,322,0,322,237,85,0.33717277486910996,0.0,1.0,0.7360248447204969,0.2639751552795031
12526,12,526,1584,347,0,347,259,88,0.21906565656565657,0.0,1.0,0.7463976945244957,0.25360230547550433
12527,12,527,1127,249,1,248,182,66,0.2209405501330967,0.004016064257028112,0.9959839357429718,0.7309236947791165,0.26506024096385544
12601,12,601,281,79,0,79,47,32,0.28113879003558717,0.0,1.0,0.5949367088607594,0.4050632911392405
12602,12,602,1227,550,0,550,384,166,0.4482477587612062,0.0,1.0,0.6981818181818182,0.3018181818181818
12603,12,603,1096,377,1,376,257,119,0.34397810218978103,0.002652519893899204,0.9973474801061007,0.6816976127320955,0.3156498673740053
12604,12,604,1081,481,0,481,343,138,0.44495837187789083,0.0,1.0,0.7130977130977131,0.2869022869022869
12605,12,605,973,388,0,388,278,110,0.3987667009249743,0.0,1.0,0.7164948453608248,0.28350515463917525
12606,12,606,1465,604,0,604,415,189,0.41228668941979524,0.0,1.0,0.6870860927152318,0.3129139072847682
12607,12,607,1041,339,0,339,228,111,0.3256484149855908,0.0,1.0,0.672566371681416,0.3274336283185841
12608,12,608,835,305,0,305,224,81,0.3652694610778443,0.0,1.0,0.7344262295081967,0.26557377049180325
12609,12,609,1474,583,1,582,406,176,0.39552238805970147,0.0017152658662092624,0.9982847341337907,0.6963979416809606,0.3018867924528302
12610,12,610,1085,414,0,414,290,124,0.3815668202764977,0.0,1.0,0.7004830917874396,0.2995169082125604
12611,12,611,852,313,0,313,215,98,0.3673708920187793,0.0,1.0,0.6869009584664537,0.31309904153354634
12612,12,612,813,258,0,258,202,56,0.3173431734317343,0.0,1.0,0.7829457364341085,0.21705426356589147
12613,12,613,1114,423,1,422,299,123,0.37971274685816875,0.002364066193853428,0.9976359338061466,0.706855791962175,0.2907801418439716
12614,12,614,1681,493,1,492,314,178,0.29327781082688875,0.002028397565922921,0.9979716024340771,0.6369168356997972,0.36105476673427994
12615,12,615,1794,650,0,650,459,191,0.36231884057971014,0.0,1.0,0.7061538461538461,0.29384615384615387
12616,12,616,1447,522,1,521,384,137,0.36074637180373187,0.0019157088122605363,0.9980842911877394,0.735632183908046,0.2624521072796935
12617,12,617,1160,395,1,394,250,144,0.34051724137931033,0.002531645569620253,0.9974683544303797,0.6329113924050633,0.36455696202531646
12618,12,618,1649,542,1,541,340,201,0.3286840509399636,0.0018450184501845018,0.9981549815498155,0.6273062730627307,0.37084870848708484
12619,12,619,1438,546,0,546,357,189,0.3796940194714882,0.0,1.0,0.6538461538461539,0.34615384615384615
12620,12,620,1059,364,1,363,237,126,0.3437204910292729,0.0027472527472527475,0.9972527472527473,0.6510989010989011,0.34615384615384615
12621,12,621,947,379,1,378,261,117,0.40021119324181625,0.002638522427440633,0.9973614775725593,0.6886543535620053,0.3087071240105541
12622,12,622,1104,427,1,426,282,144,0.3867753623188406,0.00234192037470726,0.9976580796252927,0.6604215456674473,0.3372365339578454
12623,12,623,939,347,0,347,232,115,0.369542066027689,0.0,1.0,0.6685878962536023,0.3314121037463977
12624,12,624,1408,585,0,585,419,166,0.41548295454545453,0.0,1.0,0.7162393162393162,0.28376068376068375
12625,12,625,969,363,0,363,234,129,0.3746130030959752,0.0,1.0,0.6446280991735537,0.35537190082644626
