id,district_id,electoral_district_id,eligible_voters,voters,invalid_votes,valid_votes,vote_yes,vote_no,voter_turnout,invalid_votes_percentage,valid_votes_percentage,vote_yes_percentage,vote_no_percentage
011A,01,1A,0,818,10,808,783,25,inf,1.2224938875305624,98.77750611246944,95.72127139364304,3.056234718826406
011B,01,1B,0,776,1,775,743,32,inf,0.12886597938144329,99.87113402061856,95.74742268041237,4.123711340206185
011C,01,1C,0,766,0,766,751,15,inf,0.0,100.0,98.04177545691905,1.95822454308094
011D,01,1D,0,764,0,764,742,22,inf,0.0,100.0,97.12041884816755,2.8795811518324608
011F,01,1F,0,772,0,772,746,26,inf,0.0,100.0,96.6321243523316,3.3678756476683938
011G,01,1G,0,776,0,776,760,16,inf,0.0,100.0,97.9381443298969,2.0618556701030926
011H,01,1H,0,779,1,778,757,21,inf,0.12836970474967907,99.87163029525033,97.17586649550705,2.6957637997432604
011J,01,1J,0,764,0,764,750,14,inf,0.0,100.0,98.1675392670157,1.832460732984293
011K,01,1K,0,754,0,754,722,32,inf,0.0,100.0,95.75596816976127,4.244031830238726
011L,01,1L,0,756,1,755,739,16,inf,0.13227513227513227,99.86772486772487,97.75132275132276,2.1164021164021163
011M,01,1M,0,736,1,735,717,18,inf,0.1358695652173913,99.86413043478261,97.41847826086956,2.4456521739130435
011N,01,1N,0,780,9,771,743,28,inf,1.153846153846154,98.84615384615385,95.25641025641025,3.5897435897435894
01100,01,100,3066,447,1,446,439,7,14.579256360078277,0.22371364653243847,99.77628635346755,98.2102908277405,1.5659955257270695
01101,01,101,2469,364,0,364,356,8,14.742810854597002,0.0,100.0,97.8021978021978,2.197802197802198
01105,01,105,3952,705,0,705,693,12,17.839068825910932,0.0,100.0,98.29787234042553,1.702127659574468
01107,01,107,3634,640,1,639,633,6,17.611447440836546,0.15625,99.84375,98.90625,0.9375
01111,01,111,2365,506,0,506,492,14,21.3953488372093,0.0,100.0,97.23320158102767,2.766798418972332
01112,01,112,2315,473,0,473,471,2,20.43196544276458,0.0,100.0,99.57716701902748,0.42283298097251587
01115,01,115,3041,511,0,511,501,10,16.803682999013482,0.0,100.0,98.04305283757338,1.9569471624266144
01118,01,118,2487,403,2,401,397,4,16.204262163248895,0.49627791563275436,99.50372208436724,98.51116625310173,0.9925558312655087
01120,01,120,3496,604,1,603,594,9,17.276887871853546,0.16556291390728478,99.83443708609272,98.34437086092716,1.490066225165563
01121,01,121,2800,522,0,522,518,4,18.642857142857142,0.0,100.0,99.23371647509579,0.7662835249042145
01129,01,129,3099,458,4,454,444,10,14.778960955146822,0.8733624454148471,99.12663755458514,96.94323144104804,2.1834061135371177
01200,01,200,2034,397,0,397,394,3,19.51819075712881,0.0,100.0,99.24433249370277,0.7556675062972292
01202,01,202,3406,643,0,643,633,10,18.87844979448033,0.0,100.0,98.4447900466563,1.5552099533437014
01205,01,205,2909,630,0,630,626,4,21.656926778961843,0.0,100.0,99.36507936507937,0.6349206349206349
01207,01,207,3174,545,0,545,539,6,17.170762444864522,0.0,100.0,98.89908256880734,1.1009174311926606
01209,01,209,3865,634,3,631,622,9,16.403622250970244,0.47318611987381703,99.52681388012618,98.10725552050474,1.4195583596214512
01212,01,212,3370,785,1,784,769,15,23.293768545994066,0.12738853503184713,99.87261146496816,97.96178343949045,1.910828025477707
01214,01,214,3038,689,1,688,675,13,22.67939433838051,0.14513788098693758,99.85486211901306,97.96806966618288,1.8867924528301887
01217,01,217,2151,443,0,443,432,11,20.595072059507206,0.0,100.0,97.51693002257336,2.4830699774266365
01219,01,219,3364,815,0,815,803,12,24.227110582639718,0.0,100.0,98.52760736196319,1.4723926380368098
01221,01,221,3838,906,0,906,886,20,23.606044815007817,0.0,100.0,97.7924944812362,2.207505518763797
01300,01,300,3186,547,0,547,534,13,17.16886377903327,0.0,100.0,97.62340036563072,2.376599634369287
01302,01,302,2793,517,0,517,503,14,18.510562119584677,0.0,100.0,97.29206963249516,2.7079303675048356
01305,01,305,3224,703,1,702,694,8,21.805210918114142,0.1422475106685633,99.85775248933145,98.71977240398293,1.1379800853485065
01307,01,307,2777,495,0,495,480,15,17.824990997479297,0.0,100.0,96.96969696969697,3.0303030303030303
01308,01,308,2091,295,2,293,284,9,14.10808225729316,0.6779661016949152,99.32203389830508,96.27118644067797,3.050847457627119
01312,01,312,2404,593,0,593,588,5,24.66722129783694,0.0,100.0,99.15682967959528,0.8431703204047217
01315,01,315,2274,578,0,578,574,4,25.41776605101143,0.0,100.0,99.30795847750865,0.6920415224913495
01317,01,317,3595,807,0,807,787,20,22.447844228094578,0.0,100.0,97.52168525402726,2.478314745972739
01321,01,321,2339,376,0,376,372,4,16.075245831551946,0.0,100.0,98.93617021276596,1.0638297872340425
01323,01,323,2205,361,0,361,355,6,16.3718820861678,0.0,100.0,98.33795013850416,1.662049861495845
01325,01,325,2625,331,0,331,330,1,12.60952380952381,0.0,100.0,99.69788519637463,0.3021148036253776
01327,01,327,2936,410,0,410,399,11,13.96457765667575,0.0,100.0,97.3170731707317,2.682926829268293
01400,01,400,3332,419,1,418,407,11,12.5750300120048,0.23866348448687352,99.76133651551312,97.13603818615752,2.6252983293556085
01403,01,403,2655,499,0,499,488,11,18.794726930320152,0.0,100.0,97.79559118236473,2.2044088176352705
01404,01,404,2573,510,0,510,507,3,19.821220365332298,0.0,100.0,99.41176470588235,0.5882352941176471
01405,01,405,1906,323,0,323,318,5,16.94648478488982,0.0,100.0,98.45201238390094,1.5479876160990713
01409,01,409,3172,677,0,677,663,14,21.343001261034047,0.0,100.0,97.93205317577548,2.06794682422452
01414,01,414,2056,342,0,342,338,4,16.634241245136185,0.0,100.0,98.83040935672514,1.1695906432748537
01415,01,415,2880,502,0,502,490,12,17.430555555555554,0.0,100.0,97.60956175298804,2.3904382470119523
01416,01,416,3623,699,1,698,679,19,19.293403256969363,0.14306151645207438,99.85693848354794,97.13876967095851,2.7181688125894135
01421,01,421,2781,478,1,477,468,9,17.188061848256023,0.20920502092050208,99.7907949790795,97.90794979079497,1.882845188284519
01425,01,425,2740,515,0,515,495,20,18.795620437956202,0.0,100.0,96.11650485436894,3.8834951456310676
01427,01,427,2911,530,0,530,523,7,18.206801786327723,0.0,100.0,98.67924528301887,1.3207547169811322
01431,01,431,3080,482,1,481,474,7,15.64935064935065,0.2074688796680498,99.79253112033194,98.3402489626556,1.4522821576763485
01500,01,500,3136,568,2,566,550,16,18.112244897959183,0.35211267605633806,99.64788732394366,96.83098591549296,2.8169014084507045
01504,01,504,3129,537,0,537,532,5,17.16203259827421,0.0,100.0,99.06890130353817,0.931098696461825
01505,01,505,2705,629,1,628,620,8,23.253234750462106,0.1589825119236884,99.84101748807632,98.5691573926868,1.2718600953895072
01508,01,508,2218,437,0,437,433,4,19.702434625789,0.0,100.0,99.08466819221968,0.9153318077803204
01510,01,510,2216,325,0,325,316,9,14.666064981949459,0.0,100.0,97.23076923076923,2.769230769230769
01512,01,512,2150,377,0,377,369,8,17.53488372093023,0.0,100.0,97.87798408488064,2.122015915119363
01513,01,513,2586,347,0,347,340,7,13.418406805877803,0.0,100.0,97.98270893371757,2.0172910662824206
01516,01,516,3134,591,0,591,580,11,18.85768985322272,0.0,100.0,98.13874788494078,1.8612521150592216
01519,01,519,2449,636,0,636,624,12,25.969783585136792,0.0,100.0,98.11320754716981,1.8867924528301887
01522,01,522,2397,329,2,327,321,6,13.725490196078432,0.60790273556231,99.3920972644377,97.56838905775076,1.82370820668693
01524,01,524,2107,330,1,329,326,3,15.662078785002373,0.30303030303030304,99.69696969696969,98.7878787878788,0.9090909090909091
01528,01,528,3201,598,2,596,582,14,18.681661980631052,0.33444816053511706,99.66555183946488,97.32441471571906,2.341137123745819
01600,01,600,2182,294,0,294,288,6,13.473877176901924,0.0,100.0,97.95918367346938,2.0408163265306123
01601,01,601,3098,378,0,378,371,7,12.201420271142673,0.0,100.0,98.14814814814815,1.8518518518518516
01602,01,602,1911,404,1,403,395,8,21.140763997906856,0.24752475247524752,99.75247524752476,97.77227722772277,1.9801980198019802
01603,01,603,2669,358,0,358,349,9,13.413263394529787,0.0,100.0,97.48603351955308,2.5139664804469275
01605,01,605,2919,425,0,425,420,5,14.559780746831105,0.0,100.0,98.82352941176471,1.1764705882352942
01612,01,612,2090,328,0,328,316,12,15.69377990430622,0.0,100.0,96.34146341463415,3.6585365853658534
01613,01,613,3166,424,0,424,419,5,13.392293114339862,0.0,100.0,98.82075471698113,1.179245283018868
01617,01,617,2222,261,0,261,256,5,11.746174617461747,0.0,100.0,98.08429118773945,1.9157088122605364
01620,01,620,1954,243,0,243,236,7,12.436028659160696,0.0,100.0,97.11934156378601,2.880658436213992
01623,01,623,2938,450,0,450,428,22,15.31654186521443,0.0,100.0,95.11111111111111,4.888888888888889
01624,01,624,2451,365,0,365,354,11,14.89188086495308,0.0,100.0,96.98630136986301,3.0136986301369864
01627,01,627,2771,340,2,338,329,9,12.269938650306749,0.5882352941176471,99.41176470588235,96.76470588235294,2.6470588235294117
01632,01,632,2308,460,2,458,443,15,19.930675909878683,0.43478260869565216,99.56521739130434,96.30434782608695,3.260869565217391
01634,01,634,2692,409,1,408,397,11,15.193164933135215,0.24449877750611246,99.75550122249389,97.06601466992664,2.689486552567237
021A,02,1A,0,506,0,506,483,23,inf,0.0,100.0,95.45454545454545,4.545454545454546
021B,02,1B,0,677,0,677,667,10,inf,0.0,100.0,98.52289512555392,1.4771048744460855
021C,02,1C,0,371,0,371,361,10,inf,0.0,100.0,97.30458221024259,2.6954177897574128
021D,02,1D,0,617,1,616,612,4,inf,0.1620745542949757,99.83792544570503,99.18962722852513,0.6482982171799028
021E,02,1E,0,416,2,414,405,9,inf,0.4807692307692308,99.51923076923077,97.35576923076923,2.1634615384615383
021F,02,1F,0,327,1,326,324,2,inf,0.3058103975535168,99.69418960244649,99.08256880733946,0.6116207951070336
021G,02,1G,0,474,0,474,470,4,inf,0.0,100.0,99.15611814345992,0.8438818565400843
021H,02,1H,0,368,0,368,358,10,inf,0.0,100.0,97.28260869565217,2.717391304347826
021I,02,1I,0,332,0,332,320,12,inf,0.0,100.0,96.3855421686747,3.614457831325301
021J,02,1J,0,437,0,437,418,19,inf,0.0,100.0,95.65217391304348,4.3478260869565215
021K,02,1K,0,437,1,436,428,8,inf,0.2288329519450801,99.77116704805492,97.94050343249427,1.8306636155606408
021L,02,1L,0,780,1,779,771,8,inf,0.1282051282051282,99.87179487179488,98.84615384615385,1.0256410256410255
021M,02,1M,0,666,0,666,653,13,inf,0.0,100.0,98.04804804804806,1.951951951951952
021N,02,1N,0,505,1,504,492,12,inf,0.19801980198019803,99.8019801980198,97.42574257425743,2.376237623762376
021O,02,1O,0,530,1,529,513,16,inf,0.18867924528301888,99.81132075471699,96.79245283018868,3.018867924528302
021P,02,1P,0,460,1,459,453,6,inf,0.21739130434782608,99.78260869565217,98.47826086956522,1.3043478260869565
02101,02,101,1945,236,3,233,225,8,12.133676092544988,1.2711864406779663,98.72881355932203,95.33898305084746,3.389830508474576
02102,02,102,933,123,3,120,116,4,13.183279742765272,2.4390243902439024,97.5609756097561,94.3089430894309,3.2520325203252036
02103,02,103,786,103,0,103,103,0,13.104325699745548,0.0,100.0,100.0,0.0
02104,02,104,945,142,1,141,137,4,15.026455026455027,0.7042253521126761,99.29577464788733,96.47887323943662,2.8169014084507045
02105,02,105,3595,770,0,770,761,9,21.41863699582754,0.0,100.0,98.83116883116884,1.1688311688311688
02106,02,106,2596,639,0,639,631,8,24.614791987673343,0.0,100.0,98.74804381846636,1.2519561815336464
02107,02,107,1397,386,0,386,379,7,27.630637079455976,0.0,100.0,98.18652849740933,1.8134715025906734
02108,02,108,3889,909,3,908,896,12,23.373617896631522,0.33003300330033003,99.8899889988999,98.56985698569856,1.3201320132013201
02109,02,109,928,272,0,272,265,7,29.310344827586203,0.0,100.0,97.42647058823529,2.5735294117647056
02110,02,110,2419,585,1,584,575,9,24.183546920214965,0.17094017094017094,99.82905982905983,98.29059829059828,1.5384615384615385
02111,02,111,2360,596,0,596,590,6,25.254237288135595,0.0,100.0,98.99328859060402,1.006711409395973
02112,02,112,2569,585,0,587,579,8,22.771506422732582,0.0,100.34188034188034,98.97435897435898,1.3675213675213675
02113,02,113,1281,163,0,162,152,10,12.724434035909447,0.0,99.38650306748467,93.25153374233128,6.134969325153374
02114,02,114,915,153,0,153,148,5,16.721311475409838,0.0,100.0,96.73202614379085,3.2679738562091507
02115,02,115,1989,321,0,321,318,3,16.138763197586727,0.0,100.0,99.06542056074767,0.9345794392523363
02116,02,116,924,136,1,135,130,5,14.71861471861472,0.7352941176470588,99.26470588235294,95.58823529411765,3.6764705882352944
02117,02,117,2942,509,0,509,489,20,17.301155676410605,0.0,100.0,96.07072691552064,3.9292730844793713
02118,02,118,915,198,0,198,192,6,21.639344262295083,0.0,100.0,96.96969696969697,3.0303030303030303
02119,02,119,1122,298,0,298,294,4,26.559714795008915,0.0,100.0,98.65771812080537,1.342281879194631
02120,02,120,3245,884,0,884,878,6,27.24191063174114,0.0,100.0,99.3212669683258,0.6787330316742082
02121,02,121,1148,300,0,300,299,1,26.132404181184672,0.0,100.0,99.66666666666667,0.33333333333333337
02122,02,122,1046,246,0,246,243,3,23.518164435946463,0.0,100.0,98.78048780487805,1.2195121951219512
02123,02,123,1953,551,0,551,544,7,28.21300563236047,0.0,100.0,98.72958257713249,1.2704174228675136
02124,02,124,2407,602,1,601,599,2,25.010386373078518,0.16611295681063123,99.83388704318938,99.5016611295681,0.33222591362126247
02125,02,125,3440,714,1,713,698,15,20.75581395348837,0.1400560224089636,99.85994397759103,97.75910364145658,2.100840336134454
02126,02,126,1114,238,0,238,234,4,21.364452423698385,0.0,100.0,98.31932773109243,1.680672268907563
02127,02,127,1374,345,0,345,344,1,25.109170305676855,0.0,100.0,99.71014492753623,0.2898550724637681
02128,02,128,876,206,0,206,197,9,23.515981735159816,0.0,100.0,95.63106796116504,4.368932038834951
02129,02,129,1013,284,0,284,279,5,28.035538005923,0.0,100.0,98.23943661971832,1.7605633802816902
02130,02,130,1951,292,0,292,286,6,14.96668375192209,0.0,100.0,97.94520547945206,2.054794520547945
02131,02,131,1733,248,0,248,235,13,14.310444316214657,0.0,100.0,94.75806451612904,5.241935483870968
02132,02,132,1033,233,0,234,230,4,22.555663117134557,0.0,100.42918454935624,98.71244635193133,1.7167381974248928
02133,02,133,957,156,1,155,148,7,16.30094043887147,0.641025641025641,99.35897435897436,94.87179487179486,4.487179487179487
02134,02,134,2399,535,0,535,522,13,22.300958732805334,0.0,100.0,97.57009345794393,2.4299065420560746
02135,02,135,1099,254,0,254,252,2,23.11191992720655,0.0,100.0,99.21259842519686,0.7874015748031495
02136,02,136,1208,258,0,258,257,1,21.357615894039736,0.0,100.0,99.6124031007752,0.3875968992248062
02137,02,137,1390,339,0,339,335,4,24.388489208633093,0.0,100.0,98.82005899705014,1.1799410029498525
02138,02,138,3155,782,0,782,770,12,24.78605388272583,0.0,100.0,98.46547314578005,1.5345268542199488
02139,02,139,1113,332,0,332,327,5,29.829290206648697,0.0,100.0,98.49397590361446,1.5060240963855422
02140,02,140,1813,462,1,460,448,12,25.482625482625483,0.21645021645021645,99.56709956709958,96.96969696969697,2.5974025974025974
02141,02,141,2541,721,1,724,714,10,28.37465564738292,0.13869625520110956,100.41608876560333,99.02912621359224,1.3869625520110958
02142,02,142,2284,487,2,485,477,8,21.322241681260945,0.41067761806981523,99.58932238193019,97.94661190965093,1.642710472279261
02143,02,143,1374,356,0,356,353,3,25.90975254730713,0.0,100.0,99.15730337078652,0.8426966292134831
02144,02,144,2368,627,0,627,619,8,26.478040540540544,0.0,100.0,98.72408293460924,1.2759170653907497
02145,02,145,1082,244,1,243,236,7,22.55083179297597,0.4098360655737705,99.59016393442623,96.72131147540983,2.8688524590163933
02146,02,146,2139,583,0,583,576,7,27.255726975222068,0.0,100.0,98.79931389365352,1.2006861063464835
02147,02,147,632,173,1,172,169,3,27.37341772151899,0.5780346820809248,99.42196531791907,97.6878612716763,1.7341040462427744
02148,02,148,1092,238,0,238,235,3,21.794871794871796,0.0,100.0,98.73949579831933,1.2605042016806722
02149,02,149,2436,500,0,500,496,4,20.525451559934318,0.0,100.0,99.2,0.8
02150,02,150,1269,245,1,244,242,2,19.30654058313633,0.40816326530612246,99.59183673469387,98.77551020408163,0.8163265306122449
02151,02,151,1206,296,0,296,292,4,24.543946932006634,0.0,100.0,98.64864864864865,1.3513513513513513
02152,02,152,887,169,1,168,165,3,19.052987598647125,0.591715976331361,99.40828402366864,97.63313609467455,1.7751479289940828
02153,02,153,2218,487,0,487,485,2,21.956717763751126,0.0,100.0,99.58932238193019,0.41067761806981523
02154,02,154,1319,248,1,247,238,9,18.802122820318424,0.4032258064516129,99.59677419354838,95.96774193548387,3.6290322580645165
02155,02,155,1483,317,0,317,315,2,21.375590020229264,0.0,100.0,99.36908517350159,0.6309148264984227
02156,02,156,2476,601,1,600,578,22,24.273021001615508,0.16638935108153077,99.83361064891847,96.1730449251248,3.6605657237936775
02157,02,157,1164,245,0,245,237,8,21.04810996563574,0.0,100.0,96.73469387755102,3.2653061224489797
02158,02,158,1200,244,0,244,243,1,20.333333333333332,0.0,100.0,99.59016393442623,0.4098360655737705
02159,02,159,1902,533,0,533,529,4,28.023133543638274,0.0,100.0,99.24953095684803,0.7504690431519699
02160,02,160,1458,446,2,444,438,6,30.589849108367627,0.4484304932735426,99.55156950672645,98.20627802690582,1.345291479820628
02161,02,161,1377,305,0,305,303,2,22.149600580973132,0.0,100.0,99.34426229508196,0.6557377049180327
02162,02,162,3917,869,1,868,863,5,22.18534592800613,0.11507479861910241,99.88492520138091,99.30955120828538,0.5753739930955121
02163,02,163,1145,229,0,229,227,2,20.0,0.0,100.0,99.12663755458514,0.8733624454148471
02164,02,164,5392,1313,1,1312,1299,13,24.350890207715135,0.07616146230007616,99.92383853769992,98.93373952779893,0.9900990099009901
02165,02,165,2572,547,1,546,539,7,21.267496111975117,0.18281535648994515,99.81718464351006,98.53747714808044,1.2797074954296161
02166,02,166,4071,991,0,991,981,10,24.342913289118155,0.0,100.0,98.99091826437942,1.0090817356205852
02167,02,167,2521,638,0,638,634,4,25.307417691392303,0.0,100.0,99.37304075235109,0.6269592476489028
02168,02,168,3736,793,1,793,785,8,21.225910064239827,0.12610340479192939,100.0,98.99117276166457,1.008827238335435
02169,02,169,1410,315,1,314,306,8,22.340425531914892,0.31746031746031744,99.68253968253968,97.14285714285714,2.5396825396825395
02170,02,170,2542,573,0,574,561,13,22.54130605822187,0.0,100.17452006980803,97.90575916230367,2.2687609075043627
02171,02,171,1376,319,0,319,317,2,23.183139534883722,0.0,100.0,99.37304075235109,0.6269592476489028
02172,02,172,4134,861,0,860,845,15,20.827285921625542,0.0,99.88385598141696,98.14169570267131,1.7421602787456445
02173,02,173,3910,800,0,800,793,7,20.460358056265985,0.0,100.0,99.125,0.8750000000000001
02174,02,174,1457,341,1,340,335,5,23.404255319148938,0.2932551319648094,99.70674486803519,98.24046920821115,1.466275659824047
02175,02,175,2542,590,0,589,576,13,23.21007081038552,0.0,99.83050847457628,97.6271186440678,2.2033898305084745
02176,02,176,3606,683,0,683,675,8,18.94065446478092,0.0,100.0,98.82869692532942,1.171303074670571
02177,02,177,2816,556,5,551,542,9,19.744318181818183,0.8992805755395683,99.10071942446042,97.48201438848922,1.618705035971223
02178,02,178,1214,336,0,336,330,6,27.677100494233937,0.0,100.0,98.21428571428571,1.7857142857142856
02179,02,179,1530,373,0,373,369,4,24.37908496732026,0.0,100.0,98.92761394101876,1.0723860589812333
02180,02,180,4265,914,0,914,904,10,21.430246189917938,0.0,100.0,98.90590809628009,1.0940919037199124
02181,02,181,907,251,0,251,248,3,27.67364939360529,0.0,100.0,98.80478087649402,1.1952191235059761
02182,02,182,1292,279,0,279,275,4,21.594427244582043,0.0,100.0,98.56630824372759,1.4336917562724014
02183,02,183,2602,497,0,497,488,9,19.100691775557262,0.0,100.0,98.18913480885311,1.8108651911468814
02184,02,184,1251,279,0,279,267,12,22.302158273381295,0.0,100.0,95.6989247311828,4.301075268817205
02185,02,185,2363,590,1,589,575,14,24.96826068556919,0.1694915254237288,99.83050847457628,97.45762711864407,2.3728813559322033
02186,02,186,1998,582,0,582,559,23,29.129129129129126,0.0,100.0,96.04810996563575,3.951890034364261
02187,02,187,2317,474,1,473,464,9,20.457488131204144,0.21097046413502107,99.78902953586498,97.8902953586498,1.89873417721519
031A,03,1A,0,870,1,869,854,15,inf,0.11494252873563218,99.88505747126437,98.16091954022988,1.7241379310344827
031B,03,1B,0,868,1,867,852,15,inf,0.1152073732718894,99.88479262672811,98.15668202764977,1.7281105990783412
032A,03,2A,0,857,1,856,842,14,inf,0.11668611435239205,99.88331388564761,98.24970828471412,1.633605600933489
032B,03,2B,0,846,0,846,824,22,inf,0.0,100.0,97.39952718676122,2.6004728132387704
033A,03,3A,0,950,0,950,926,24,inf,0.0,100.0,97.47368421052632,2.526315789473684
033B,03,3B,0,844,1,843,827,16,inf,0.11848341232227488,99.88151658767772,97.98578199052133,1.8957345971563981
034A,03,4A,0,850,0,850,829,21,inf,0.0,100.0,97.52941176470588,2.4705882352941173
034B,03,4B,0,859,1,858,838,20,inf,0.11641443538998836,99.88358556461002,97.55529685681024,2.3282887077997674
035A,03,5A,0,857,0,857,835,22,inf,0.0,100.0,97.43290548424739,2.5670945157526255
035B,03,5B,0,886,0,886,862,24,inf,0.0,100.0,97.29119638826185,2.708803611738149
036A,03,6A,0,851,0,851,830,21,inf,0.0,100.0,97.53231492361927,2.4676850763807283
036B,03,6B,0,849,0,849,836,13,inf,0.0,100.0,98.46878680800943,1.5312131919905771
037A,03,7A,0,852,2,850,836,14,inf,0.2347417840375587,99.76525821596243,98.12206572769952,1.643192488262911
037B,03,7B,0,855,1,854,841,13,inf,0.11695906432748539,99.88304093567251,98.3625730994152,1.5204678362573099
038A,03,8A,0,862,2,860,847,13,inf,0.23201856148491878,99.76798143851508,98.25986078886311,1.5081206496519721
038B,03,8B,0,854,0,854,832,22,inf,0.0,100.0,97.42388758782201,2.576112412177986
039A,03,9A,0,857,0,857,844,13,inf,0.0,100.0,98.48308051341891,1.5169194865810969
039B,03,9B,0,855,5,850,839,11,inf,0.5847953216374269,99.41520467836257,98.12865497076024,1.2865497076023393
03101,03,101,2050,423,1,422,421,1,20.634146341463413,0.2364066193853428,99.76359338061465,99.52718676122932,0.2364066193853428
03102,03,102,2162,391,0,391,385,6,18.085106382978726,0.0,100.0,98.46547314578005,1.5345268542199488
03103,03,103,1550,342,0,342,339,3,22.064516129032256,0.0,100.0,99.12280701754386,0.8771929824561403
03104,03,104,3201,583,1,582,565,17,18.213058419243985,0.17152658662092624,99.82847341337907,96.91252144082333,2.9159519725557463
03105,03,105,1885,340,0,340,334,6,18.037135278514587,0.0,100.0,98.23529411764706,1.7647058823529411
03106,03,106,1911,269,0,269,264,5,14.076399790685503,0.0,100.0,98.14126394052045,1.858736059479554
03107,03,107,4262,860,1,859,851,8,20.178320037541063,0.11627906976744186,99.88372093023256,98.95348837209302,0.9302325581395349
03108,03,108,3494,941,0,941,933,8,26.931883228391527,0.0,100.0,99.14984059511158,0.8501594048884166
03109,03,109,1967,479,2,477,463,14,24.35180477885104,0.41753653444676403,99.58246346555325,96.65970772442589,2.9227557411273484
03110,03,110,3480,1216,1,1215,1195,20,34.94252873563218,0.08223684210526315,99.91776315789474,98.27302631578947,1.644736842105263
03111,03,111,1987,452,0,452,442,10,22.747861097131352,0.0,100.0,97.78761061946902,2.2123893805309733
03112,03,112,4029,1130,0,1130,1120,10,28.046661702655744,0.0,100.0,99.11504424778761,0.8849557522123894
03113,03,113,1920,424,0,424,418,6,22.083333333333332,0.0,100.0,98.58490566037736,1.4150943396226416
03201,03,201,810,303,0,303,300,3,37.407407407407405,0.0,100.0,99.00990099009901,0.9900990099009901
03202,03,202,630,177,0,177,174,3,28.095238095238095,0.0,100.0,98.30508474576271,1.694915254237288
03203,03,203,3735,848,0,848,837,11,22.704149933065594,0.0,100.0,98.70283018867924,1.2971698113207548
03204,03,204,1758,403,0,403,396,7,22.923777019340157,0.0,100.0,98.26302729528535,1.7369727047146404
03205,03,205,4296,1075,1,1074,1066,8,25.023277467411546,0.09302325581395349,99.90697674418605,99.16279069767442,0.7441860465116279
03206,03,206,2115,611,0,611,605,6,28.888888888888886,0.0,100.0,99.01800327332242,0.9819967266775778
03207,03,207,3760,960,0,960,948,12,25.53191489361702,0.0,100.0,98.75,1.25
03208,03,208,1820,461,0,461,459,2,25.32967032967033,0.0,100.0,99.56616052060737,0.43383947939262474
03209,03,209,2021,543,1,542,538,4,26.8678871845621,0.1841620626151013,99.8158379373849,99.0791896869245,0.7366482504604052
03210,03,210,3791,872,0,872,863,9,23.001846478501715,0.0,100.0,98.96788990825688,1.0321100917431194
03211,03,211,1914,501,0,501,488,13,26.17554858934169,0.0,100.0,97.40518962075848,2.5948103792415167
03212,03,212,1876,464,1,463,458,5,24.733475479744136,0.21551724137931033,99.78448275862068,98.70689655172413,1.0775862068965518
03213,03,213,1581,376,0,376,370,6,23.782416192283364,0.0,100.0,98.40425531914893,1.5957446808510638
03214,03,214,1628,332,0,332,325,7,20.39312039312039,0.0,100.0,97.89156626506023,2.108433734939759
03301,03,301,4014,1115,0,1115,1102,13,27.77777777777778,0.0,100.0,98.83408071748879,1.1659192825112108
03302,03,302,4037,1006,2,1004,981,23,24.919494674263067,0.19880715705765406,99.80119284294234,97.51491053677933,2.286282306163022
03303,03,303,1931,541,0,541,533,8,28.016571724495083,0.0,100.0,98.52125693160814,1.478743068391867
03304,03,304,3507,917,0,917,912,5,26.147704590818364,0.0,100.0,99.45474372955289,0.5452562704471101
03305,03,305,3491,912,0,912,901,11,26.124319679175024,0.0,100.0,98.79385964912281,1.2061403508771928
03306,03,306,1659,463,0,463,462,1,27.908378541289935,0.0,100.0,99.78401727861771,0.21598272138228944
03307,03,307,1599,399,0,399,392,7,24.953095684803,0.0,100.0,98.24561403508771,1.7543859649122806
03308,03,308,1883,531,1,530,520,10,28.199681359532665,0.18832391713747645,99.81167608286252,97.92843691148776,1.8832391713747645
03309,03,309,1756,436,0,436,432,4,24.829157175398635,0.0,100.0,99.08256880733946,0.9174311926605505
03310,03,310,3869,916,0,916,900,16,23.67536831222538,0.0,100.0,98.2532751091703,1.7467248908296942
03311,03,311,3722,812,0,812,799,13,21.81622783449758,0.0,100.0,98.39901477832512,1.600985221674877
03401,03,401,4215,900,2,898,879,19,21.352313167259787,0.2222222222222222,99.77777777777777,97.66666666666667,2.111111111111111
03402,03,402,4118,871,0,871,859,12,21.151044196211753,0.0,100.0,98.62227324913893,1.377726750861079
03403,03,403,1907,344,1,343,332,11,18.038804404824333,0.29069767441860467,99.70930232558139,96.51162790697676,3.1976744186046515
03404,03,404,3991,817,0,817,812,5,20.471059884740665,0.0,100.0,99.38800489596083,0.6119951040391677
03405,03,405,2030,430,0,430,423,7,21.182266009852217,0.0,100.0,98.37209302325581,1.627906976744186
03406,03,406,3973,879,2,877,863,14,22.124339290208912,0.22753128555176336,99.77246871444824,98.1797497155859,1.5927189988623434
03407,03,407,1580,421,0,421,417,4,26.645569620253163,0.0,100.0,99.04988123515439,0.9501187648456058
03408,03,408,1881,384,0,384,382,2,20.414673046251995,0.0,100.0,99.47916666666666,0.5208333333333333
03409,03,409,3985,1054,2,1052,1044,8,26.44918444165621,0.18975332068311196,99.81024667931689,99.05123339658444,0.7590132827324478
03410,03,410,1909,443,1,442,437,5,23.20586694604505,0.2257336343115124,99.77426636568849,98.64559819413093,1.1286681715575622
03501,03,501,3390,977,1,976,958,18,28.820058997050147,0.1023541453428864,99.89764585465711,98.05527123848515,1.842374616171955
03502,03,502,1326,343,0,343,335,8,25.867269984917048,0.0,100.0,97.667638483965,2.3323615160349855
03503,03,503,3676,756,0,756,741,15,20.5658324265506,0.0,100.0,98.01587301587301,1.984126984126984
03504,03,504,2234,584,0,584,578,6,26.141450313339305,0.0,100.0,98.97260273972603,1.0273972602739725
03505,03,505,3827,933,1,932,922,10,24.37940945910635,0.10718113612004287,99.89281886387997,98.82100750267952,1.0718113612004287
03506,03,506,3298,755,0,755,738,17,22.892662219526986,0.0,100.0,97.74834437086093,2.251655629139073
03507,03,507,4030,957,0,957,941,16,23.746898263027294,0.0,100.0,98.32810867293625,1.671891327063741
03508,03,508,4040,834,0,834,820,14,20.643564356435643,0.0,100.0,98.32134292565947,1.6786570743405276
03509,03,509,3006,774,0,774,762,12,25.748502994011975,0.0,100.0,98.44961240310077,1.550387596899225
03510,03,510,1274,411,1,410,407,3,32.26059654631083,0.24330900243309003,99.7566909975669,99.02676399026764,0.7299270072992701
03601,03,601,3873,787,0,787,777,10,20.32016524657888,0.0,100.0,98.72935196950444,1.2706480304955527
03602,03,602,3113,726,2,724,714,10,23.32155477031802,0.27548209366391185,99.72451790633609,98.34710743801654,1.3774104683195594
03603,03,603,3388,864,1,863,855,8,25.50177095631641,0.11574074074074073,99.88425925925925,98.95833333333334,0.9259259259259258
03604,03,604,3365,806,0,806,799,7,23.952451708766716,0.0,100.0,99.13151364764268,0.8684863523573202
03605,03,605,1711,412,0,412,410,2,24.079485680888368,0.0,100.0,99.51456310679612,0.48543689320388345
03606,03,606,3187,647,1,646,639,7,20.301223721368057,0.1545595054095827,99.84544049459042,98.76352395672335,1.0819165378670788
03607,03,607,3034,623,1,622,616,6,20.53394858272907,0.16051364365971107,99.83948635634029,98.87640449438202,0.9630818619582664
03608,03,608,3363,700,0,700,696,4,20.8147487362474,0.0,100.0,99.42857142857143,0.5714285714285714
03609,03,609,1865,366,0,366,361,5,19.62466487935657,0.0,100.0,98.63387978142076,1.366120218579235
03610,03,610,3261,615,0,615,610,5,18.859245630174794,0.0,100.0,99.1869918699187,0.8130081300813009
03611,03,611,1753,359,0,359,354,5,20.479178551055334,0.0,100.0,98.60724233983287,1.392757660167131
03701,03,701,1947,313,0,313,308,5,16.076014381099128,0.0,100.0,98.40255591054313,1.5974440894568689
03702,03,702,4065,674,0,674,659,15,16.580565805658058,0.0,100.0,97.77448071216617,2.225519287833828
03703,03,703,3880,713,1,712,702,10,18.376288659793815,0.1402524544179523,99.85974754558204,98.45722300140253,1.402524544179523
03704,03,704,3966,673,0,673,662,11,16.96923852748361,0.0,100.0,98.36552748885586,1.634472511144131
03705,03,705,3429,693,0,693,686,7,20.209973753280842,0.0,100.0,98.98989898989899,1.0101010101010102
03706,03,706,3085,818,1,817,810,7,26.51539708265802,0.12224938875305623,99.87775061124694,99.02200488997555,0.8557457212713936
03707,03,707,3649,797,0,797,785,12,21.841600438476295,0.0,100.0,98.49435382685068,1.5056461731493098
03708,03,708,3642,798,2,796,786,10,21.911037891268535,0.2506265664160401,99.74937343358395,98.49624060150376,1.2531328320802004
03709,03,709,3157,638,0,638,626,12,20.209059233449477,0.0,100.0,98.11912225705329,1.8808777429467085
03801,03,801,1995,438,2,436,427,9,21.954887218045112,0.45662100456621,99.54337899543378,97.48858447488584,2.054794520547945
03802,03,802,3269,725,1,724,717,7,22.178036096665647,0.13793103448275862,99.86206896551724,98.89655172413792,0.9655172413793104
03803,03,803,2747,584,0,584,571,13,21.259555879140883,0.0,100.0,97.77397260273972,2.2260273972602738
03804,03,804,3274,684,0,684,673,11,20.89187538179597,0.0,100.0,98.39181286549707,1.608187134502924
03805,03,805,1779,439,0,439,431,8,24.676784710511523,0.0,100.0,98.17767653758543,1.8223234624145785
03806,03,806,3260,678,1,677,672,5,20.797546012269937,0.14749262536873156,99.85250737463127,99.11504424778761,0.7374631268436578
03807,03,807,3187,735,1,734,722,12,23.06244116724192,0.13605442176870747,99.8639455782313,98.2312925170068,1.6326530612244898
03808,03,808,1526,337,1,336,334,2,22.083879423328963,0.2967359050445104,99.70326409495549,99.10979228486647,0.5934718100890208
03809,03,809,3023,654,0,654,652,2,21.634138273238506,0.0,100.0,99.69418960244649,0.3058103975535168
03810,03,810,2965,557,3,554,542,12,18.7858347386172,0.5385996409335727,99.46140035906643,97.30700179533214,2.154398563734291
03811,03,811,2160,418,0,418,413,5,19.35185185185185,0.0,100.0,98.80382775119617,1.1961722488038278
03901,03,901,3073,836,0,836,825,11,27.204685974617636,0.0,100.0,98.68421052631578,1.3157894736842104
03902,03,902,3285,704,0,704,693,11,21.430745814307457,0.0,100.0,98.4375,1.5625
03903,03,903,2149,587,1,586,574,12,27.315030246626335,0.17035775127768313,99.82964224872232,97.78534923339012,2.0442930153321974
03904,03,904,3906,1046,0,1046,1021,25,26.779313876088068,0.0,100.0,97.60994263862332,2.390057361376673
03905,03,905,1949,439,0,439,434,5,22.524371472550026,0.0,100.0,98.86104783599089,1.1389521640091116
03906,03,906,4180,973,3,970,951,19,23.27751196172249,0.3083247687564234,99.69167523124358,97.73895169578623,1.9527235354573484
03907,03,907,3720,693,0,693,681,12,18.629032258064516,0.0,100.0,98.26839826839827,1.7316017316017316
03908,03,908,3542,795,4,791,782,9,22.444946357989835,0.5031446540880503,99.49685534591195,98.36477987421384,1.1320754716981132
03909,03,909,1878,372,0,372,364,8,19.808306709265175,0.0,100.0,97.84946236559139,2.1505376344086025
03910,03,910,3185,694,0,694,686,8,21.789638932496075,0.0,100.0,98.84726224783861,1.1527377521613833
03911,03,911,3420,846,0,846,838,8,24.736842105263158,0.0,100.0,99.05437352245863,0.9456264775413712
041A,04,1A,0,497,1,496,486,10,inf,0.2012072434607646,99.79879275653923,97.78672032193158,2.0120724346076457
041B,04,1B,0,531,0,531,521,10,inf,0.0,100.0,98.11676082862523,1.8832391713747645
041C,04,1C,0,510,2,508,504,4,inf,0.39215686274509803,99.6078431372549,98.82352941176471,0.7843137254901961
041D,04,1D,0,472,1,471,465,6,inf,0.211864406779661,99.78813559322035,98.51694915254238,1.2711864406779663
041E,04,1E,0,545,0,545,539,6,inf,0.0,100.0,98.89908256880734,1.1009174311926606
041F,04,1F,0,509,2,507,500,7,inf,0.3929273084479371,99.60707269155206,98.23182711198429,1.37524557956778
041G,04,1G,0,473,0,473,458,15,inf,0.0,100.0,96.82875264270614,3.171247357293869
041H,04,1H,0,468,0,468,459,9,inf,0.0,100.0,98.07692307692307,1.9230769230769231
041I,04,1I,0,478,0,478,468,10,inf,0.0,100.0,97.90794979079497,2.092050209205021
041J,04,1J,0,441,0,441,435,6,inf,0.0,100.0,98.63945578231292,1.3605442176870748
041K,04,1K,0,433,1,432,424,8,inf,0.23094688221709006,99.76905311778292,97.92147806004618,1.8475750577367205
041L,04,1L,0,516,0,516,511,5,inf,0.0,100.0,99.03100775193798,0.9689922480620154
041M,04,1M,0,465,1,464,452,12,inf,0.21505376344086022,99.78494623655914,97.20430107526882,2.5806451612903225
041N,04,1N,0,517,0,517,506,11,inf,0.0,100.0,97.87234042553192,2.127659574468085
041O,04,1O,0,487,0,487,477,10,inf,0.0,100.0,97.94661190965093,2.0533880903490758
041P,04,1P,0,460,0,460,450,10,inf,0.0,100.0,97.82608695652173,2.1739130434782608
041Q,04,1Q,0,440,0,440,431,9,inf,0.0,100.0,97.95454545454545,2.0454545454545454
041R,04,1R,0,492,0,492,485,7,inf,0.0,100.0,98.57723577235772,1.4227642276422763
041S,04,1S,0,512,1,511,493,18,inf,0.1953125,99.8046875,96.2890625,3.515625
041T,04,1T,0,465,0,465,459,6,inf,0.0,100.0,98.70967741935483,1.2903225806451613
041U,04,1U,0,505,0,505,491,14,inf,0.0,100.0,97.22772277227722,2.7722772277227725
041V,04,1V,0,463,3,460,452,8,inf,0.6479481641468683,99.35205183585313,97.62419006479482,1.7278617710583155
041W,04,1W,0,469,0,469,456,13,inf,0.0,100.0,97.22814498933901,2.771855010660981
041X,04,1X,0,491,3,488,480,8,inf,0.6109979633401221,99.38900203665987,97.75967413441956,1.6293279022403258
041Y,04,1Y,0,465,0,465,455,10,inf,0.0,100.0,97.84946236559139,2.1505376344086025
04101,04,101,3396,534,1,533,523,10,15.724381625441698,0.18726591760299627,99.812734082397,97.94007490636703,1.8726591760299627
04102,04,102,3589,483,1,482,471,11,13.457787684591807,0.2070393374741201,99.79296066252587,97.51552795031056,2.2774327122153206
04103,04,103,2447,399,0,399,388,11,16.305680425010216,0.0,100.0,97.24310776942356,2.756892230576441
04104,04,104,3117,454,0,454,446,8,14.565287135065768,0.0,100.0,98.23788546255507,1.762114537444934
04105,04,105,2559,365,0,365,357,8,14.263384134427511,0.0,100.0,97.80821917808218,2.191780821917808
04106,04,106,2753,537,0,537,530,7,19.50599346167817,0.0,100.0,98.69646182495345,1.303538175046555
04107,04,107,4266,747,2,745,739,6,17.51054852320675,0.2677376171352075,99.73226238286479,98.92904953145917,0.8032128514056224
04108,04,108,936,251,0,251,251,0,26.816239316239315,0.0,100.0,100.0,0.0
04109,04,109,2551,467,0,467,459,8,18.30654645237162,0.0,100.0,98.28693790149893,1.7130620985010707
04110,04,110,3063,597,1,596,590,6,19.49069539666993,0.16750418760469013,99.83249581239531,98.82747068676717,1.0050251256281406
04111,04,111,3526,836,0,836,823,13,23.709585933068634,0.0,100.0,98.44497607655502,1.555023923444976
04112,04,112,2532,539,0,539,529,10,21.287519747235386,0.0,100.0,98.14471243042672,1.855287569573284
04113,04,113,3217,474,0,474,465,9,14.734224432701273,0.0,100.0,98.10126582278481,1.89873417721519
04114,04,114,2690,536,1,535,530,5,19.925650557620816,0.18656716417910446,99.81343283582089,98.88059701492537,0.9328358208955223
04115,04,115,2507,568,0,568,561,7,22.656561627443157,0.0,100.0,98.76760563380282,1.232394366197183
04116,04,116,3754,691,2,689,682,7,18.407032498668087,0.2894356005788712,99.71056439942113,98.69753979739508,1.0130246020260492
04117,04,117,1273,253,0,253,246,7,19.874312647289866,0.0,100.0,97.23320158102767,2.766798418972332
04118,04,118,3001,630,1,629,618,11,20.993002332555815,0.15873015873015872,99.84126984126985,98.09523809523809,1.746031746031746
04119,04,119,1514,263,0,263,258,5,17.37120211360634,0.0,100.0,98.09885931558935,1.9011406844106464
04120,04,120,1109,315,1,314,306,8,28.40396753832281,0.31746031746031744,99.68253968253968,97.14285714285714,2.5396825396825395
04121,04,121,2334,440,0,440,427,13,18.851756640959728,0.0,100.0,97.04545454545455,2.9545454545454546
04122,04,122,2627,490,0,490,486,4,18.652455272173583,0.0,100.0,99.18367346938776,0.8163265306122449
04123,04,123,2278,517,0,517,510,7,22.69534679543459,0.0,100.0,98.64603481624758,1.3539651837524178
04124,04,124,2454,534,0,534,527,7,21.76039119804401,0.0,100.0,98.68913857677903,1.3108614232209739
04125,04,125,2394,551,0,551,544,7,23.015873015873016,0.0,100.0,98.72958257713249,1.2704174228675136
04126,04,126,2704,632,0,632,620,12,23.37278106508876,0.0,100.0,98.10126582278481,1.89873417721519
04127,04,127,1530,317,0,317,313,4,20.718954248366014,0.0,100.0,98.73817034700315,1.2618296529968454
04128,04,128,2510,565,0,565,563,2,22.50996015936255,0.0,100.0,99.64601769911503,0.35398230088495575
04129,04,129,2609,513,0,513,511,2,19.662706017631276,0.0,100.0,99.61013645224172,0.3898635477582846
04130,04,130,1489,254,0,254,248,6,17.058428475486902,0.0,100.0,97.63779527559055,2.3622047244094486
04131,04,131,2638,531,0,531,525,6,20.12888551933283,0.0,100.0,98.87005649717514,1.1299435028248588
04132,04,132,2424,447,0,447,444,3,18.44059405940594,0.0,100.0,99.32885906040269,0.6711409395973155
04133,04,133,2404,411,0,411,406,5,17.096505823627286,0.0,100.0,98.78345498783455,1.2165450121654502
04134,04,134,1498,256,0,256,253,3,17.089452603471294,0.0,100.0,98.828125,1.171875
04135,04,135,2434,393,0,393,389,4,16.146261298274446,0.0,100.0,98.9821882951654,1.0178117048346056
04136,04,136,2588,424,0,424,420,4,16.383307573415763,0.0,100.0,99.05660377358491,0.9433962264150944
04137,04,137,2604,328,0,328,324,4,12.59600614439324,0.0,100.0,98.78048780487805,1.2195121951219512
04138,04,138,2533,396,1,395,391,4,15.633636004737467,0.25252525252525254,99.74747474747475,98.73737373737373,1.0101010101010102
04139,04,139,2427,392,1,391,386,5,16.1516275236918,0.25510204081632654,99.74489795918367,98.46938775510205,1.2755102040816326
04140,04,140,2444,415,0,415,410,5,16.98036006546645,0.0,100.0,98.79518072289156,1.2048192771084338
04141,04,141,2767,515,0,515,512,3,18.612215395735454,0.0,100.0,99.41747572815534,0.5825242718446602
04142,04,142,2869,482,0,482,477,5,16.80027884280237,0.0,100.0,98.96265560165975,1.0373443983402488
04143,04,143,2380,330,0,330,324,6,13.865546218487395,0.0,100.0,98.18181818181819,1.8181818181818181
04144,04,144,2347,383,0,383,382,1,16.31870472944184,0.0,100.0,99.73890339425587,0.26109660574412535
04145,04,145,2464,277,0,277,270,7,11.241883116883116,0.0,100.0,97.47292418772562,2.527075812274368
04146,04,146,2365,326,0,326,320,6,13.784355179704017,0.0,100.0,98.15950920245399,1.8404907975460123
04147,04,147,2597,424,0,424,419,5,16.3265306122449,0.0,100.0,98.82075471698113,1.179245283018868
04148,04,148,1966,372,0,372,365,7,18.921668362156662,0.0,100.0,98.11827956989248,1.881720430107527
04149,04,149,2258,261,0,261,258,3,11.558901682905226,0.0,100.0,98.85057471264368,1.1494252873563218
04150,04,150,2553,343,0,343,338,5,13.435174304739522,0.0,100.0,98.54227405247813,1.4577259475218658
04151,04,151,2192,385,0,385,380,5,17.563868613138688,0.0,100.0,98.7012987012987,1.2987012987012987
04152,04,152,1402,280,0,280,277,3,19.971469329529242,0.0,100.0,98.92857142857143,1.0714285714285714
04153,04,153,2698,512,1,511,504,7,18.977020014825797,0.1953125,99.8046875,98.4375,1.3671875
04154,04,154,2437,371,0,371,366,5,15.223635617562579,0.0,100.0,98.6522911051213,1.3477088948787064
04155,04,155,3383,469,0,469,468,1,13.863434821164647,0.0,100.0,99.7867803837953,0.21321961620469082
04156,04,156,2680,482,0,482,475,7,17.98507462686567,0.0,100.0,98.54771784232366,1.4522821576763485
04157,04,157,2705,497,0,497,491,6,18.373382624768947,0.0,100.0,98.79275653923541,1.2072434607645874
04158,04,158,2186,355,0,355,352,3,16.23970722781336,0.0,100.0,99.15492957746478,0.8450704225352111
04159,04,159,2134,380,1,379,372,7,17.80693533270853,0.2631578947368421,99.73684210526315,97.89473684210527,1.8421052631578945
04160,04,160,2613,366,1,365,361,4,14.006888633754306,0.273224043715847,99.72677595628416,98.63387978142076,1.092896174863388
04161,04,161,3709,747,0,747,733,14,20.140199514693986,0.0,100.0,98.12583668005355,1.8741633199464525
04162,04,162,2128,349,0,349,339,10,16.400375939849624,0.0,100.0,97.134670487106,2.865329512893983
04163,04,163,2314,374,0,374,369,5,16.16248919619706,0.0,100.0,98.66310160427807,1.3368983957219251
04164,04,164,2745,634,0,634,623,11,23.096539162112933,0.0,100.0,98.26498422712933,1.7350157728706623
04165,04,165,2150,431,0,431,427,4,20.046511627906977,0.0,100.0,99.07192575406032,0.9280742459396751
04166,04,166,3437,588,2,586,581,5,17.10794297352342,0.3401360544217687,99.65986394557824,98.80952380952381,0.8503401360544218
04167,04,167,2369,456,1,455,450,5,19.248628113127904,0.21929824561403508,99.78070175438597,98.68421052631578,1.0964912280701753
04168,04,168,2677,565,0,565,555,10,21.1057153530071,0.0,100.0,98.23008849557522,1.7699115044247788
04169,04,169,2358,435,0,435,432,3,18.447837150127228,0.0,100.0,99.3103448275862,0.6896551724137931
04170,04,170,2239,429,0,429,428,1,19.160339437248773,0.0,100.0,99.76689976689977,0.2331002331002331
04171,04,171,2695,562,0,562,553,9,20.853432282003713,0.0,100.0,98.39857651245552,1.601423487544484
04172,04,172,2529,524,0,524,520,4,20.719652036378015,0.0,100.0,99.23664122137404,0.7633587786259541
04173,04,173,2832,634,0,634,629,5,22.387005649717516,0.0,100.0,99.21135646687698,0.7886435331230284
04174,04,174,2397,459,0,459,457,2,19.148936170212767,0.0,100.0,99.56427015250546,0.4357298474945534
04175,04,175,2776,635,0,635,624,11,22.874639769452447,0.0,100.0,98.26771653543307,1.7322834645669292
04176,04,176,2965,744,0,744,731,13,25.09274873524452,0.0,100.0,98.25268817204301,1.747311827956989
04177,04,177,2954,827,1,826,822,4,27.995937711577522,0.12091898428053204,99.87908101571948,99.39540507859735,0.48367593712212814
04178,04,178,2895,706,0,706,700,6,24.386873920552677,0.0,100.0,99.15014164305948,0.84985835694051
04179,04,179,2784,646,2,644,633,11,23.204022988505745,0.30959752321981426,99.69040247678018,97.9876160990712,1.7027863777089782
04180,04,180,2784,731,2,729,711,18,26.257183908045977,0.27359781121751026,99.72640218878249,97.2640218878249,2.462380300957592
04181,04,181,1421,289,0,289,286,3,20.337790288529206,0.0,100.0,98.96193771626297,1.0380622837370241
04182,04,182,1475,355,0,355,353,2,24.06779661016949,0.0,100.0,99.43661971830986,0.5633802816901409
04183,04,183,1402,308,0,308,303,5,21.96861626248217,0.0,100.0,98.37662337662337,1.6233766233766231
04184,04,184,2427,542,0,542,534,8,22.332097239390194,0.0,100.0,98.5239852398524,1.4760147601476015
04185,04,185,1233,336,0,336,327,9,27.25060827250608,0.0,100.0,97.32142857142857,2.6785714285714284
04186,04,186,2324,461,1,460,451,9,19.836488812392428,0.21691973969631237,99.78308026030369,97.83080260303689,1.9522776572668112
04187,04,187,1581,229,0,229,227,2,14.484503478810879,0.0,100.0,99.12663755458514,0.8733624454148471
04188,04,188,1343,244,0,244,243,1,18.168279970215934,0.0,100.0,99.59016393442623,0.4098360655737705
051A,05,1A,0,386,1,385,376,9,inf,0.2590673575129534,99.74093264248705,97.40932642487047,2.33160621761658
051B,05,1B,0,409,0,409,395,14,inf,0.0,100.0,96.57701711491443,3.4229828850855744
051C,05,1C,0,402,0,402,397,5,inf,0.0,100.0,98.75621890547264,1.2437810945273633
051D,05,1D,0,435,0,435,425,10,inf,0.0,100.0,97.70114942528735,2.2988505747126435
051E,05,1E,0,464,2,462,454,8,inf,0.43103448275862066,99.56896551724138,97.84482758620689,1.7241379310344827
051F,05,1F,0,420,0,420,410,10,inf,0.0,100.0,97.61904761904762,2.380952380952381
051G,05,1G,0,455,0,455,443,12,inf,0.0,100.0,97.36263736263736,2.6373626373626373
051H,05,1H,0,397,0,397,390,7,inf,0.0,100.0,98.2367758186398,1.7632241813602016
051I,05,1I,0,429,0,429,422,7,inf,0.0,100.0,98.36829836829837,1.6317016317016315
051J,05,1J,0,439,0,439,429,10,inf,0.0,100.0,97.72209567198178,2.277904328018223
051K,05,1K,0,435,1,434,430,4,inf,0.22988505747126436,99.77011494252874,98.85057471264368,0.9195402298850575
051L,05,1L,0,437,0,437,429,8,inf,0.0,100.0,98.16933638443935,1.8306636155606408
051M,05,1M,0,445,1,444,435,9,inf,0.22471910112359553,99.7752808988764,97.75280898876404,2.0224719101123596
051N,05,1N,0,393,0,393,383,10,inf,0.0,100.0,97.45547073791349,2.5445292620865136
051O,05,1O,0,465,1,464,455,9,inf,0.21505376344086022,99.78494623655914,97.84946236559139,1.935483870967742
051P,05,1P,0,432,0,432,422,10,inf,0.0,100.0,97.68518518518519,2.314814814814815
051Q,05,1Q,0,438,0,438,426,12,inf,0.0,100.0,97.26027397260275,2.73972602739726
051R,05,1R,0,493,1,492,481,11,inf,0.2028397565922921,99.79716024340772,97.56592292089249,2.231237322515213
051S,05,1S,0,425,1,424,415,9,inf,0.2352941176470588,99.76470588235294,97.6470588235294,2.1176470588235294
051T,05,1T,0,472,0,472,456,16,inf,0.0,100.0,96.61016949152543,3.389830508474576
05101,05,101,846,164,0,164,163,1,19.38534278959811,0.0,100.0,99.39024390243902,0.6097560975609756
05102,05,102,956,146,0,146,144,2,15.271966527196653,0.0,100.0,98.63013698630137,1.36986301369863
05103,05,103,1115,401,0,401,400,1,35.96412556053812,0.0,100.0,99.75062344139651,0.24937655860349126
05104,05,104,1853,306,0,306,302,4,16.51376146788991,0.0,100.0,98.69281045751634,1.3071895424836601
05105,05,105,1827,425,0,425,418,7,23.26217843459223,0.0,100.0,98.3529411764706,1.647058823529412
05106,05,106,2554,417,0,417,407,10,16.327329678935005,0.0,100.0,97.60191846522783,2.3980815347721824
05107,05,107,2109,547,0,547,531,16,25.936462778568043,0.0,100.0,97.07495429616088,2.9250457038391224
05108,05,108,1934,414,0,414,406,8,21.406411582213032,0.0,100.0,98.06763285024155,1.932367149758454
05109,05,109,1055,232,0,232,229,3,21.990521327014218,0.0,100.0,98.70689655172413,1.293103448275862
05110,05,110,1302,120,0,120,120,0,9.216589861751153,0.0,100.0,100.0,0.0
05111,05,111,951,177,0,177,174,3,18.61198738170347,0.0,100.0,98.30508474576271,1.694915254237288
05112,05,112,845,144,1,143,139,4,17.041420118343193,0.6944444444444444,99.30555555555556,96.52777777777779,2.7777777777777777
05113,05,113,1136,367,1,366,362,4,32.306338028169016,0.2724795640326975,99.72752043596729,98.63760217983652,1.08991825613079
05114,05,114,848,156,0,156,150,6,18.39622641509434,0.0,100.0,96.15384615384616,3.8461538461538463
05115,05,115,1130,201,0,201,195,6,17.787610619469028,0.0,100.0,97.01492537313433,2.9850746268656714
05116,05,116,2958,600,0,600,583,17,20.28397565922921,0.0,100.0,97.16666666666667,2.833333333333333
05117,05,117,2083,357,2,355,350,5,17.1387421987518,0.5602240896358543,99.43977591036415,98.0392156862745,1.400560224089636
05118,05,118,2661,335,1,334,315,19,12.589252160841788,0.2985074626865672,99.70149253731343,94.02985074626866,5.6716417910447765
05119,05,119,898,115,0,115,108,7,12.806236080178174,0.0,100.0,93.91304347826087,6.086956521739131
05120,05,120,1768,280,0,280,272,8,15.837104072398189,0.0,100.0,97.14285714285714,2.857142857142857
05121,05,121,863,172,0,172,168,4,19.930475086906142,0.0,100.0,97.67441860465115,2.3255813953488373
05122,05,122,1112,230,0,230,222,8,20.68345323741007,0.0,100.0,96.52173913043478,3.4782608695652173
05123,05,123,1150,168,0,168,165,3,14.608695652173914,0.0,100.0,98.21428571428571,1.7857142857142856
05124,05,124,722,153,0,153,150,3,21.191135734072024,0.0,100.0,98.0392156862745,1.9607843137254901
05125,05,125,666,66,0,66,66,0,9.90990990990991,0.0,100.0,100.0,0.0
05126,05,126,1179,130,0,130,127,3,11.02629346904156,0.0,100.0,97.6923076923077,2.307692307692308
05127,05,127,1555,249,2,247,241,6,16.012861736334404,0.8032128514056224,99.19678714859438,96.78714859437751,2.4096385542168677
05128,05,128,2202,292,0,292,279,13,13.260672116257947,0.0,100.0,95.54794520547945,4.4520547945205475
05129,05,129,850,175,0,175,171,4,20.588235294117645,0.0,100.0,97.71428571428571,2.2857142857142856
05130,05,130,1896,371,0,371,362,9,19.567510548523206,0.0,100.0,97.57412398921834,2.4258760107816713
05131,05,131,1671,319,1,318,309,9,19.090365050867746,0.3134796238244514,99.68652037617555,96.86520376175548,2.8213166144200628
05132,05,132,1964,508,0,508,500,8,25.865580448065174,0.0,100.0,98.4251968503937,1.574803149606299
05133,05,133,2234,626,1,625,611,14,28.02148612354521,0.1597444089456869,99.84025559105432,97.60383386581469,2.2364217252396164
05134,05,134,3329,735,2,733,717,16,22.07870231300691,0.27210884353741494,99.72789115646259,97.55102040816327,2.1768707482993195
05135,05,135,1909,350,0,350,343,7,18.334206390780512,0.0,100.0,98.0,2.0
05136,05,136,2059,399,1,398,382,16,19.378338999514327,0.2506265664160401,99.74937343358395,95.73934837092732,4.010025062656641
05137,05,137,841,191,0,191,186,5,22.711058263971463,0.0,100.0,97.38219895287958,2.6178010471204187
05138,05,138,2963,536,0,536,523,13,18.089773877826527,0.0,100.0,97.57462686567165,2.425373134328358
05139,05,139,2547,378,0,378,369,9,14.840989399293287,0.0,100.0,97.61904761904762,2.380952380952381
05140,05,140,2310,326,1,325,315,10,14.112554112554113,0.3067484662576687,99.69325153374233,96.62576687116564,3.067484662576687
05141,05,141,1797,436,1,435,429,6,24.26265998887034,0.22935779816513763,99.77064220183486,98.39449541284404,1.3761467889908259
05142,05,142,2628,354,0,354,350,4,13.470319634703195,0.0,100.0,98.87005649717514,1.1299435028248588
05143,05,143,1667,263,0,263,255,8,15.776844631073786,0.0,100.0,96.95817490494296,3.041825095057034
05144,05,144,1513,247,0,247,243,4,16.325181758096498,0.0,100.0,98.38056680161942,1.6194331983805668
05145,05,145,2197,386,1,385,381,4,17.569412835685025,0.2590673575129534,99.74093264248705,98.70466321243524,1.0362694300518136
05146,05,146,2376,318,0,318,303,15,13.383838383838384,0.0,100.0,95.28301886792453,4.716981132075472
05147,05,147,2564,530,2,528,520,8,20.67082683307332,0.37735849056603776,99.62264150943396,98.11320754716981,1.509433962264151
05148,05,148,930,146,1,145,143,2,15.698924731182796,0.684931506849315,99.31506849315068,97.94520547945206,1.36986301369863
05149,05,149,1989,442,1,441,432,9,22.22222222222222,0.22624434389140274,99.77375565610859,97.73755656108597,2.0361990950226243
05150,05,150,2740,505,0,505,499,6,18.43065693430657,0.0,100.0,98.8118811881188,1.188118811881188
05151,05,151,939,189,0,189,182,7,20.12779552715655,0.0,100.0,96.29629629629629,3.7037037037037033
05152,05,152,1945,406,0,406,400,6,20.874035989717225,0.0,100.0,98.52216748768473,1.477832512315271
05153,05,153,1811,380,0,380,378,2,20.982882385422418,0.0,100.0,99.47368421052632,0.5263157894736842
05154,05,154,1739,297,0,297,293,4,17.07878090856814,0.0,100.0,98.65319865319864,1.3468013468013467
05155,05,155,1604,282,0,282,277,5,17.581047381546135,0.0,100.0,98.22695035460993,1.773049645390071
05156,05,156,1050,215,0,215,209,6,20.476190476190474,0.0,100.0,97.20930232558139,2.7906976744186047
05157,05,157,1863,354,0,354,343,11,19.001610305958135,0.0,100.0,96.89265536723164,3.1073446327683616
05158,05,158,2727,533,2,531,522,9,19.545287862119544,0.37523452157598497,99.62476547842401,97.93621013133207,1.6885553470919326
05159,05,159,1662,261,0,261,256,5,15.703971119133575,0.0,100.0,98.08429118773945,1.9157088122605364
05160,05,160,2917,519,0,519,513,6,17.792252314021255,0.0,100.0,98.84393063583815,1.1560693641618496
05161,05,161,1993,309,0,309,301,8,15.504264927245359,0.0,100.0,97.41100323624595,2.5889967637540456
05162,05,162,2154,344,1,343,339,4,15.970287836583102,0.29069767441860467,99.70930232558139,98.54651162790698,1.1627906976744187
05163,05,163,1430,262,0,262,260,2,18.321678321678323,0.0,100.0,99.23664122137404,0.7633587786259541
05164,05,164,836,154,0,154,153,1,18.421052631578945,0.0,100.0,99.35064935064936,0.6493506493506493
05165,05,165,1965,444,0,444,429,15,22.595419847328245,0.0,100.0,96.62162162162163,3.3783783783783785
05166,05,166,2698,534,2,532,518,14,19.792438843587842,0.37453183520599254,99.625468164794,97.00374531835206,2.6217228464419478
05167,05,167,1050,216,1,215,210,5,20.57142857142857,0.4629629629629629,99.53703703703704,97.22222222222221,2.314814814814815
05168,05,168,884,96,0,96,92,4,10.85972850678733,0.0,100.0,95.83333333333334,4.166666666666666
05169,05,169,1783,224,0,224,221,3,12.56309590577678,0.0,100.0,98.66071428571429,1.3392857142857142
05170,05,170,2483,395,2,393,375,18,15.908175594039466,0.5063291139240507,99.49367088607595,94.9367088607595,4.556962025316456
05171,05,171,1113,284,0,284,280,4,25.516621743036836,0.0,100.0,98.59154929577466,1.4084507042253522
05172,05,172,2076,526,0,526,522,4,25.337186897880535,0.0,100.0,99.23954372623575,0.7604562737642585
05173,05,173,1640,321,1,320,316,4,19.573170731707318,0.3115264797507788,99.68847352024922,98.4423676012461,1.2461059190031152
05174,05,174,1959,482,0,482,476,6,24.604389994895353,0.0,100.0,98.7551867219917,1.2448132780082988
05175,05,175,1150,220,0,220,216,4,19.130434782608695,0.0,100.0,98.18181818181819,1.8181818181818181
05176,05,176,2034,450,1,449,442,7,22.123893805309734,0.2222222222222222,99.77777777777777,98.22222222222223,1.5555555555555556
05177,05,177,812,133,0,133,131,2,16.379310344827587,0.0,100.0,98.49624060150376,1.5037593984962405
05178,05,178,2151,461,0,461,455,6,21.431892143189216,0.0,100.0,98.69848156182212,1.3015184381778742
05179,05,179,1208,250,0,250,245,5,20.695364238410598,0.0,100.0,98.0,2.0
05180,05,180,1115,240,0,240,236,4,21.524663677130047,0.0,100.0,98.33333333333333,1.6666666666666667
05181,05,181,1954,308,1,307,295,12,15.762538382804504,0.3246753246753247,99.67532467532467,95.77922077922078,3.896103896103896
05182,05,182,1675,358,0,358,353,5,21.37313432835821,0.0,100.0,98.60335195530726,1.3966480446927374
05183,05,183,2228,523,2,521,514,7,23.47396768402154,0.3824091778202677,99.61759082217974,98.2791586998088,1.338432122370937
05184,05,184,1692,475,0,475,466,9,28.073286052009454,0.0,100.0,98.10526315789474,1.8947368421052633
05185,05,185,853,259,0,259,252,7,30.363423212192263,0.0,100.0,97.2972972972973,2.7027027027027026
05186,05,186,1828,549,1,548,544,4,30.0328227571116,0.18214936247723132,99.81785063752277,99.08925318761385,0.7285974499089253
05187,05,187,2365,541,0,541,538,3,22.87526427061311,0.0,100.0,99.44547134935306,0.5545286506469501
05188,05,188,1932,627,0,627,616,11,32.45341614906832,0.0,100.0,98.24561403508771,1.7543859649122806
05189,05,189,1078,325,1,324,322,2,30.14842300556586,0.3076923076923077,99.6923076923077,99.07692307692308,0.6153846153846154
05190,05,190,823,196,1,195,190,5,23.815309842041312,0.5102040816326531,99.48979591836735,96.93877551020408,2.5510204081632653
05191,05,191,1050,353,0,353,351,2,33.61904761904762,0.0,100.0,99.43342776203966,0.56657223796034
05192,05,192,913,243,0,243,236,7,26.615553121577218,0.0,100.0,97.11934156378601,2.880658436213992
05193,05,193,1053,341,2,339,331,8,32.38366571699905,0.5865102639296188,99.41348973607037,97.0674486803519,2.346041055718475
05194,05,194,1197,314,0,314,314,0,26.232247284878863,0.0,100.0,100.0,0.0
05195,05,195,1930,537,0,537,529,8,27.82383419689119,0.0,100.0,98.51024208566108,1.48975791433892
05196,05,196,1810,503,0,503,491,12,27.790055248618785,0.0,100.0,97.61431411530815,2.3856858846918487
05197,05,197,2108,625,0,625,620,5,29.648956356736246,0.0,100.0,99.2,0.8
061A,06,1A,0,532,1,531,521,10,inf,0.18796992481203006,99.81203007518798,97.93233082706767,1.8796992481203008
061B,06,1B,0,568,2,566,560,6,inf,0.35211267605633806,99.64788732394366,98.59154929577466,1.056338028169014
061C,06,1C,0,398,1,397,385,12,inf,0.25125628140703515,99.74874371859298,96.73366834170855,3.015075376884422
061D,06,1D,0,317,0,317,312,5,inf,0.0,100.0,98.42271293375394,1.5772870662460567
061E,06,1E,0,355,1,354,348,6,inf,0.28169014084507044,99.71830985915493,98.02816901408451,1.6901408450704223
061F,06,1F,0,510,1,509,505,4,inf,0.19607843137254902,99.80392156862746,99.01960784313727,0.7843137254901961
062A,06,2A,0,416,0,416,408,8,inf,0.0,100.0,98.07692307692307,1.9230769230769231
062B,06,2B,0,363,1,362,350,12,inf,0.27548209366391185,99.72451790633609,96.41873278236915,3.3057851239669422
062C,06,2C,0,350,1,349,341,8,inf,0.2857142857142857,99.71428571428571,97.42857142857143,2.2857142857142856
062D,06,2D,0,363,0,363,352,11,inf,0.0,100.0,96.96969696969697,3.0303030303030303
062E,06,2E,0,439,1,438,428,10,inf,0.22779043280182232,99.77220956719817,97.49430523917995,2.277904328018223
062F,06,2F,0,354,0,354,341,13,inf,0.0,100.0,96.32768361581921,3.672316384180791
063A,06,3A,0,519,0,519,500,19,inf,0.0,100.0,96.33911368015414,3.6608863198458574
063B,06,3B,0,449,0,449,438,11,inf,0.0,100.0,97.55011135857461,2.4498886414253898
063C,06,3C,0,471,0,471,465,6,inf,0.0,100.0,98.72611464968153,1.2738853503184715
063D,06,3D,0,408,0,408,407,1,inf,0.0,100.0,99.75490196078431,0.24509803921568626
063E,06,3E,0,546,0,546,538,8,inf,0.0,100.0,98.53479853479854,1.465201465201465
063F,06,3F,0,588,1,587,570,17,inf,0.17006802721088435,99.82993197278913,96.93877551020408,2.891156462585034
064A,06,4A,0,377,1,376,368,8,inf,0.2652519893899204,99.73474801061008,97.61273209549071,2.122015915119363
064B,06,4B,0,503,0,503,496,7,inf,0.0,100.0,98.60834990059642,1.3916500994035785
064C,06,4C,0,530,0,530,516,14,inf,0.0,100.0,97.35849056603773,2.6415094339622645
064D,06,4D,0,558,0,558,538,20,inf,0.0,100.0,96.415770609319,3.584229390681003
064E,06,4E,0,570,3,567,553,14,inf,0.5263157894736842,99.47368421052632,97.01754385964912,2.456140350877193
065A,06,5A,0,447,0,447,438,9,inf,0.0,100.0,97.98657718120806,2.013422818791946
065B,06,5B,0,416,2,414,406,8,inf,0.4807692307692308,99.51923076923077,97.59615384615384,1.9230769230769231
065C,06,5C,0,363,1,362,354,8,inf,0.27548209366391185,99.72451790633609,97.52066115702479,2.203856749311295
065D,06,5D,0,440,0,440,436,4,inf,0.0,100.0,99.0909090909091,0.9090909090909091
065E,06,5E,0,334,1,333,325,8,inf,0.29940119760479045,99.7005988023952,97.30538922155688,2.3952095808383236
065F,06,5F,0,347,1,346,342,4,inf,0.2881844380403458,99.71181556195965,98.55907780979827,1.1527377521613833
066A,06,6A,0,469,1,468,463,5,inf,0.21321961620469082,99.7867803837953,98.72068230277186,1.0660980810234542
066B,06,6B,0,549,0,549,536,13,inf,0.0,100.0,97.632058287796,2.3679417122040074
066C,06,6C,0,455,1,454,448,6,inf,0.21978021978021978,99.78021978021978,98.46153846153847,1.3186813186813187
066D,06,6D,0,513,1,512,496,16,inf,0.1949317738791423,99.80506822612085,96.68615984405457,3.1189083820662766
066E,06,6E,0,481,1,480,475,5,inf,0.2079002079002079,99.7920997920998,98.75259875259876,1.0395010395010396
066F,06,6F,0,542,0,542,527,15,inf,0.0,100.0,97.23247232472325,2.7675276752767526
067A,06,7A,0,374,0,374,368,6,inf,0.0,100.0,98.3957219251337,1.6042780748663104
067B,06,7B,0,530,0,530,518,12,inf,0.0,100.0,97.73584905660377,2.2641509433962264
067C,06,7C,0,592,0,592,580,12,inf,0.0,100.0,97.97297297297297,2.027027027027027
067D,06,7D,0,432,0,432,421,11,inf,0.0,100.0,97.45370370370371,2.5462962962962963
067E,06,7E,0,623,1,622,612,10,inf,0.16051364365971107,99.83948635634029,98.23434991974318,1.6051364365971106
067F,06,7F,0,656,0,656,640,16,inf,0.0,100.0,97.5609756097561,2.4390243902439024
06101,06,101,1815,473,1,472,466,6,26.060606060606062,0.21141649048625794,99.78858350951374,98.5200845665962,1.2684989429175475
06102,06,102,1756,400,1,399,389,10,22.779043280182233,0.25,99.75,97.25,2.5
06103,06,103,1767,381,0,381,375,6,21.561969439728355,0.0,100.0,98.4251968503937,1.574803149606299
06104,06,104,1952,465,0,465,458,7,23.82172131147541,0.0,100.0,98.49462365591398,1.5053763440860215
06105,06,105,1554,372,1,371,369,2,23.93822393822394,0.2688172043010753,99.73118279569893,99.19354838709677,0.5376344086021506
06106,06,106,1639,321,0,321,316,5,19.585112873703476,0.0,100.0,98.4423676012461,1.557632398753894
06107,06,107,1834,464,0,464,459,5,25.29989094874591,0.0,100.0,98.92241379310344,1.0775862068965518
06108,06,108,1902,443,0,443,434,9,23.291272344900104,0.0,100.0,97.96839729119638,2.0316027088036117
06109,06,109,1929,455,0,455,448,7,23.587350959046137,0.0,100.0,98.46153846153847,1.5384615384615385
06110,06,110,1861,422,0,422,415,7,22.675980655561524,0.0,100.0,98.34123222748815,1.6587677725118484
06111,06,111,1769,420,0,420,412,8,23.742227247032222,0.0,100.0,98.09523809523809,1.9047619047619049
06112,06,112,1680,452,0,452,441,11,26.904761904761905,0.0,100.0,97.56637168141593,2.433628318584071
06113,06,113,1798,314,2,312,310,2,17.46384872080089,0.6369426751592357,99.36305732484077,98.72611464968153,0.6369426751592357
06114,06,114,1802,422,0,422,414,8,23.41842397336293,0.0,100.0,98.10426540284361,1.8957345971563981
06115,06,115,1572,323,0,323,318,5,20.5470737913486,0.0,100.0,98.45201238390094,1.5479876160990713
06116,06,116,1907,405,0,405,398,7,21.237545883586787,0.0,100.0,98.27160493827161,1.728395061728395
06117,06,117,1758,344,1,343,340,3,19.56769055745165,0.29069767441860467,99.70930232558139,98.83720930232558,0.872093023255814
06118,06,118,1756,451,1,450,443,7,25.683371298405465,0.22172949002217296,99.77827050997783,98.22616407982262,1.5521064301552108
06201,06,201,1791,402,0,402,401,1,22.445561139028474,0.0,100.0,99.75124378109453,0.24875621890547264
06202,06,202,1718,373,0,373,370,3,21.71129220023283,0.0,100.0,99.19571045576407,0.8042895442359249
06203,06,203,1866,386,1,385,380,5,20.685959271168276,0.2590673575129534,99.74093264248705,98.44559585492227,1.2953367875647668
06204,06,204,1651,413,0,413,409,4,25.015142337976982,0.0,100.0,99.0314769975787,0.9685230024213075
06205,06,205,1716,372,0,372,370,2,21.678321678321677,0.0,100.0,99.46236559139786,0.5376344086021506
06206,06,206,1641,397,2,395,390,5,24.192565508836076,0.5037783375314862,99.49622166246851,98.2367758186398,1.2594458438287155
06207,06,207,1540,281,0,281,273,8,18.246753246753247,0.0,100.0,97.15302491103202,2.8469750889679712
06208,06,208,1574,332,0,332,327,5,21.092757306226176,0.0,100.0,98.49397590361446,1.5060240963855422
06209,06,209,1896,354,1,353,344,9,18.670886075949365,0.2824858757062147,99.71751412429379,97.17514124293785,2.5423728813559325
06210,06,210,1731,519,1,518,513,5,29.98266897746967,0.1926782273603083,99.8073217726397,98.84393063583815,0.9633911368015413
06211,06,211,1706,403,1,402,391,11,23.62250879249707,0.24813895781637718,99.75186104218362,97.02233250620348,2.729528535980149
06212,06,212,1856,351,0,351,343,8,18.911637931034484,0.0,100.0,97.72079772079772,2.2792022792022792
06213,06,213,2073,389,0,389,379,10,18.76507477086348,0.0,100.0,97.42930591259639,2.570694087403599
06214,06,214,1899,424,1,423,419,4,22.327540810953135,0.2358490566037736,99.76415094339622,98.82075471698113,0.9433962264150944
06215,06,215,1769,405,1,404,397,7,22.894290559638215,0.24691358024691357,99.75308641975309,98.0246913580247,1.728395061728395
06216,06,216,1628,316,0,316,311,5,19.41031941031941,0.0,100.0,98.41772151898735,1.5822784810126582
06217,06,217,1833,533,1,532,518,14,29.078014184397162,0.18761726078799248,99.812382739212,97.18574108818011,2.6266416510318953
06218,06,218,1601,270,1,269,268,1,16.864459712679576,0.3703703703703704,99.62962962962963,99.25925925925925,0.3703703703703704
06301,06,301,1764,466,0,466,460,6,26.417233560090704,0.0,100.0,98.71244635193133,1.2875536480686696
06302,06,302,1720,463,0,463,461,2,26.91860465116279,0.0,100.0,99.56803455723542,0.4319654427645789
06303,06,303,1867,467,1,466,460,6,25.013390465988216,0.21413276231263384,99.78586723768737,98.50107066381156,1.284796573875803
06304,06,304,1842,569,0,569,559,10,30.890336590662326,0.0,100.0,98.24253075571178,1.7574692442882252
06305,06,305,1631,446,1,445,441,4,27.34518700183936,0.2242152466367713,99.77578475336323,98.87892376681614,0.8968609865470852
06306,06,306,1928,538,0,538,531,7,27.904564315352697,0.0,100.0,98.69888475836431,1.3011152416356877
06307,06,307,1722,400,1,399,392,7,23.228803716608596,0.25,99.75,98.0,1.7500000000000002
06308,06,308,1799,587,0,587,583,4,32.62923846581434,0.0,100.0,99.31856899488926,0.6814310051107325
06309,06,309,1755,448,0,448,447,1,25.527065527065528,0.0,100.0,99.77678571428571,0.2232142857142857
06310,06,310,1746,465,0,465,459,6,26.632302405498283,0.0,100.0,98.70967741935483,1.2903225806451613
06311,06,311,1480,312,1,311,308,3,21.08108108108108,0.3205128205128205,99.67948717948718,98.71794871794873,0.9615384615384616
06312,06,312,1794,404,0,404,403,1,22.519509476031217,0.0,100.0,99.75247524752476,0.24752475247524752
06313,06,313,1613,415,0,415,412,3,25.728456292622443,0.0,100.0,99.27710843373494,0.7228915662650602
06314,06,314,1771,457,0,457,446,11,25.804630152456237,0.0,100.0,97.59299781181619,2.4070021881838075
06315,06,315,1624,424,0,424,417,7,26.108374384236456,0.0,100.0,98.34905660377359,1.650943396226415
06316,06,316,1968,557,2,555,542,13,28.302845528455283,0.3590664272890485,99.64093357271095,97.30700179533214,2.333931777378815
06317,06,317,1840,328,0,328,323,5,17.82608695652174,0.0,100.0,98.47560975609755,1.524390243902439
06318,06,318,1998,451,0,451,440,11,22.57257257257257,0.0,100.0,97.5609756097561,2.4390243902439024
06401,06,401,2094,553,0,553,542,11,26.408787010506206,0.0,100.0,98.01084990958408,1.9891500904159132
06402,06,402,1489,389,1,388,382,6,26.12491605104097,0.2570694087403599,99.74293059125964,98.20051413881748,1.5424164524421593
06403,06,403,1736,355,0,355,352,3,20.449308755760367,0.0,100.0,99.15492957746478,0.8450704225352111
06404,06,404,1952,548,0,548,537,11,28.07377049180328,0.0,100.0,97.99270072992701,2.0072992700729926
06405,06,405,1751,510,0,510,504,6,29.126213592233007,0.0,100.0,98.82352941176471,1.1764705882352942
06406,06,406,1898,490,0,490,485,5,25.816649104320337,0.0,100.0,98.9795918367347,1.0204081632653061
06407,06,407,2000,435,0,435,429,6,21.75,0.0,100.0,98.62068965517241,1.3793103448275863
06408,06,408,1725,483,1,482,476,6,28.000000000000004,0.2070393374741201,99.79296066252587,98.55072463768117,1.2422360248447204
06409,06,409,1829,383,0,383,375,8,20.94040459267359,0.0,100.0,97.911227154047,2.088772845953003
06410,06,410,1641,333,0,333,327,6,20.29250457038391,0.0,100.0,98.1981981981982,1.8018018018018018
06411,06,411,1725,449,0,449,447,2,26.02898550724638,0.0,100.0,99.55456570155901,0.4454342984409799
06412,06,412,1604,441,0,441,436,5,27.49376558603491,0.0,100.0,98.86621315192744,1.1337868480725624
06413,06,413,1792,439,0,439,433,6,24.497767857142858,0.0,100.0,98.63325740318906,1.366742596810934
06414,06,414,1694,261,0,261,248,13,15.407319952774499,0.0,100.0,95.01915708812261,4.980842911877394
06415,06,415,1671,306,2,304,295,9,18.31238779174147,0.6535947712418301,99.34640522875817,96.40522875816994,2.941176470588235
06416,06,416,1792,476,0,476,463,13,26.5625,0.0,100.0,97.26890756302521,2.73109243697479
06417,06,417,1689,498,0,498,489,9,29.484902309058615,0.0,100.0,98.19277108433735,1.8072289156626504
06501,06,501,1691,353,0,353,345,8,20.875221762270847,0.0,100.0,97.73371104815864,2.26628895184136
06502,06,502,1695,363,0,363,353,10,21.415929203539825,0.0,100.0,97.2451790633609,2.7548209366391188
06503,06,503,1333,302,0,302,299,3,22.655663915978995,0.0,100.0,99.00662251655629,0.9933774834437087
06504,06,504,1541,389,0,389,376,13,25.243348475016226,0.0,100.0,96.65809768637533,3.3419023136246784
06505,06,505,1936,548,0,548,539,9,28.305785123966942,0.0,100.0,98.35766423357664,1.6423357664233578
06506,06,506,1691,326,0,326,316,10,19.278533412182142,0.0,100.0,96.93251533742331,3.067484662576687
06507,06,507,1720,331,0,331,320,11,19.244186046511626,0.0,100.0,96.67673716012085,3.3232628398791544
06508,06,508,1880,344,0,344,339,5,18.29787234042553,0.0,100.0,98.54651162790698,1.4534883720930232
06509,06,509,1814,494,1,493,484,9,27.23263506063947,0.20242914979757085,99.79757085020243,97.97570850202429,1.8218623481781375
06510,06,510,1928,478,0,478,475,3,24.79253112033195,0.0,100.0,99.3723849372385,0.6276150627615062
06511,06,511,1601,323,1,322,321,1,20.174890693316677,0.30959752321981426,99.69040247678018,99.38080495356037,0.30959752321981426
06512,06,512,1626,251,0,251,245,6,15.436654366543664,0.0,100.0,97.60956175298804,2.3904382470119523
06513,06,513,1880,418,1,417,412,5,22.23404255319149,0.23923444976076555,99.76076555023924,98.56459330143541,1.1961722488038278
06514,06,514,1664,446,0,446,444,2,26.802884615384613,0.0,100.0,99.55156950672645,0.4484304932735426
06515,06,515,1697,467,1,466,461,5,27.519151443724223,0.21413276231263384,99.78586723768737,98.7152034261242,1.070663811563169
06516,06,516,1834,230,0,230,224,6,12.540894220283533,0.0,100.0,97.3913043478261,2.608695652173913
06517,06,517,1671,252,0,252,242,10,15.080789946140035,0.0,100.0,96.03174603174604,3.968253968253968
06518,06,518,1666,328,1,327,318,9,19.687875150060023,0.3048780487804878,99.6951219512195,96.95121951219512,2.7439024390243905
06601,06,601,1426,359,0,359,354,5,25.175315568022437,0.0,100.0,98.60724233983287,1.392757660167131
06602,06,602,1563,514,0,514,509,5,32.885476647472814,0.0,100.0,99.0272373540856,0.9727626459143969
06603,06,603,1591,397,0,397,387,10,24.952859836580767,0.0,100.0,97.48110831234257,2.518891687657431
06604,06,604,1815,560,0,560,554,6,30.853994490358126,0.0,100.0,98.92857142857143,1.0714285714285714
06605,06,605,1476,319,0,319,315,4,21.612466124661246,0.0,100.0,98.7460815047022,1.2539184952978055
06606,06,606,1375,261,0,261,256,5,18.981818181818184,0.0,100.0,98.08429118773945,1.9157088122605364
06607,06,607,1567,330,0,330,327,3,21.059349074664965,0.0,100.0,99.0909090909091,0.9090909090909091
06608,06,608,1484,287,0,287,282,5,19.339622641509436,0.0,100.0,98.25783972125436,1.7421602787456445
06609,06,609,1731,394,1,393,391,2,22.761409589832468,0.25380710659898476,99.74619289340102,99.23857868020305,0.5076142131979695
06610,06,610,1179,243,0,243,242,1,20.610687022900763,0.0,100.0,99.58847736625515,0.411522633744856
06611,06,611,1562,389,0,389,383,6,24.903969270166453,0.0,100.0,98.45758354755783,1.5424164524421593
06612,06,612,1806,422,0,422,415,7,23.366555924695458,0.0,100.0,98.34123222748815,1.6587677725118484
06613,06,613,1738,497,0,497,490,7,28.596087456846952,0.0,100.0,98.59154929577466,1.4084507042253522
06614,06,614,1823,419,0,419,410,9,22.984092155787163,0.0,100.0,97.85202863961814,2.1479713603818613
06615,06,615,1782,419,0,419,406,13,23.51290684624018,0.0,100.0,96.89737470167064,3.1026252983293556
06616,06,616,1676,425,1,424,422,2,25.357995226730313,0.2352941176470588,99.76470588235294,99.29411764705883,0.4705882352941176
06617,06,617,1745,481,1,480,462,18,27.564469914040114,0.2079002079002079,99.7920997920998,96.04989604989605,3.7422037422037424
06618,06,618,1771,454,0,454,445,9,25.635234330886504,0.0,100.0,98.01762114537445,1.9823788546255507
06619,06,619,1485,386,0,386,379,7,25.993265993265997,0.0,100.0,98.18652849740933,1.8134715025906734
06701,06,701,1620,427,1,426,419,7,26.358024691358022,0.234192037470726,99.76580796252928,98.12646370023418,1.639344262295082
06702,06,702,1890,446,2,444,439,5,23.597883597883598,0.4484304932735426,99.55156950672645,98.4304932735426,1.1210762331838564
06703,06,703,1222,298,0,298,293,5,24.386252045826513,0.0,100.0,98.3221476510067,1.6778523489932886
06704,06,704,1466,386,1,385,374,11,26.330150068212827,0.2590673575129534,99.74093264248705,96.89119170984456,2.849740932642487
06705,06,705,1524,311,1,310,309,1,20.406824146981627,0.3215434083601286,99.67845659163987,99.35691318327974,0.3215434083601286
06706,06,706,1682,419,1,418,415,3,24.910820451843044,0.23866348448687352,99.76133651551312,99.0453460620525,0.7159904534606205
06707,06,707,1821,414,1,413,411,2,22.73476112026359,0.24154589371980675,99.7584541062802,99.27536231884058,0.4830917874396135
06708,06,708,1410,356,0,356,353,3,25.248226950354606,0.0,100.0,99.15730337078652,0.8426966292134831
06709,06,709,1740,424,0,424,420,4,24.367816091954023,0.0,100.0,99.05660377358491,0.9433962264150944
06710,06,710,1738,477,0,477,469,8,27.445339470655927,0.0,100.0,98.32285115303984,1.6771488469601679
06711,06,711,1641,376,0,376,369,7,22.91285801340646,0.0,100.0,98.13829787234043,1.8617021276595744
06712,06,712,1692,492,0,492,488,4,29.078014184397162,0.0,100.0,99.1869918699187,0.8130081300813009
06713,06,713,1490,354,0,354,349,5,23.758389261744966,0.0,100.0,98.58757062146893,1.4124293785310735
06714,06,714,1377,348,0,348,344,4,25.272331154684096,0.0,100.0,98.85057471264368,1.1494252873563218
06715,06,715,1453,315,0,315,308,7,21.679284239504472,0.0,100.0,97.77777777777777,2.2222222222222223
06716,06,716,1324,323,0,323,321,2,24.395770392749245,0.0,100.0,99.38080495356037,0.6191950464396285
06717,06,717,1180,333,0,333,325,8,28.220338983050848,0.0,100.0,97.5975975975976,2.4024024024024024
06718,06,718,1954,590,0,590,579,11,30.194472876151483,0.0,100.0,98.13559322033898,1.864406779661017
06719,06,719,1742,465,0,465,464,1,26.693455797933407,0.0,100.0,99.78494623655914,0.21505376344086022
071A,07,1A,0,534,0,534,518,16,inf,0.0,100.0,97.00374531835206,2.9962546816479403
071B,07,1B,0,538,2,536,529,7,inf,0.37174721189591076,99.62825278810409,98.3271375464684,1.3011152416356877
071C,07,1C,0,539,2,537,530,7,inf,0.3710575139146568,99.62894248608535,98.33024118738405,1.2987012987012987
071D,07,1D,0,508,0,508,497,11,inf,0.0,100.0,97.83464566929135,2.1653543307086616
072A,07,2A,0,643,1,642,625,17,inf,0.15552099533437014,99.84447900466563,97.20062208398133,2.6438569206842923
072B,07,2B,0,532,0,532,525,7,inf,0.0,100.0,98.68421052631578,1.3157894736842104
072C,07,2C,0,508,0,508,498,10,inf,0.0,100.0,98.03149606299213,1.968503937007874
072D,07,2D,0,539,1,538,526,12,inf,0.1855287569573284,99.81447124304268,97.58812615955473,2.2263450834879404
073A,07,3A,0,531,1,530,513,17,inf,0.18832391713747645,99.81167608286252,96.61016949152543,3.2015065913371
073B,07,3B,0,509,0,509,505,4,inf,0.0,100.0,99.21414538310412,0.7858546168958742
073C,07,3C,0,521,0,521,516,5,inf,0.0,100.0,99.04030710172745,0.9596928982725527
073D,07,3D,0,532,2,530,520,10,inf,0.37593984962406013,99.62406015037594,97.74436090225564,1.8796992481203008
074A,07,4A,0,524,1,523,518,5,inf,0.19083969465648853,99.80916030534351,98.85496183206108,0.9541984732824428
074B,07,4B,0,508,0,508,499,9,inf,0.0,100.0,98.22834645669292,1.7716535433070866
074C,07,4C,0,509,0,509,501,8,inf,0.0,100.0,98.42829076620825,1.5717092337917484
074D,07,4D,0,535,0,535,525,10,inf,0.0,100.0,98.13084112149532,1.8691588785046727
075A,07,5A,0,546,0,546,534,12,inf,0.0,100.0,97.8021978021978,2.197802197802198
075B,07,5B,0,533,0,533,524,9,inf,0.0,100.0,98.31144465290807,1.6885553470919326
075C,07,5C,0,541,2,537,524,13,inf,0.36968576709796674,99.26062846580407,96.85767097966729,2.4029574861367835
075D,07,5D,0,540,0,540,532,8,inf,0.0,100.0,98.51851851851852,1.4814814814814816
076A,07,6A,0,542,1,541,535,6,inf,0.18450184501845018,99.81549815498155,98.70848708487084,1.107011070110701
076B,07,6B,0,535,1,533,523,10,inf,0.1869158878504673,99.62616822429906,97.75700934579439,1.8691588785046727
076C,07,6C,0,453,0,453,446,7,inf,0.0,100.0,98.45474613686534,1.545253863134658
076D,07,6D,0,385,0,385,377,8,inf,0.0,100.0,97.92207792207792,2.0779220779220777
077A,07,7A,0,535,2,533,521,12,inf,0.3738317757009346,99.62616822429906,97.38317757009347,2.2429906542056073
077B,07,7B,0,516,1,515,504,11,inf,0.1937984496124031,99.8062015503876,97.67441860465115,2.131782945736434
077C,07,7C,0,523,1,522,512,10,inf,0.19120458891013384,99.80879541108987,97.89674952198853,1.9120458891013385
078A,07,8A,0,541,0,541,535,6,inf,0.0,100.0,98.8909426987061,1.1090573012939002
078B,07,8B,0,541,0,541,532,9,inf,0.0,100.0,98.33641404805915,1.6635859519408502
078C,07,8C,0,538,0,538,530,8,inf,0.0,100.0,98.51301115241635,1.486988847583643
07101,07,101,1826,223,0,223,217,6,12.212486308871851,0.0,100.0,97.30941704035875,2.690582959641256
07102,07,102,1869,216,1,215,212,3,11.556982343499197,0.4629629629629629,99.53703703703704,98.14814814814815,1.3888888888888888
07103,07,103,1884,317,0,317,310,7,16.825902335456476,0.0,100.0,97.79179810725552,2.2082018927444795
07104,07,104,1759,302,0,302,295,7,17.16884593519045,0.0,100.0,97.68211920529801,2.3178807947019866
07105,07,105,1952,373,0,373,363,10,19.10860655737705,0.0,100.0,97.31903485254692,2.680965147453083
07106,07,106,1760,342,0,342,339,3,19.43181818181818,0.0,100.0,99.12280701754386,0.8771929824561403
07107,07,107,1690,325,2,323,319,4,19.230769230769234,0.6153846153846154,99.38461538461539,98.15384615384616,1.2307692307692308
07108,07,108,1680,268,1,267,262,5,15.95238095238095,0.3731343283582089,99.6268656716418,97.76119402985076,1.8656716417910446
07109,07,109,1871,413,0,413,407,6,22.073757349011224,0.0,100.0,98.54721549636804,1.4527845036319613
07110,07,110,2122,444,0,444,435,9,20.923656927426958,0.0,100.0,97.97297297297297,2.027027027027027
07111,07,111,1828,429,0,429,424,5,23.468271334792124,0.0,100.0,98.83449883449883,1.1655011655011656
07112,07,112,1919,410,0,410,406,4,21.36529442417926,0.0,100.0,99.02439024390245,0.975609756097561
07113,07,113,1910,373,0,373,371,2,19.528795811518325,0.0,100.0,99.46380697050938,0.5361930294906166
07114,07,114,2000,407,0,407,400,7,20.349999999999998,0.0,100.0,98.28009828009829,1.71990171990172
07115,07,115,2004,402,0,402,400,2,20.059880239520957,0.0,100.0,99.50248756218906,0.4975124378109453
07201,07,201,1916,395,0,395,389,6,20.615866388308977,0.0,100.0,98.48101265822785,1.5189873417721518
07202,07,202,2031,514,0,514,512,2,25.307730182176268,0.0,100.0,99.61089494163424,0.38910505836575876
07203,07,203,1910,421,0,421,417,4,22.041884816753925,0.0,100.0,99.04988123515439,0.9501187648456058
07204,07,204,1681,319,0,319,302,17,18.9767995240928,0.0,100.0,94.67084639498434,5.329153605015674
07205,07,205,1712,359,0,359,354,5,20.9696261682243,0.0,100.0,98.60724233983287,1.392757660167131
07206,07,206,1932,428,0,428,419,9,22.15320910973085,0.0,100.0,97.89719626168224,2.102803738317757
07207,07,207,1901,442,2,440,432,8,23.25092056812204,0.4524886877828055,99.5475113122172,97.73755656108597,1.809954751131222
07208,07,208,1752,295,1,294,284,10,16.837899543378995,0.3389830508474576,99.66101694915255,96.27118644067797,3.389830508474576
07209,07,209,1961,368,1,367,360,7,18.76593574706782,0.2717391304347826,99.72826086956522,97.82608695652173,1.9021739130434785
07210,07,210,1751,360,0,360,351,9,20.55968018275271,0.0,100.0,97.5,2.5
07211,07,211,1990,435,0,435,431,4,21.85929648241206,0.0,100.0,99.08045977011494,0.9195402298850575
07212,07,212,2018,507,0,507,505,2,25.12388503468781,0.0,100.0,99.60552268244575,0.39447731755424065
07213,07,213,2007,439,0,439,434,5,21.873442949676132,0.0,100.0,98.86104783599089,1.1389521640091116
07214,07,214,1945,389,0,389,378,11,20.0,0.0,100.0,97.17223650385604,2.827763496143959
07215,07,215,1428,347,0,347,343,4,24.29971988795518,0.0,100.0,98.84726224783861,1.1527377521613833
07301,07,301,1928,506,0,506,501,5,26.2448132780083,0.0,100.0,99.01185770750988,0.9881422924901186
07302,07,302,1773,505,0,505,500,5,28.482797518330514,0.0,100.0,99.00990099009901,0.9900990099009901
07303,07,303,1708,452,2,450,444,6,26.46370023419204,0.4424778761061947,99.5575221238938,98.23008849557522,1.3274336283185841
07304,07,304,1977,476,0,476,462,14,24.07688416793121,0.0,100.0,97.05882352941177,2.941176470588235
07305,07,305,1802,445,1,444,439,5,24.69478357380688,0.22471910112359553,99.7752808988764,98.65168539325843,1.1235955056179776
07306,07,306,1749,463,1,462,453,9,26.472269868496284,0.21598272138228944,99.78401727861771,97.8401727861771,1.9438444924406046
07307,07,307,1883,424,0,424,421,3,22.517259691980883,0.0,100.0,99.29245283018868,0.7075471698113208
07308,07,308,1750,457,0,457,454,3,26.114285714285714,0.0,100.0,99.34354485776805,0.6564551422319475
07309,07,309,1660,452,2,450,441,9,27.228915662650603,0.4424778761061947,99.5575221238938,97.56637168141593,1.991150442477876
07310,07,310,1832,455,1,454,451,3,24.836244541484717,0.21978021978021978,99.78021978021978,99.12087912087912,0.6593406593406593
07311,07,311,1673,429,0,429,422,7,25.642558278541543,0.0,100.0,98.36829836829837,1.6317016317016315
07312,07,312,1810,432,0,432,424,8,23.867403314917127,0.0,100.0,98.14814814814815,1.8518518518518516
07313,07,313,1793,455,0,455,453,2,25.376464026770773,0.0,100.0,99.56043956043956,0.43956043956043955
07314,07,314,1697,411,0,411,405,6,24.21921037124337,0.0,100.0,98.54014598540147,1.4598540145985401
07315,07,315,2124,508,1,507,502,5,23.91713747645951,0.19685039370078738,99.80314960629921,98.81889763779527,0.984251968503937
07316,07,316,1988,346,0,346,338,8,17.404426559356136,0.0,100.0,97.6878612716763,2.312138728323699
07401,07,401,1893,269,0,269,266,3,14.210248283148442,0.0,100.0,98.88475836431226,1.1152416356877324
07402,07,402,1762,355,0,355,348,7,20.14755959137344,0.0,100.0,98.02816901408451,1.971830985915493
07403,07,403,1648,380,0,380,376,4,23.058252427184467,0.0,100.0,98.94736842105263,1.0526315789473684
07404,07,404,1591,306,0,306,301,5,19.23318667504714,0.0,100.0,98.36601307189542,1.6339869281045754
07405,07,405,2018,364,2,362,358,4,18.037661050545097,0.5494505494505495,99.45054945054946,98.35164835164835,1.098901098901099
07406,07,406,2021,375,1,374,367,7,18.555170707570507,0.26666666666666666,99.73333333333333,97.86666666666667,1.866666666666667
07407,07,407,1818,426,10,416,405,11,23.432343234323433,2.3474178403755865,97.65258215962442,95.07042253521126,2.5821596244131455
07408,07,408,1958,458,0,458,445,13,23.391215526046988,0.0,100.0,97.16157205240175,2.8384279475982535
07409,07,409,1808,461,1,460,450,10,25.497787610619472,0.21691973969631237,99.78308026030369,97.61388286334056,2.1691973969631237
07410,07,410,2245,490,3,487,476,11,21.826280623608017,0.6122448979591837,99.38775510204081,97.14285714285714,2.2448979591836733
07411,07,411,1621,218,0,218,212,6,13.448488587291795,0.0,100.0,97.24770642201835,2.7522935779816518
07412,07,412,1874,313,0,313,308,5,16.70224119530416,0.0,100.0,98.40255591054313,1.5974440894568689
07413,07,413,1868,493,0,493,487,6,26.39186295503212,0.0,100.0,98.78296146044624,1.2170385395537524
07414,07,414,1997,342,0,342,336,6,17.1256885327992,0.0,100.0,98.24561403508771,1.7543859649122806
07415,07,415,2048,340,0,340,330,10,16.6015625,0.0,100.0,97.05882352941177,2.941176470588235
07416,07,416,2169,334,0,334,326,8,15.398801290917474,0.0,100.0,97.60479041916167,2.3952095808383236
07501,07,501,1656,400,0,400,395,5,24.154589371980677,0.0,100.0,98.75,1.25
07502,07,502,2243,552,4,548,536,12,24.60989745876059,0.7246376811594203,99.27536231884058,97.10144927536231,2.1739130434782608
07503,07,503,1851,434,0,434,431,3,23.446785521339816,0.0,100.0,99.30875576036865,0.6912442396313364
07504,07,504,2057,399,0,399,391,8,19.397180359747203,0.0,100.0,97.99498746867168,2.0050125313283207
07505,07,505,1848,461,0,461,450,11,24.945887445887447,0.0,100.0,97.61388286334056,2.386117136659436
07506,07,506,1990,341,0,341,332,9,17.1356783919598,0.0,100.0,97.36070381231671,2.6392961876832843
07507,07,507,2017,408,0,408,404,4,20.228061477441745,0.0,100.0,99.01960784313727,0.9803921568627451
07508,07,508,2202,275,0,275,269,6,12.48864668483197,0.0,100.0,97.81818181818181,2.181818181818182
07509,07,509,1938,471,2,469,460,9,24.30340557275542,0.42462845010615713,99.57537154989384,97.66454352441613,1.910828025477707
07510,07,510,2003,341,0,341,333,8,17.02446330504244,0.0,100.0,97.65395894428153,2.346041055718475
07511,07,511,2149,363,1,362,358,4,16.891577477896696,0.27548209366391185,99.72451790633609,98.62258953168043,1.1019283746556474
07512,07,512,1957,529,1,528,520,8,27.031170158405722,0.1890359168241966,99.8109640831758,98.29867674858222,1.5122873345935728
07513,07,513,2017,364,0,364,359,5,18.0466038671294,0.0,100.0,98.62637362637363,1.3736263736263736
07514,07,514,2153,501,1,500,497,3,23.269856014862984,0.19960079840319359,99.8003992015968,99.20159680638723,0.5988023952095809
07515,07,515,1917,394,0,394,385,9,20.552947313510693,0.0,100.0,97.71573604060913,2.284263959390863
07601,07,601,1977,331,0,331,326,5,16.742539200809308,0.0,100.0,98.48942598187311,1.5105740181268883
07602,07,602,2310,377,0,377,367,10,16.32034632034632,0.0,100.0,97.34748010610079,2.6525198938992043
07603,07,603,2113,511,1,510,500,10,24.183625177472788,0.19569471624266144,99.80430528375733,97.84735812133071,1.9569471624266144
07604,07,604,2192,519,3,516,498,18,23.677007299270073,0.5780346820809248,99.42196531791907,95.95375722543352,3.4682080924855487
07605,07,605,1937,421,1,420,409,11,21.734641197728447,0.23752969121140144,99.7624703087886,97.14964370546319,2.6128266033254155
07606,07,606,2172,475,0,475,467,8,21.86924493554328,0.0,100.0,98.3157894736842,1.6842105263157894
07607,07,607,2021,336,1,335,324,11,16.62543295398318,0.2976190476190476,99.70238095238095,96.42857142857143,3.273809523809524
07608,07,608,1960,528,1,527,521,6,26.93877551020408,0.1893939393939394,99.81060606060606,98.67424242424242,1.1363636363636365
07609,07,609,1900,382,0,382,375,7,20.105263157894736,0.0,100.0,98.1675392670157,1.832460732984293
07610,07,610,2100,686,2,684,671,13,32.666666666666664,0.2915451895043732,99.70845481049562,97.81341107871721,1.8950437317784257
07611,07,611,2221,477,1,476,467,9,21.476812246735705,0.20964360587002098,99.79035639412997,97.9035639412998,1.8867924528301887
07612,07,612,1749,463,0,463,461,2,26.472269868496284,0.0,100.0,99.56803455723542,0.4319654427645789
07613,07,613,2070,454,0,454,450,4,21.932367149758456,0.0,100.0,99.11894273127754,0.881057268722467
07614,07,614,1727,493,1,492,488,4,28.546612623045743,0.2028397565922921,99.79716024340772,98.98580121703854,0.8113590263691683
07615,07,615,1785,479,0,479,470,9,26.834733893557424,0.0,100.0,98.12108559498957,1.8789144050104383
07701,07,701,1794,345,0,345,336,9,19.230769230769234,0.0,100.0,97.3913043478261,2.608695652173913
07702,07,702,1716,594,0,594,589,5,34.61538461538461,0.0,100.0,99.15824915824916,0.8417508417508417
07703,07,703,1994,571,3,567,558,9,28.635907723169506,0.5253940455341506,99.29947460595446,97.72329246935202,1.5761821366024518
07704,07,704,1379,265,0,265,260,5,19.216823785351707,0.0,100.0,98.11320754716981,1.8867924528301887
07705,07,705,2014,325,0,325,315,10,16.137040714995035,0.0,100.0,96.92307692307692,3.076923076923077
07706,07,706,1930,415,0,415,408,7,21.502590673575128,0.0,100.0,98.3132530120482,1.6867469879518073
07707,07,707,1541,250,0,250,243,7,16.223231667748212,0.0,100.0,97.2,2.8000000000000003
07708,07,708,2082,300,0,300,295,5,14.409221902017292,0.0,100.0,98.33333333333333,1.6666666666666667
07709,07,709,2300,404,0,404,394,10,17.565217391304348,0.0,100.0,97.52475247524752,2.4752475247524752
07710,07,710,1816,451,0,451,450,1,24.834801762114537,0.0,100.0,99.77827050997783,0.22172949002217296
07711,07,711,2034,601,3,598,587,11,29.547689282202555,0.49916805324459235,99.50083194675541,97.67054908485858,1.8302828618968388
07712,07,712,1996,689,0,689,687,2,34.519038076152306,0.0,100.0,99.70972423802613,0.29027576197387517
07713,07,713,2064,601,0,601,597,4,29.118217054263567,0.0,100.0,99.33444259567388,0.6655574043261231
07714,07,714,2166,585,0,586,582,4,27.008310249307478,0.0,100.17094017094017,99.48717948717949,0.6837606837606838
07715,07,715,1988,388,0,388,385,3,19.517102615694164,0.0,100.0,99.22680412371135,0.7731958762886598
07801,07,801,1868,579,2,577,570,7,30.99571734475375,0.3454231433506045,99.65457685664938,98.44559585492227,1.2089810017271159
07802,07,802,1858,580,3,577,571,6,31.216361679224974,0.5172413793103449,99.48275862068967,98.44827586206897,1.0344827586206897
07803,07,803,1917,314,0,314,305,9,16.37976004173187,0.0,100.0,97.13375796178345,2.8662420382165608
07804,07,804,1930,371,1,370,356,14,19.22279792746114,0.2695417789757413,99.73045822102425,95.95687331536388,3.7735849056603774
07805,07,805,2099,538,0,538,532,6,25.631252977608387,0.0,100.0,98.88475836431226,1.1152416356877324
07806,07,806,1798,423,1,422,421,1,23.526140155728587,0.2364066193853428,99.76359338061465,99.52718676122932,0.2364066193853428
07807,07,807,2024,535,0,535,531,4,26.43280632411067,0.0,100.0,99.25233644859813,0.7476635514018692
07808,07,808,1963,446,1,445,433,12,22.72032603158431,0.2242152466367713,99.77578475336323,97.08520179372198,2.690582959641256
07809,07,809,1873,388,0,388,383,5,20.715429791777893,0.0,100.0,98.71134020618557,1.2886597938144329
07810,07,810,1771,409,0,409,405,4,23.094297007340487,0.0,100.0,99.02200488997555,0.9779951100244498
07811,07,811,1850,416,0,416,403,13,22.486486486486488,0.0,100.0,96.875,3.125
07812,07,812,1758,498,0,498,493,5,28.327645051194537,0.0,100.0,98.99598393574297,1.0040160642570282
07813,07,813,1762,412,1,411,406,5,23.382519863791146,0.24271844660194172,99.75728155339806,98.54368932038835,1.2135922330097086
07814,07,814,1655,333,1,333,332,1,20.12084592145015,0.3003003003003003,100.0,99.69969969969969,0.3003003003003003
07815,07,815,1611,426,0,426,423,3,26.443202979515828,0.0,100.0,99.29577464788733,0.7042253521126761
081A,08,1A,0,688,1,687,678,9,inf,0.14534883720930233,99.8546511627907,98.54651162790698,1.308139534883721
081B,08,1B,0,584,1,583,573,10,inf,0.17123287671232876,99.82876712328768,98.11643835616438,1.7123287671232876
081C,08,1C,0,483,0,483,479,4,inf,0.0,100.0,99.17184265010351,0.8281573498964804
082A,08,2A,0,546,1,545,535,10,inf,0.18315018315018314,99.81684981684981,97.98534798534799,1.8315018315018317
082B,08,2B,0,420,0,420,404,16,inf,0.0,100.0,96.19047619047619,3.8095238095238098
082C,08,2C,0,428,0,428,420,8,inf,0.0,100.0,98.13084112149532,1.8691588785046727
083A,08,3A,0,402,0,402,378,24,inf,0.0,100.0,94.02985074626866,5.970149253731343
083B,08,3B,0,401,0,401,393,8,inf,0.0,100.0,98.00498753117208,1.99501246882793
083C,08,3C,0,640,2,638,629,9,inf,0.3125,99.6875,98.28125,1.40625
084A,08,4A,0,724,1,723,710,13,inf,0.13812154696132595,99.86187845303867,98.06629834254143,1.7955801104972375
084B,08,4B,0,772,0,772,765,7,inf,0.0,100.0,99.09326424870466,0.9067357512953367
084C,08,4C,0,729,0,729,720,9,inf,0.0,100.0,98.76543209876543,1.2345679012345678
085A,08,5A,0,887,18,869,847,22,inf,2.029312288613303,97.97068771138669,95.49041713641489,2.480270574971815
085B,08,5B,0,810,16,794,768,26,inf,1.9753086419753085,98.0246913580247,94.81481481481482,3.2098765432098766
085C,08,5C,0,850,2,848,828,20,inf,0.2352941176470588,99.76470588235294,97.41176470588235,2.3529411764705883
086A,08,6A,0,497,1,496,486,10,inf,0.2012072434607646,99.79879275653923,97.78672032193158,2.0120724346076457
086B,08,6B,0,791,1,790,774,16,inf,0.12642225031605564,99.87357774968395,97.85082174462705,2.0227560050568902
086C,08,6C,0,873,0,873,852,21,inf,0.0,100.0,97.59450171821305,2.405498281786942
08101,08,101,3755,828,1,827,813,14,22.050599201065246,0.12077294685990338,99.8792270531401,98.18840579710145,1.6908212560386473
08102,08,102,2755,586,1,585,575,10,21.270417422867514,0.17064846416382254,99.82935153583618,98.12286689419795,1.7064846416382253
08103,08,103,2741,560,0,560,554,6,20.430499817584824,0.0,100.0,98.92857142857143,1.0714285714285714
08104,08,104,1422,322,0,322,311,11,22.644163150492265,0.0,100.0,96.58385093167702,3.4161490683229814
08105,08,105,2880,622,0,622,621,1,21.59722222222222,0.0,100.0,99.83922829581994,0.1607717041800643
08106,08,106,1899,317,0,317,306,11,16.692996313849395,0.0,100.0,96.52996845425868,3.4700315457413247
08107,08,107,2279,463,0,463,451,12,20.315928038613425,0.0,100.0,97.40820734341253,2.591792656587473
08108,08,108,3235,594,3,591,576,15,18.361669242658422,0.5050505050505051,99.4949494949495,96.96969696969697,2.525252525252525
08109,08,109,2561,528,0,528,520,8,20.61694650527138,0.0,100.0,98.48484848484848,1.5151515151515151
08110,08,110,1735,284,0,284,276,8,16.368876080691646,0.0,100.0,97.1830985915493,2.8169014084507045
08111,08,111,3262,540,1,539,531,8,16.554261189454323,0.1851851851851852,99.81481481481481,98.33333333333333,1.4814814814814816
08112,08,112,2513,444,0,444,437,7,17.668125746120175,0.0,100.0,98.42342342342343,1.5765765765765765
08113,08,113,2907,547,0,547,542,5,18.816649466804268,0.0,100.0,99.08592321755027,0.9140767824497258
08114,08,114,2391,393,0,393,385,8,16.4366373902133,0.0,100.0,97.96437659033079,2.035623409669211
08201,08,201,1482,317,1,316,310,6,21.39001349527665,0.31545741324921134,99.6845425867508,97.79179810725552,1.8927444794952681
08202,08,202,2594,501,1,500,493,7,19.313801079414034,0.19960079840319359,99.8003992015968,98.40319361277446,1.3972055888223553
08203,08,203,3224,604,0,604,594,10,18.734491315136477,0.0,100.0,98.34437086092716,1.6556291390728477
08204,08,204,2396,479,3,476,468,8,19.991652754590987,0.6263048016701461,99.37369519832986,97.7035490605428,1.6701461377870561
08205,08,205,2610,444,0,444,435,9,17.011494252873565,0.0,100.0,97.97297297297297,2.027027027027027
08206,08,206,2579,596,1,595,579,16,23.109732454439705,0.16778523489932887,99.83221476510067,97.14765100671141,2.684563758389262
08207,08,207,2241,489,1,488,483,5,21.82061579651941,0.2044989775051125,99.79550102249489,98.77300613496932,1.0224948875255624
08208,08,208,2742,412,0,412,387,25,15.025528811086797,0.0,100.0,93.93203883495146,6.067961165048544
08209,08,209,2029,279,0,279,268,11,13.750616067028092,0.0,100.0,96.05734767025089,3.942652329749104
08210,08,210,2113,343,0,343,334,9,16.23284429720776,0.0,100.0,97.37609329446065,2.623906705539359
08211,08,211,2756,574,1,573,560,13,20.827285921625542,0.17421602787456447,99.82578397212544,97.5609756097561,2.264808362369338
08212,08,212,2144,356,0,356,348,8,16.6044776119403,0.0,100.0,97.75280898876404,2.247191011235955
08213,08,213,2454,364,1,363,359,4,14.832925835370823,0.27472527472527475,99.72527472527473,98.62637362637363,1.098901098901099
08214,08,214,1947,329,0,329,317,12,16.89779147406266,0.0,100.0,96.35258358662614,3.64741641337386
08215,08,215,1642,299,0,299,289,10,18.2095006090134,0.0,100.0,96.65551839464884,3.3444816053511706
08301,08,301,2529,406,2,404,388,16,16.05377619612495,0.49261083743842365,99.50738916256158,95.56650246305419,3.9408866995073892
08302,08,302,2521,326,0,326,315,11,12.931376437921461,0.0,100.0,96.62576687116564,3.374233128834356
08303,08,303,2290,348,1,347,339,8,15.196506550218341,0.28735632183908044,99.71264367816092,97.41379310344827,2.2988505747126435
08304,08,304,1453,155,0,155,150,5,10.667584308327598,0.0,100.0,96.7741935483871,3.225806451612903
08305,08,305,2336,329,0,329,321,8,14.08390410958904,0.0,100.0,97.56838905775076,2.43161094224924
08306,08,306,1368,118,0,118,114,4,8.625730994152047,0.0,100.0,96.61016949152543,3.389830508474576
08307,08,307,3091,386,2,384,363,21,12.487868003882237,0.5181347150259068,99.48186528497409,94.04145077720207,5.4404145077720205
08308,08,308,1342,193,0,193,190,3,14.381520119225039,0.0,100.0,98.44559585492227,1.5544041450777202
08309,08,309,2388,306,0,306,301,5,12.814070351758794,0.0,100.0,98.36601307189542,1.6339869281045754
08310,08,310,1785,294,0,294,287,7,16.470588235294116,0.0,100.0,97.61904761904762,2.380952380952381
08311,08,311,2808,689,2,687,674,13,24.537037037037038,0.29027576197387517,99.70972423802613,97.82293178519593,1.8867924528301887
08312,08,312,1600,281,1,280,268,12,17.5625,0.3558718861209964,99.644128113879,95.37366548042705,4.270462633451958
08313,08,313,1635,248,0,248,241,7,15.168195718654435,0.0,100.0,97.17741935483872,2.82258064516129
08314,08,314,3500,937,1,936,924,12,26.771428571428572,0.10672358591248667,99.89327641408752,98.61259338313766,1.2806830309498398
08401,08,401,2599,728,3,725,713,12,28.010773374374757,0.4120879120879121,99.58791208791209,97.93956043956044,1.6483516483516485
08402,08,402,2857,434,2,432,425,7,15.1907595379769,0.4608294930875576,99.53917050691244,97.92626728110599,1.6129032258064515
08403,08,403,3612,715,1,714,699,15,19.79512735326689,0.13986013986013987,99.86013986013987,97.76223776223776,2.097902097902098
08404,08,404,2418,474,1,473,461,12,19.602977667493796,0.21097046413502107,99.78902953586498,97.25738396624473,2.5316455696202533
08405,08,405,1563,499,0,499,494,5,31.925783749200253,0.0,100.0,98.99799599198397,1.002004008016032
08406,08,406,3022,858,1,857,849,8,28.391793514228986,0.11655011655011654,99.88344988344988,98.95104895104895,0.9324009324009324
08407,08,407,3324,783,2,781,772,9,23.55595667870036,0.2554278416347382,99.74457215836526,98.59514687100895,1.1494252873563218
08408,08,408,2028,469,1,468,463,5,23.126232741617354,0.21321961620469082,99.7867803837953,98.72068230277186,1.0660980810234542
08409,08,409,2772,709,1,708,701,7,25.577200577200575,0.14104372355430184,99.8589562764457,98.8716502115656,0.9873060648801129
08410,08,410,3706,714,0,714,695,19,19.26605504587156,0.0,100.0,97.3389355742297,2.661064425770308
08411,08,411,2980,589,0,589,576,13,19.76510067114094,0.0,100.0,97.79286926994907,2.2071307300509337
08412,08,412,1458,344,0,344,338,6,23.593964334705074,0.0,100.0,98.25581395348837,1.744186046511628
08501,08,501,2834,654,2,652,641,11,23.076923076923077,0.3058103975535168,99.69418960244649,98.01223241590215,1.6819571865443423
08502,08,502,2963,836,0,836,828,8,28.214647316908536,0.0,100.0,99.04306220095694,0.9569377990430622
08503,08,503,3357,642,0,642,626,16,19.124218051831992,0.0,100.0,97.50778816199377,2.4922118380062304
08504,08,504,1716,391,0,391,380,11,22.785547785547784,0.0,100.0,97.18670076726342,2.813299232736573
08505,08,505,3202,640,0,640,627,13,19.987507807620236,0.0,100.0,97.96875,2.03125
08506,08,506,1639,280,0,280,272,8,17.083587553386213,0.0,100.0,97.14285714285714,2.857142857142857
08507,08,507,3233,650,1,649,635,14,20.105165480977423,0.15384615384615385,99.84615384615385,97.6923076923077,2.1538461538461537
08508,08,508,3349,554,1,553,530,23,16.54225141833383,0.18050541516245489,99.81949458483754,95.66787003610109,4.1516245487364625
08509,08,509,2820,722,0,722,713,9,25.602836879432623,0.0,100.0,98.75346260387812,1.2465373961218837
08510,08,510,1589,445,0,445,441,4,28.00503461296413,0.0,100.0,99.10112359550561,0.8988764044943821
08511,08,511,2748,524,0,524,506,18,19.068413391557495,0.0,100.0,96.56488549618321,3.435114503816794
08512,08,512,1432,301,0,301,294,7,21.019553072625698,0.0,100.0,97.67441860465115,2.3255813953488373
08513,08,513,2683,397,1,396,383,13,14.796869176295191,0.2518891687657431,99.74811083123426,96.4735516372796,3.27455919395466
08601,08,601,2277,301,1,300,292,8,13.219148001756697,0.33222591362126247,99.66777408637874,97.00996677740864,2.6578073089700998
08602,08,602,1887,339,0,339,332,7,17.965023847376788,0.0,100.0,97.93510324483776,2.0648967551622417
08603,08,603,2390,632,2,630,622,8,26.443514644351463,0.31645569620253167,99.68354430379746,98.41772151898735,1.2658227848101267
08604,08,604,1585,463,0,463,457,6,29.21135646687697,0.0,100.0,98.70410367170626,1.2958963282937366
08605,08,605,2500,587,1,586,573,13,23.48,0.17035775127768313,99.82964224872232,97.61499148211243,2.2146507666098807
08606,08,606,1601,311,0,311,304,7,19.42535915053092,0.0,100.0,97.7491961414791,2.2508038585209005
08607,08,607,2623,755,0,755,746,9,28.78383530308807,0.0,100.0,98.80794701986756,1.1920529801324504
08608,08,608,3596,1206,0,1206,1189,17,33.53726362625139,0.0,100.0,98.59038142620233,1.4096185737976783
08609,08,609,1794,513,0,513,510,3,28.595317725752505,0.0,100.0,99.41520467836257,0.5847953216374269
08610,08,610,2018,570,0,570,564,6,28.245787908820613,0.0,100.0,98.94736842105263,1.0526315789473684
08611,08,611,3393,963,2,961,937,24,28.381962864721483,0.20768431983385255,99.79231568016614,97.30010384215991,2.4922118380062304
08612,08,612,2382,498,2,496,478,18,20.906801007556673,0.4016064257028112,99.59839357429718,95.98393574297188,3.614457831325301
08613,08,613,3628,846,0,846,829,17,23.318632855567806,0.0,100.0,97.99054373522459,2.0094562647754137
091A,09,1A,0,1033,5,1028,1007,21,inf,0.48402710551790895,99.51597289448209,97.48305905130688,2.032913843175218
091B,09,1B,0,853,1,852,832,20,inf,0.11723329425556857,99.88276670574443,97.53810082063306,2.3446658851113718
091C,09,1C,0,1185,0,1185,1160,25,inf,0.0,100.0,97.8902953586498,2.109704641350211
091D,09,1D,0,619,0,619,605,14,inf,0.0,100.0,97.73828756058158,2.2617124394184165
091E,09,1E,0,1270,1,1269,1245,24,inf,0.07874015748031496,99.92125984251969,98.03149606299213,1.889763779527559
091F,09,1F,0,522,0,522,512,10,inf,0.0,100.0,98.08429118773945,1.9157088122605364
091G,09,1G,0,1124,0,1124,1102,22,inf,0.0,100.0,98.04270462633453,1.9572953736654803
091H,09,1H,0,928,0,928,917,11,inf,0.0,100.0,98.8146551724138,1.1853448275862069
091I,09,1I,0,539,0,539,527,12,inf,0.0,100.0,97.77365491651206,2.2263450834879404
091J,09,1J,0,1241,1,1240,1230,10,inf,0.08058017727639001,99.91941982272361,99.11361804995971,0.8058017727639
091K,09,1K,0,988,0,988,969,19,inf,0.0,100.0,98.07692307692307,1.9230769230769231
091L,09,1L,0,1272,2,1270,1248,22,inf,0.15723270440251574,99.84276729559748,98.11320754716981,1.729559748427673
09101,09,101,1888,482,1,481,476,5,25.529661016949152,0.2074688796680498,99.79253112033194,98.7551867219917,1.0373443983402488
09103,09,103,2433,549,0,549,540,9,22.564734895191123,0.0,100.0,98.36065573770492,1.639344262295082
09104,09,104,3402,862,4,858,850,8,25.33803644914756,0.46403712296983757,99.53596287703016,98.60788863109049,0.9280742459396751
09108,09,108,3428,766,1,765,756,9,22.345390898483082,0.13054830287206268,99.86945169712794,98.69451697127938,1.1749347258485638
09111,09,111,2397,583,1,582,574,8,24.32206925323321,0.17152658662092624,99.82847341337907,98.45626072041166,1.3722126929674099
09113,09,113,2612,698,1,697,688,9,26.72281776416539,0.14326647564469913,99.8567335243553,98.56733524355302,1.2893982808022924
09116,09,116,2252,473,0,473,471,2,21.00355239786856,0.0,100.0,99.57716701902748,0.42283298097251587
09120,09,120,2464,697,0,697,688,9,28.287337662337663,0.0,100.0,98.70875179340028,1.291248206599713
09122,09,122,2515,717,1,716,708,8,28.508946322067597,0.1394700139470014,99.86052998605301,98.74476987447699,1.1157601115760112
09126,09,126,1095,274,0,274,271,3,25.022831050228312,0.0,100.0,98.90510948905109,1.094890510948905
09127,09,127,884,228,0,228,225,3,25.791855203619914,0.0,100.0,98.68421052631578,1.3157894736842104
09128,09,128,995,278,0,278,272,6,27.939698492462313,0.0,100.0,97.84172661870504,2.158273381294964
09130,09,130,2883,856,0,856,839,17,29.691293791189732,0.0,100.0,98.01401869158879,1.9859813084112148
09133,09,133,1965,495,0,495,488,7,25.190839694656486,0.0,100.0,98.58585858585859,1.4141414141414141
09135,09,135,2944,571,0,571,563,8,19.39538043478261,0.0,100.0,98.59894921190893,1.4010507880910683
09201,09,201,1683,463,0,463,452,11,27.51039809863339,0.0,100.0,97.62419006479482,2.375809935205184
09204,09,204,3018,793,0,793,785,8,26.275679257786617,0.0,100.0,98.99117276166457,1.008827238335435
09207,09,207,3388,980,1,979,966,13,28.92561983471074,0.10204081632653061,99.89795918367346,98.57142857142858,1.3265306122448979
09208,09,208,2222,580,1,579,578,1,26.102610261026104,0.1724137931034483,99.82758620689656,99.6551724137931,0.1724137931034483
09211,09,211,3148,924,1,923,914,9,29.35196950444727,0.10822510822510822,99.89177489177489,98.91774891774891,0.974025974025974
09212,09,212,874,318,1,317,314,3,36.38443935926773,0.3144654088050315,99.68553459119497,98.74213836477988,0.9433962264150944
09214,09,214,1133,356,0,356,352,4,31.42100617828773,0.0,100.0,98.87640449438202,1.1235955056179776
09216,09,216,3454,999,0,999,982,17,28.922987840185293,0.0,100.0,98.2982982982983,1.7017017017017018
09221,09,221,1937,441,1,440,432,8,22.767165720185854,0.22675736961451248,99.77324263038548,97.95918367346938,1.8140589569160999
09222,09,222,1499,290,0,290,287,3,19.34623082054703,0.0,100.0,98.9655172413793,1.0344827586206897
09224,09,224,2613,380,0,380,368,12,14.542671259089168,0.0,100.0,96.84210526315789,3.1578947368421053
09227,09,227,623,95,1,94,94,0,15.248796147672552,1.0526315789473684,98.94736842105263,98.94736842105263,0.0
09228,09,228,2628,620,0,620,609,11,23.59208523592085,0.0,100.0,98.22580645161291,1.7741935483870968
09230,09,230,3661,861,0,861,840,21,23.518164435946463,0.0,100.0,97.5609756097561,2.4390243902439024
09231,09,231,928,129,0,129,128,1,13.900862068965516,0.0,100.0,99.2248062015504,0.7751937984496124
09236,09,236,2749,588,0,588,581,7,21.389596216806112,0.0,100.0,98.80952380952381,1.1904761904761905
09301,09,301,702,251,0,251,250,1,35.75498575498576,0.0,100.0,99.60159362549801,0.398406374501992
09302,09,302,2362,583,0,583,576,7,24.68247248094835,0.0,100.0,98.79931389365352,1.2006861063464835
09304,09,304,3180,956,0,956,945,11,30.062893081761004,0.0,100.0,98.84937238493724,1.1506276150627615
09308,09,308,3077,656,0,656,642,14,21.319467013324665,0.0,100.0,97.86585365853658,2.1341463414634148
09309,09,309,3661,887,0,887,873,14,24.228352909041245,0.0,100.0,98.42164599774522,1.5783540022547913
09314,09,314,3965,1045,0,1045,1028,17,26.35561160151324,0.0,100.0,98.37320574162679,1.6267942583732056
09317,09,317,3017,914,0,914,912,2,30.294995028173684,0.0,100.0,99.78118161925602,0.2188183807439825
09319,09,319,2107,360,0,360,355,5,17.0859041290935,0.0,100.0,98.61111111111111,1.3888888888888888
09320,09,320,976,208,2,206,202,4,21.311475409836063,0.9615384615384616,99.03846153846155,97.11538461538461,1.9230769230769231
09321,09,321,569,121,0,121,119,2,21.26537785588752,0.0,100.0,98.34710743801654,1.6528925619834711
09322,09,322,2402,663,0,663,656,7,27.601998334721067,0.0,100.0,98.94419306184012,1.0558069381598794
09324,09,324,2214,642,0,642,634,8,28.997289972899733,0.0,100.0,98.75389408099689,1.2461059190031152
09326,09,326,1346,143,0,143,139,4,10.62407132243685,0.0,100.0,97.2027972027972,2.797202797202797
09328,09,328,1183,305,0,305,300,5,25.78191039729501,0.0,100.0,98.36065573770492,1.639344262295082
09330,09,330,2077,446,1,445,431,14,21.473278767453056,0.2242152466367713,99.77578475336323,96.63677130044843,3.1390134529147984
09333,09,333,879,245,0,245,245,0,27.872582480091012,0.0,100.0,100.0,0.0
09401,09,401,2871,858,2,856,850,6,29.88505747126437,0.2331002331002331,99.76689976689977,99.06759906759906,0.6993006993006993
09403,09,403,786,88,0,88,85,3,11.195928753180661,0.0,100.0,96.5909090909091,3.4090909090909087
09404,09,404,1855,500,2,498,492,6,26.954177897574123,0.4,99.6,98.4,1.2
09405,09,405,3672,1085,0,1085,1077,8,29.5479302832244,0.0,100.0,99.2626728110599,0.7373271889400922
09409,09,409,3221,797,1,796,787,9,24.743868363862155,0.12547051442910914,99.87452948557089,98.7452948557089,1.1292346298619824
09413,09,413,4096,895,0,895,880,15,21.8505859375,0.0,100.0,98.32402234636871,1.675977653631285
09418,09,418,561,81,0,81,80,1,14.43850267379679,0.0,100.0,98.76543209876543,1.2345679012345678
09419,09,419,632,233,0,233,232,1,36.86708860759494,0.0,100.0,99.57081545064378,0.4291845493562232
09420,09,420,1861,472,0,472,466,6,25.362708221386356,0.0,100.0,98.72881355932203,1.2711864406779663
09422,09,422,889,288,1,287,284,3,32.39595050618673,0.3472222222222222,99.65277777777779,98.61111111111111,1.0416666666666665
09423,09,423,1272,369,0,369,364,5,29.009433962264154,0.0,100.0,98.6449864498645,1.3550135501355014
09424,09,424,774,282,0,282,277,5,36.434108527131784,0.0,100.0,98.22695035460993,1.773049645390071
09425,09,425,753,255,0,255,252,3,33.86454183266932,0.0,100.0,98.82352941176471,1.1764705882352942
09426,09,426,796,279,0,279,278,1,35.050251256281406,0.0,100.0,99.6415770609319,0.35842293906810035
09427,09,427,739,222,0,222,220,2,30.040595399188092,0.0,100.0,99.09909909909909,0.9009009009009009
09428,09,428,366,131,0,131,130,1,35.79234972677596,0.0,100.0,99.23664122137404,0.7633587786259541
09429,09,429,2785,748,0,748,746,2,26.858168761220824,0.0,100.0,99.73262032085562,0.267379679144385
09432,09,432,3380,722,1,721,711,10,21.360946745562128,0.13850415512465375,99.86149584487535,98.47645429362882,1.3850415512465373
09436,09,436,1667,527,0,527,519,8,31.613677264547093,0.0,100.0,98.4819734345351,1.5180265654648957
09501,09,501,864,190,0,190,187,3,21.99074074074074,0.0,100.0,98.42105263157895,1.5789473684210527
09502,09,502,766,141,0,141,137,4,18.407310704960835,0.0,100.0,97.16312056737588,2.8368794326241136
09503,09,503,830,201,0,201,197,4,24.216867469879517,0.0,100.0,98.00995024875621,1.9900497512437811
09504,09,504,971,297,1,296,295,1,30.587023686920702,0.33670033670033667,99.66329966329967,99.32659932659934,0.33670033670033667
09505,09,505,1079,356,0,356,349,7,32.9935125115848,0.0,100.0,98.03370786516854,1.9662921348314606
09506,09,506,1594,567,0,567,557,10,35.570890840652446,0.0,100.0,98.2363315696649,1.763668430335097
09508,09,508,1327,366,2,364,361,3,27.581009796533536,0.546448087431694,99.4535519125683,98.63387978142076,0.819672131147541
09510,09,510,1577,386,0,386,382,4,24.47685478757134,0.0,100.0,98.96373056994818,1.0362694300518136
09512,09,512,553,81,0,81,79,2,14.647377938517177,0.0,100.0,97.53086419753086,2.4691358024691357
09513,09,513,911,243,0,243,240,3,26.67398463227223,0.0,100.0,98.76543209876543,1.2345679012345678
09514,09,514,702,175,0,175,172,3,24.92877492877493,0.0,100.0,98.28571428571429,1.7142857142857144
09515,09,515,2208,371,1,370,361,9,16.80253623188406,0.2695417789757413,99.73045822102425,97.30458221024259,2.4258760107816713
09518,09,518,1194,250,0,250,246,4,20.938023450586265,0.0,100.0,98.4,1.6
09519,09,519,3286,985,0,985,963,22,29.975654290931224,0.0,100.0,97.76649746192894,2.233502538071066
09522,09,522,3077,1112,0,1112,1100,12,36.13909652258693,0.0,100.0,98.92086330935251,1.079136690647482
09525,09,525,2146,661,1,660,651,9,30.80149114631873,0.15128593040847202,99.84871406959152,98.48714069591527,1.361573373676248
09527,09,527,1526,459,0,459,452,7,30.078636959370904,0.0,100.0,98.47494553376906,1.5250544662309369
09528,09,528,2380,951,2,949,946,3,39.957983193277315,0.2103049421661409,99.78969505783385,99.47423764458465,0.31545741324921134
09530,09,530,3191,1145,0,1145,1136,9,35.88216859918521,0.0,100.0,99.21397379912665,0.7860262008733625
09601,09,601,2845,1130,0,1130,1110,20,39.71880492091388,0.0,100.0,98.23008849557522,1.7699115044247788
09603,09,603,869,217,0,217,210,7,24.971231300345227,0.0,100.0,96.7741935483871,3.225806451612903
09604,09,604,1032,348,0,348,346,2,33.72093023255814,0.0,100.0,99.42528735632183,0.5747126436781609
09605,09,605,2021,701,1,700,696,4,34.685799109351805,0.14265335235378032,99.85734664764621,99.2867332382311,0.5706134094151213
09608,09,608,1567,505,0,505,498,7,32.22718570516911,0.0,100.0,98.61386138613861,1.3861386138613863
09609,09,609,1467,513,0,513,504,9,34.96932515337423,0.0,100.0,98.24561403508771,1.7543859649122806
09611,09,611,2435,741,0,741,733,8,30.431211498973305,0.0,100.0,98.9203778677463,1.0796221322537112
09614,09,614,2664,971,1,970,966,4,36.44894894894895,0.10298661174047373,99.89701338825952,99.48506694129763,0.4119464469618949
09617,09,617,2325,772,0,772,766,6,33.204301075268816,0.0,100.0,99.22279792746113,0.7772020725388601
09619,09,619,768,285,0,285,278,7,37.109375,0.0,100.0,97.54385964912281,2.456140350877193
09620,09,620,3461,1125,0,1125,1110,15,32.50505634209766,0.0,100.0,98.66666666666667,1.3333333333333335
09624,09,624,3567,1245,2,1243,1226,17,34.90328006728343,0.1606425702811245,99.83935742971887,98.47389558232932,1.3654618473895583
09628,09,628,637,223,0,223,222,1,35.00784929356358,0.0,100.0,99.55156950672645,0.4484304932735426
09629,09,629,1426,432,1,431,426,5,30.294530154277698,0.23148148148148145,99.76851851851852,98.61111111111111,1.1574074074074074
09630,09,630,1594,572,2,570,565,5,35.88456712672522,0.34965034965034963,99.65034965034964,98.77622377622379,0.8741258741258742
09631,09,631,1821,663,0,663,654,9,36.40856672158155,0.0,100.0,98.64253393665159,1.3574660633484164
09633,09,633,1278,413,0,413,410,3,32.316118935837245,0.0,100.0,99.27360774818402,0.7263922518159807
09634,09,634,1321,420,0,420,417,3,31.794095382286148,0.0,100.0,99.28571428571429,0.7142857142857143
101A,10,1A,0,590,1,589,577,12,inf,0.1694915254237288,99.83050847457628,97.79661016949153,2.0338983050847457
101B,10,1B,0,574,0,574,557,17,inf,0.0,100.0,97.0383275261324,2.961672473867596
101C,10,1C,0,588,0,588,573,15,inf,0.0,100.0,97.44897959183673,2.5510204081632653
101D,10,1D,0,586,0,586,576,10,inf,0.0,100.0,98.29351535836177,1.7064846416382253
101E,10,1E,0,579,1,578,569,9,inf,0.17271157167530224,99.8272884283247,98.27288428324698,1.5544041450777202
101F,10,1F,0,588,1,587,573,14,inf,0.17006802721088435,99.82993197278913,97.44897959183673,2.380952380952381
101G,10,1G,0,588,3,585,569,16,inf,0.5102040816326531,99.48979591836735,96.7687074829932,2.7210884353741496
101H,10,1H,0,557,0,557,547,10,inf,0.0,100.0,98.20466786355476,1.7953321364452424
101J,10,1J,0,541,0,541,534,7,inf,0.0,100.0,98.70609981515712,1.2939001848428837
101K,10,1K,0,543,0,543,533,10,inf,0.0,100.0,98.15837937384899,1.841620626151013
101L,10,1L,0,541,0,541,529,12,inf,0.0,100.0,97.78188539741221,2.2181146025878005
101M,10,1M,0,567,1,566,556,10,inf,0.1763668430335097,99.82363315696648,98.05996472663139,1.763668430335097
101N,10,1N,0,533,2,531,520,11,inf,0.37523452157598497,99.62476547842401,97.5609756097561,2.0637898686679175
101O,10,1O,0,538,0,538,527,11,inf,0.0,100.0,97.95539033457248,2.0446096654275094
101P,10,1P,0,532,1,531,520,11,inf,0.18796992481203006,99.81203007518798,97.74436090225564,2.0676691729323307
101Q,10,1Q,0,541,0,541,535,6,inf,0.0,100.0,98.8909426987061,1.1090573012939002
10101,10,101,4288,591,0,591,577,14,13.782649253731345,0.0,100.0,97.63113367174282,2.3688663282571913
10102,10,102,4193,544,0,544,533,11,12.974004292869068,0.0,100.0,97.97794117647058,2.0220588235294117
10103,10,103,5305,819,1,818,806,12,15.438265786993401,0.1221001221001221,99.87789987789988,98.4126984126984,1.465201465201465
10104,10,104,3258,347,2,345,339,6,10.650705954573358,0.5763688760806917,99.42363112391931,97.69452449567724,1.729106628242075
10105,10,105,3700,669,0,669,661,8,18.08108108108108,0.0,100.0,98.80418535127056,1.195814648729447
10106,10,106,2591,462,1,461,456,5,17.830953299884214,0.21645021645021645,99.78354978354979,98.7012987012987,1.0822510822510822
10107,10,107,3691,645,0,645,631,14,17.47493904091032,0.0,100.0,97.82945736434108,2.1705426356589146
10201,10,201,4210,637,0,637,623,14,15.13064133016627,0.0,100.0,97.8021978021978,2.197802197802198
10202,10,202,3453,595,0,595,582,13,17.231392991601506,0.0,100.0,97.81512605042016,2.1848739495798317
10203,10,203,3837,801,2,799,787,12,20.875684128225174,0.24968789013732834,99.75031210986268,98.25218476903869,1.4981273408239701
10204,10,204,3557,654,0,654,641,13,18.38628057351701,0.0,100.0,98.01223241590215,1.9877675840978593
10205,10,205,2402,602,3,599,589,10,25.062447960033307,0.4983388704318937,99.5016611295681,97.8405315614618,1.6611295681063125
10206,10,206,3095,819,0,819,811,8,26.462035541195476,0.0,100.0,99.02319902319903,0.9768009768009768
10207,10,207,3967,666,2,664,651,13,16.788505167632973,0.3003003003003003,99.69969969969969,97.74774774774775,1.951951951951952
10208,10,208,3488,807,0,807,797,10,23.136467889908257,0.0,100.0,98.76084262701363,1.2391573729863694
10301,10,301,4318,978,1,977,959,18,22.649374710514127,0.10224948875255625,99.89775051124744,98.05725971370143,1.8404907975460123
10302,10,302,2443,652,1,651,641,10,26.688497748669672,0.15337423312883436,99.84662576687117,98.31288343558282,1.5337423312883436
10303,10,303,3863,1024,1,1023,1010,13,26.507895418068863,0.09765625,99.90234375,98.6328125,1.26953125
10304,10,304,4322,1062,1,1061,1048,13,24.571957427117074,0.09416195856873823,99.90583804143127,98.68173258003766,1.2241054613935969
10305,10,305,4205,818,0,818,812,6,19.453032104637337,0.0,100.0,99.26650366748166,0.7334963325183375
10306,10,306,1584,468,0,468,465,3,29.545454545454547,0.0,100.0,99.35897435897436,0.641025641025641
10307,10,307,4077,444,1,443,432,11,10.89036055923473,0.22522522522522523,99.77477477477478,97.2972972972973,2.4774774774774775
10308,10,308,3673,589,1,588,581,7,16.03593792540158,0.1697792869269949,99.830220713073,98.64176570458405,1.1884550084889642
10309,10,309,4031,520,1,519,507,12,12.900024807740015,0.19230769230769232,99.8076923076923,97.5,2.307692307692308
10401,10,401,3797,774,2,772,762,10,20.38451409007111,0.2583979328165375,99.74160206718346,98.44961240310077,1.2919896640826873
10402,10,402,3742,1024,2,1022,993,29,27.3650454302512,0.1953125,99.8046875,96.97265625,2.83203125
10403,10,403,4233,1137,0,1137,1126,11,26.860382707299784,0.0,100.0,99.0325417766051,0.9674582233948988
10404,10,404,3640,1092,0,1092,1085,7,30.0,0.0,100.0,99.35897435897436,0.641025641025641
10405,10,405,3049,538,0,538,533,5,17.64512955067235,0.0,100.0,99.07063197026022,0.929368029739777
10406,10,406,1165,318,0,318,310,8,27.296137339055793,0.0,100.0,97.48427672955975,2.515723270440252
10407,10,407,1580,539,0,539,535,4,34.11392405063291,0.0,100.0,99.25788497217069,0.7421150278293136
10408,10,408,2334,717,2,715,707,8,30.719794344473005,0.2789400278940028,99.72105997210599,98.60529986052998,1.1157601115760112
10409,10,409,2087,778,0,778,766,12,37.27839003354097,0.0,100.0,98.45758354755783,1.5424164524421593
10410,10,410,1246,431,0,431,416,15,34.59069020866774,0.0,100.0,96.51972157772622,3.480278422273782
10411,10,411,1401,453,0,453,453,0,32.33404710920771,0.0,100.0,100.0,0.0
10501,10,501,3385,1153,1,1152,1145,7,34.062038404726735,0.08673026886383348,99.91326973113617,99.30615784908933,0.6071118820468344
10502,10,502,1272,380,0,380,374,6,29.874213836477985,0.0,100.0,98.42105263157895,1.5789473684210527
10503,10,503,2551,838,0,838,835,3,32.84986279890239,0.0,100.0,99.64200477326969,0.35799522673031026
10504,10,504,2520,794,0,794,786,8,31.507936507936506,0.0,100.0,98.99244332493703,1.0075566750629723
10505,10,505,2434,825,5,820,808,12,33.894823336072314,0.6060606060606061,99.39393939393939,97.93939393939394,1.4545454545454546
10506,10,506,2493,875,0,875,860,15,35.098275170477336,0.0,100.0,98.28571428571429,1.7142857142857144
10507,10,507,2540,844,0,844,839,5,33.22834645669291,0.0,100.0,99.40758293838863,0.5924170616113744
10508,10,508,1235,490,0,490,487,3,39.67611336032389,0.0,100.0,99.38775510204081,0.6122448979591837
10509,10,509,2669,843,1,842,835,7,31.584863244660923,0.11862396204033215,99.88137603795967,99.05100830367735,0.8303677342823249
10510,10,510,2504,723,0,723,714,9,28.873801916932905,0.0,100.0,98.7551867219917,1.2448132780082988
10511,10,511,1137,382,0,382,381,1,33.5971855760774,0.0,100.0,99.73821989528795,0.2617801047120419
10512,10,512,2186,759,0,759,750,9,34.720951509606586,0.0,100.0,98.81422924901186,1.185770750988142
10513,10,513,1049,376,1,375,374,1,35.843660629170635,0.26595744680851063,99.7340425531915,99.46808510638297,0.26595744680851063
10514,10,514,3710,1236,0,1236,1224,12,33.315363881401616,0.0,100.0,99.02912621359224,0.9708737864077669
10601,10,601,2277,371,0,371,355,16,16.29336846728151,0.0,100.0,95.68733153638814,4.31266846361186
10602,10,602,2233,329,0,329,325,4,14.733542319749215,0.0,100.0,98.78419452887537,1.21580547112462
10603,10,603,2679,606,4,602,586,16,22.620380739081746,0.6600660066006601,99.33993399339934,96.69966996699671,2.6402640264026402
10604,10,604,2789,576,2,574,565,9,20.652563642882754,0.3472222222222222,99.65277777777779,98.09027777777779,1.5625
10605,10,605,2683,506,1,505,490,15,18.859485650391353,0.1976284584980237,99.80237154150198,96.83794466403161,2.9644268774703555
10606,10,606,2530,457,0,457,447,10,18.063241106719367,0.0,100.0,97.81181619256017,2.1881838074398248
10607,10,607,1898,428,0,428,420,8,22.55005268703899,0.0,100.0,98.13084112149532,1.8691588785046727
10608,10,608,2740,759,0,759,754,5,27.700729927007302,0.0,100.0,99.34123847167325,0.6587615283267457
10609,10,609,764,299,0,299,296,3,39.13612565445026,0.0,100.0,98.99665551839465,1.0033444816053512
10610,10,610,1032,339,1,338,332,6,32.848837209302324,0.2949852507374631,99.70501474926253,97.93510324483776,1.7699115044247788
10611,10,611,1853,471,1,470,465,5,25.41824069077172,0.21231422505307856,99.78768577494692,98.72611464968153,1.0615711252653928
10612,10,612,2188,661,0,661,655,6,30.210237659963436,0.0,100.0,99.09228441754917,0.9077155824508321
10613,10,613,2668,635,0,635,621,14,23.800599700149924,0.0,100.0,97.79527559055119,2.204724409448819
10701,10,701,1398,229,0,229,227,2,16.380543633762517,0.0,100.0,99.12663755458514,0.8733624454148471
10702,10,702,3748,636,0,636,627,9,16.969050160085377,0.0,100.0,98.58490566037736,1.4150943396226416
10703,10,703,3441,354,1,353,345,8,10.28770706190061,0.2824858757062147,99.71751412429379,97.45762711864407,2.2598870056497176
10704,10,704,2838,389,0,389,380,9,13.706835799859055,0.0,100.0,97.68637532133675,2.313624678663239
10705,10,705,1826,277,0,277,275,2,15.169769989047097,0.0,100.0,99.27797833935018,0.7220216606498195
10706,10,706,2039,433,1,432,422,10,21.23589995095635,0.23094688221709006,99.76905311778292,97.45958429561202,2.3094688221709005
10707,10,707,3416,731,0,731,713,18,21.399297423887585,0.0,100.0,97.53761969904241,2.462380300957592
10708,10,708,2496,373,0,373,367,6,14.943910256410255,0.0,100.0,98.39142091152814,1.6085790884718498
10709,10,709,3602,477,1,476,465,11,13.242642976124374,0.20964360587002098,99.79035639412997,97.48427672955975,2.3060796645702304
10710,10,710,1889,302,0,302,298,4,15.98729486500794,0.0,100.0,98.67549668874173,1.3245033112582782
111A,11,1A,0,195,0,195,194,1,inf,0.0,100.0,99.48717948717949,0.5128205128205128
111B,11,1B,0,374,0,374,362,12,inf,0.0,100.0,96.79144385026738,3.2085561497326207
111C,11,1C,0,303,0,303,290,13,inf,0.0,100.0,95.7095709570957,4.29042904290429
111D,11,1D,0,222,0,222,219,3,inf,0.0,100.0,98.64864864864865,1.3513513513513513
112A,11,2A,0,276,0,276,270,6,inf,0.0,100.0,97.82608695652173,2.1739130434782608
112B,11,2B,0,445,0,445,432,13,inf,0.0,100.0,97.07865168539325,2.9213483146067416
112C,11,2C,0,451,0,451,444,7,inf,0.0,100.0,98.4478935698448,1.5521064301552108
112D,11,2D,0,328,0,328,323,5,inf,0.0,100.0,98.47560975609755,1.524390243902439
113A,11,3A,0,444,1,443,426,17,inf,0.22522522522522523,99.77477477477478,95.94594594594594,3.8288288288288284
113B,11,3B,0,564,0,564,552,12,inf,0.0,100.0,97.87234042553192,2.127659574468085
113C,11,3C,0,329,0,329,320,9,inf,0.0,100.0,97.26443768996961,2.735562310030395
114A,11,4A,0,659,1,658,640,18,inf,0.15174506828528073,99.84825493171472,97.11684370257967,2.731411229135053
114B,11,4B,0,626,1,625,609,16,inf,0.1597444089456869,99.84025559105432,97.28434504792332,2.5559105431309903
114C,11,4C,0,425,1,424,404,20,inf,0.2352941176470588,99.76470588235294,95.05882352941177,4.705882352941177
115A,11,5A,0,520,0,520,501,19,inf,0.0,100.0,96.34615384615385,3.653846153846154
115B,11,5B,0,512,0,512,496,16,inf,0.0,100.0,96.875,3.125
115C,11,5C,0,403,0,403,394,9,inf,0.0,100.0,97.76674937965261,2.2332506203473943
116A,11,6A,0,517,2,515,501,14,inf,0.3868471953578337,99.61315280464217,96.90522243713733,2.7079303675048356
116B,11,6B,0,666,0,666,646,20,inf,0.0,100.0,96.996996996997,3.003003003003003
116C,11,6C,0,546,2,544,526,18,inf,0.3663003663003663,99.63369963369964,96.33699633699634,3.296703296703297
11101,11,101,3451,474,0,474,462,12,13.735149232106636,0.0,100.0,97.46835443037975,2.5316455696202533
11102,11,102,1068,271,0,271,271,0,25.374531835205993,0.0,100.0,100.0,0.0
11103,11,103,1036,224,0,224,222,2,21.62162162162162,0.0,100.0,99.10714285714286,0.8928571428571428
11104,11,104,2785,453,3,450,439,11,16.265709156193896,0.6622516556291391,99.33774834437085,96.90949227373068,2.4282560706401766
11107,11,107,3640,578,1,577,567,10,15.879120879120878,0.17301038062283738,99.82698961937716,98.09688581314879,1.7301038062283738
11109,11,109,3312,463,0,463,450,13,13.979468599033817,0.0,100.0,97.19222462203024,2.8077753779697625
11110,11,110,3409,539,0,539,528,11,15.811088295687886,0.0,100.0,97.95918367346938,2.0408163265306123
11111,11,111,2812,434,0,434,423,11,15.433854907539118,0.0,100.0,97.46543778801843,2.5345622119815667
11115,11,115,3159,431,1,430,417,13,13.643558088002534,0.23201856148491878,99.76798143851508,96.75174013921114,3.0162412993039442
11117,11,117,3036,343,0,343,326,17,11.29776021080369,0.0,100.0,95.04373177842565,4.956268221574344
11119,11,119,3451,448,0,448,440,8,12.981744421906694,0.0,100.0,98.21428571428571,1.7857142857142856
11201,11,201,1577,256,0,256,255,1,16.233354470513632,0.0,100.0,99.609375,0.390625
11202,11,202,2767,481,1,480,469,11,17.383447777376222,0.2079002079002079,99.7920997920998,97.5051975051975,2.2869022869022873
11204,11,204,2645,334,0,334,328,6,12.627599243856332,0.0,100.0,98.20359281437125,1.7964071856287425
11206,11,206,3483,475,1,475,461,14,13.637668676428365,0.21052631578947367,100.0,97.05263157894737,2.9473684210526314
11208,11,208,3222,645,1,644,636,8,20.01862197392924,0.15503875968992248,99.84496124031008,98.6046511627907,1.2403100775193798
11209,11,209,3268,719,2,717,709,8,22.00122399020808,0.27816411682892905,99.72183588317107,98.60917941585535,1.1126564673157162
11211,11,211,2115,374,0,374,368,6,17.68321513002364,0.0,100.0,98.3957219251337,1.6042780748663104
11213,11,213,3103,677,1,676,661,15,21.817595874959718,0.14771048744460857,99.85228951255539,97.63663220088627,2.2156573116691285
11215,11,215,2937,516,0,515,506,9,17.56894790602656,0.0,99.8062015503876,98.06201550387597,1.744186046511628
11217,11,217,1934,392,0,392,381,11,20.2688728024819,0.0,100.0,97.1938775510204,2.806122448979592
11218,11,218,3109,598,1,597,583,14,19.23448054036668,0.16722408026755853,99.83277591973244,97.49163879598662,2.341137123745819
11219,11,219,3257,647,0,647,627,20,19.86490635554191,0.0,100.0,96.90880989180835,3.091190108191654
11301,11,301,2821,698,1,697,687,10,24.742998936547323,0.14326647564469913,99.8567335243553,98.42406876790831,1.4326647564469914
11303,11,303,1870,377,2,375,364,11,20.16042780748663,0.5305039787798408,99.46949602122017,96.55172413793103,2.9177718832891246
11304,11,304,3534,582,0,582,564,18,16.468590831918505,0.0,100.0,96.90721649484536,3.0927835051546393
11305,11,305,3557,603,0,602,587,15,16.952488051728984,0.0,99.83416252072969,97.34660033167496,2.4875621890547266
11308,11,308,3133,462,1,465,456,9,14.746249601021386,0.21645021645021645,100.64935064935065,98.7012987012987,1.948051948051948
11310,11,310,3138,566,1,566,559,7,18.036966220522626,0.17667844522968199,100.0,98.76325088339223,1.2367491166077738
11312,11,312,2721,510,1,509,501,8,18.74310915104741,0.19607843137254902,99.80392156862746,98.23529411764706,1.5686274509803921
11314,11,314,3267,642,0,642,637,5,19.65105601469238,0.0,100.0,99.22118380062305,0.778816199376947
11316,11,316,1948,416,0,416,410,6,21.35523613963039,0.0,100.0,98.5576923076923,1.4423076923076923
11317,11,317,2402,461,0,461,451,10,19.19233971690258,0.0,100.0,97.83080260303689,2.1691973969631237
11319,11,319,1248,98,0,98,96,2,7.852564102564102,0.0,100.0,97.95918367346938,2.0408163265306123
11320,11,320,2010,361,0,361,347,14,17.960199004975124,0.0,100.0,96.1218836565097,3.8781163434903045
11321,11,321,1979,546,0,546,526,20,27.589691763516928,0.0,100.0,96.33699633699634,3.6630036630036633
11401,11,401,3275,604,0,604,593,11,18.442748091603054,0.0,100.0,98.17880794701986,1.8211920529801324
11403,11,403,3654,904,1,903,887,16,24.740010946907496,0.11061946902654868,99.88938053097345,98.11946902654867,1.7699115044247788
11405,11,405,3546,730,0,730,720,10,20.586576424139878,0.0,100.0,98.63013698630137,1.36986301369863
11407,11,407,2622,486,1,485,481,4,18.53546910755149,0.205761316872428,99.79423868312757,98.97119341563786,0.823045267489712
11409,11,409,4054,713,1,712,698,14,17.58756783423779,0.1402524544179523,99.85974754558204,97.89621318373072,1.9635343618513323
11411,11,411,3197,665,0,665,657,8,20.8007507037848,0.0,100.0,98.796992481203,1.2030075187969926
11413,11,413,3370,549,0,549,545,4,16.29080118694362,0.0,100.0,99.27140255009107,0.7285974499089253
11414,11,414,4013,739,0,739,725,14,18.415150760029903,0.0,100.0,98.10554803788904,1.8944519621109608
11416,11,416,1810,284,0,284,276,8,15.69060773480663,0.0,100.0,97.1830985915493,2.8169014084507045
11418,11,418,3175,836,0,835,816,19,26.330708661417322,0.0,99.88038277511961,97.60765550239235,2.272727272727273
11419,11,419,2590,569,0,570,541,29,21.969111969111967,0.0,100.17574692442884,95.07908611599298,5.0966608084358525
11420,11,420,1354,346,1,345,342,3,25.553914327917283,0.2890173410404624,99.71098265895954,98.84393063583815,0.8670520231213872
11501,11,501,3115,400,0,400,390,10,12.841091492776885,0.0,100.0,97.5,2.5
11502,11,502,2997,482,0,482,469,13,16.082749416082752,0.0,100.0,97.30290456431536,2.6970954356846475
11504,11,504,3550,540,0,540,534,6,15.211267605633802,0.0,100.0,98.88888888888889,1.1111111111111112
11505,11,505,3546,682,0,682,669,13,19.232938522278623,0.0,100.0,98.09384164222874,1.906158357771261
11506,11,506,3829,741,0,741,734,7,19.352311308435624,0.0,100.0,99.05533063427801,0.9446693657219973
11508,11,508,3612,745,5,740,726,14,20.625692137320044,0.6711409395973155,99.32885906040269,97.4496644295302,1.8791946308724832
11512,11,512,2365,329,0,329,319,10,13.911205073995772,0.0,100.0,96.96048632218846,3.0395136778115504
11513,11,513,2127,305,0,305,302,3,14.339445228020686,0.0,100.0,99.01639344262296,0.9836065573770493
11514,11,514,2119,388,0,388,378,10,18.310523831996225,0.0,100.0,97.42268041237114,2.5773195876288657
11515,11,515,2135,568,0,568,561,7,26.604215456674474,0.0,100.0,98.76760563380282,1.232394366197183
11517,11,517,2864,587,0,587,583,4,20.49581005586592,0.0,100.0,99.31856899488926,0.6814310051107325
11519,11,519,1924,338,0,338,334,4,17.56756756756757,0.0,100.0,98.81656804733728,1.183431952662722
11601,11,601,2104,586,0,586,575,11,27.851711026615973,0.0,100.0,98.12286689419795,1.877133105802048
11602,11,602,2656,625,0,625,620,5,23.531626506024097,0.0,100.0,99.2,0.8
11603,11,603,1849,477,0,477,468,9,25.797728501892912,0.0,100.0,98.11320754716981,1.8867924528301887
11604,11,604,3692,900,0,900,863,37,24.37703141928494,0.0,100.0,95.88888888888889,4.111111111111112
11606,11,606,1868,643,1,642,624,18,34.42184154175589,0.15552099533437014,99.84447900466563,97.04510108864697,2.7993779160186625
11608,11,608,3044,576,1,575,566,9,18.922470433639948,0.1736111111111111,99.82638888888889,98.26388888888889,1.5625
11610,11,610,2854,505,2,503,495,8,17.69446391030133,0.39603960396039606,99.60396039603961,98.01980198019803,1.5841584158415842
11612,11,612,2029,679,0,679,664,15,33.4647609659931,0.0,100.0,97.79086892488954,2.2091310751104567
11613,11,613,3451,836,0,836,827,9,24.224862358736598,0.0,100.0,98.92344497607655,1.076555023923445
11614,11,614,2359,527,2,525,514,11,22.339974565493854,0.3795066413662239,99.62049335863378,97.53320683111954,2.0872865275142316
11617,11,617,2454,621,0,622,615,7,25.305623471882637,0.0,100.1610305958132,99.03381642512076,1.1272141706924315
11619,11,619,2340,546,1,545,528,17,23.333333333333332,0.18315018315018314,99.81684981684981,96.7032967032967,3.1135531135531136
11620,11,620,2471,688,0,688,682,6,27.84297855119385,0.0,100.0,99.12790697674419,0.872093023255814
11622,11,622,1650,432,1,431,428,3,26.181818181818183,0.23148148148148145,99.76851851851852,99.07407407407408,0.6944444444444444
121A,12,1A,0,277,0,277,266,11,inf,0.0,100.0,96.028880866426,3.9711191335740073
121B,12,1B,0,233,0,233,222,11,inf,0.0,100.0,95.27896995708154,4.721030042918455
121C,12,1C,0,360,1,359,356,3,inf,0.2777777777777778,99.72222222222223,98.88888888888889,0.8333333333333334
121D,12,1D,0,312,0,312,306,6,inf,0.0,100.0,98.07692307692307,1.9230769230769231
122A,12,2A,0,556,1,555,542,13,inf,0.1798561151079137,99.82014388489209,97.48201438848922,2.338129496402878
122B,12,2B,0,441,0,441,433,8,inf,0.0,100.0,98.1859410430839,1.8140589569160999
122C,12,2C,0,366,0,366,361,5,inf,0.0,100.0,98.63387978142076,1.366120218579235
122D,12,2D,0,280,0,280,274,6,inf,0.0,100.0,97.85714285714285,2.142857142857143
123A,12,3A,0,589,0,589,582,7,inf,0.0,100.0,98.81154499151104,1.1884550084889642
123B,12,3B,0,681,0,681,668,13,inf,0.0,100.0,98.09104258443465,1.908957415565345
123C,12,3C,0,655,0,655,647,8,inf,0.0,100.0,98.77862595419847,1.2213740458015268
123D,12,3D,0,302,0,302,299,3,inf,0.0,100.0,99.00662251655629,0.9933774834437087
124A,12,4A,0,533,3,530,522,8,inf,0.5628517823639775,99.43714821763602,97.93621013133207,1.5009380863039399
124B,12,4B,0,444,1,443,436,7,inf,0.22522522522522523,99.77477477477478,98.1981981981982,1.5765765765765765
124C,12,4C,0,591,0,591,583,8,inf,0.0,100.0,98.64636209813875,1.353637901861252
124D,12,4D,0,434,0,434,426,8,inf,0.0,100.0,98.15668202764977,1.8433179723502304
125A,12,5A,0,438,0,438,433,5,inf,0.0,100.0,98.85844748858447,1.141552511415525
125B,12,5B,0,225,0,225,222,3,inf,0.0,100.0,98.66666666666667,1.3333333333333335
125C,12,5C,0,227,0,227,218,9,inf,0.0,100.0,96.0352422907489,3.9647577092511015
125D,12,5D,0,311,0,311,302,9,inf,0.0,100.0,97.10610932475883,2.8938906752411575
126A,12,6A,0,523,0,523,516,7,inf,0.0,100.0,98.66156787762907,1.338432122370937
126B,12,6B,0,555,0,555,546,9,inf,0.0,100.0,98.37837837837839,1.6216216216216217
126C,12,6C,0,741,1,740,728,12,inf,0.1349527665317139,99.86504723346829,98.24561403508771,1.6194331983805668
126D,12,6D,0,666,0,666,654,12,inf,0.0,100.0,98.1981981981982,1.8018018018018018
12101,12,101,1189,221,0,221,219,2,18.58704793944491,0.0,100.0,99.09502262443439,0.904977375565611
12102,12,102,966,181,0,181,178,3,18.73706004140787,0.0,100.0,98.34254143646409,1.6574585635359116
12103,12,103,863,135,0,135,132,3,15.643105446118192,0.0,100.0,97.77777777777777,2.2222222222222223
12104,12,104,958,134,1,133,130,3,13.987473903966595,0.7462686567164178,99.25373134328358,97.01492537313433,2.2388059701492535
12105,12,105,843,110,0,110,107,3,13.048635824436536,0.0,100.0,97.27272727272728,2.727272727272727
12106,12,106,1155,189,1,188,180,8,16.363636363636363,0.5291005291005291,99.47089947089947,95.23809523809523,4.232804232804233
12107,12,107,1306,304,0,304,299,5,23.27718223583461,0.0,100.0,98.35526315789474,1.644736842105263
12108,12,108,856,162,0,162,159,3,18.925233644859812,0.0,100.0,98.14814814814815,1.8518518518518516
12109,12,109,977,123,1,122,121,1,12.589559877175024,0.8130081300813009,99.1869918699187,98.3739837398374,0.8130081300813009
12110,12,110,923,174,1,173,166,7,18.85157096424702,0.5747126436781609,99.42528735632183,95.40229885057471,4.022988505747127
12111,12,111,989,131,0,131,130,1,13.245702730030334,0.0,100.0,99.23664122137404,0.7633587786259541
12112,12,112,1250,297,0,297,287,10,23.76,0.0,100.0,96.63299663299664,3.3670033670033668
12113,12,113,678,144,0,144,141,3,21.238938053097346,0.0,100.0,97.91666666666666,2.083333333333333
12114,12,114,1794,270,1,269,260,9,15.050167224080269,0.3703703703703704,99.62962962962963,96.29629629629629,3.3333333333333335
12115,12,115,676,116,0,116,112,4,17.159763313609467,0.0,100.0,96.55172413793103,3.4482758620689653
12116,12,116,1106,165,0,165,161,4,14.91862567811935,0.0,100.0,97.57575757575758,2.4242424242424243
12117,12,117,2083,319,0,319,312,7,15.31445031204993,0.0,100.0,97.80564263322884,2.19435736677116
12118,12,118,1832,252,0,252,245,7,13.755458515283841,0.0,100.0,97.22222222222221,2.7777777777777777
12119,12,119,1335,189,0,189,185,4,14.157303370786517,0.0,100.0,97.88359788359789,2.1164021164021163
12120,12,120,1582,263,1,262,258,4,16.624525916561314,0.38022813688212925,99.61977186311786,98.09885931558935,1.520912547528517
12121,12,121,1086,170,0,170,160,10,15.65377532228361,0.0,100.0,94.11764705882352,5.88235294117647
12122,12,122,798,142,0,142,140,2,17.794486215538846,0.0,100.0,98.59154929577466,1.4084507042253522
12123,12,123,1553,222,0,222,220,2,14.294913071474566,0.0,100.0,99.09909909909909,0.9009009009009009
12124,12,124,1056,124,0,124,122,2,11.742424242424242,0.0,100.0,98.38709677419355,1.6129032258064515
12125,12,125,800,105,0,105,100,5,13.125,0.0,100.0,95.23809523809523,4.761904761904762
12126,12,126,1576,239,0,239,232,7,15.164974619289339,0.0,100.0,97.07112970711297,2.928870292887029
12201,12,201,1733,447,0,447,438,9,25.7934218118869,0.0,100.0,97.98657718120806,2.013422818791946
12202,12,202,1949,420,0,420,415,5,21.549512570549,0.0,100.0,98.80952380952381,1.1904761904761905
12203,12,203,1438,390,0,390,386,4,27.12100139082058,0.0,100.0,98.97435897435898,1.0256410256410255
12204,12,204,792,275,1,274,269,5,34.72222222222222,0.36363636363636365,99.63636363636364,97.81818181818181,1.8181818181818181
12205,12,205,804,202,0,202,197,5,25.12437810945274,0.0,100.0,97.52475247524752,2.4752475247524752
12206,12,206,1229,174,0,174,173,1,14.157851912123679,0.0,100.0,99.42528735632183,0.5747126436781609
12207,12,207,1591,343,0,343,339,4,21.558768070395978,0.0,100.0,98.83381924198251,1.1661807580174928
12208,12,208,1010,125,0,125,120,5,12.376237623762377,0.0,100.0,96.0,4.0
12209,12,209,769,116,0,116,113,3,15.084525357607282,0.0,100.0,97.41379310344827,2.586206896551724
12210,12,210,2000,379,0,379,374,5,18.95,0.0,100.0,98.68073878627969,1.3192612137203166
12211,12,211,1603,379,0,379,373,6,23.64316905801622,0.0,100.0,98.41688654353563,1.58311345646438
12212,12,212,1513,334,0,334,326,8,22.075346992729678,0.0,100.0,97.60479041916167,2.3952095808383236
12213,12,213,1622,278,0,278,269,9,17.13933415536375,0.0,100.0,96.76258992805755,3.237410071942446
12214,12,214,744,151,0,151,149,2,20.29569892473118,0.0,100.0,98.67549668874173,1.3245033112582782
12215,12,215,1764,336,0,336,330,6,19.047619047619047,0.0,100.0,98.21428571428571,1.7857142857142856
12216,12,216,1611,252,0,252,241,11,15.64245810055866,0.0,100.0,95.63492063492063,4.365079365079365
12217,12,217,1452,255,0,255,249,6,17.56198347107438,0.0,100.0,97.6470588235294,2.3529411764705883
12218,12,218,1040,121,0,121,120,1,11.634615384615385,0.0,100.0,99.17355371900827,0.8264462809917356
12219,12,219,1220,218,0,218,216,2,17.868852459016395,0.0,100.0,99.08256880733946,0.9174311926605505
12220,12,220,1308,154,0,154,147,7,11.773700305810397,0.0,100.0,95.45454545454545,4.545454545454546
12221,12,221,1553,243,0,243,238,5,15.647134578235672,0.0,100.0,97.94238683127571,2.05761316872428
12222,12,222,1034,145,1,144,138,6,14.02321083172147,0.6896551724137931,99.3103448275862,95.17241379310344,4.137931034482759
12223,12,223,597,241,0,241,240,1,40.36850921273032,0.0,100.0,99.5850622406639,0.4149377593360996
12224,12,224,359,37,0,37,36,1,10.30640668523677,0.0,100.0,97.2972972972973,2.7027027027027026
12301,12,301,1485,575,0,575,565,10,38.72053872053872,0.0,100.0,98.26086956521739,1.7391304347826086
12302,12,302,987,351,0,351,349,2,35.56231003039514,0.0,100.0,99.43019943019942,0.5698005698005698
12303,12,303,1095,389,0,389,385,4,35.52511415525114,0.0,100.0,98.97172236503856,1.0282776349614395
12304,12,304,697,226,0,226,223,3,32.42467718794835,0.0,100.0,98.67256637168141,1.3274336283185841
12305,12,305,1001,349,0,349,347,2,34.86513486513487,0.0,100.0,99.42693409742121,0.5730659025787965
12306,12,306,1645,546,0,546,534,12,33.191489361702125,0.0,100.0,97.8021978021978,2.197802197802198
12307,12,307,1816,722,1,721,714,7,39.75770925110132,0.13850415512465375,99.86149584487535,98.89196675900277,0.9695290858725761
12308,12,308,1327,467,0,467,461,6,35.19216277317257,0.0,100.0,98.7152034261242,1.284796573875803
12309,12,309,1093,325,0,325,323,2,29.734675205855442,0.0,100.0,99.38461538461539,0.6153846153846154
12310,12,310,1069,371,0,371,363,8,34.70533208606174,0.0,100.0,97.84366576819407,2.15633423180593
12311,12,311,1127,439,0,439,434,5,38.952972493345165,0.0,100.0,98.86104783599089,1.1389521640091116
12312,12,312,1641,638,0,638,632,6,38.878732480195005,0.0,100.0,99.05956112852664,0.9404388714733543
12313,12,313,1459,440,0,440,435,5,30.15764222069911,0.0,100.0,98.86363636363636,1.1363636363636365
12314,12,314,1878,548,0,548,542,6,29.179978700745473,0.0,100.0,98.90510948905109,1.094890510948905
12315,12,315,1486,489,1,488,480,8,32.907133243607,0.2044989775051125,99.79550102249489,98.15950920245399,1.6359918200409
12316,12,316,1362,381,1,380,368,12,27.973568281938327,0.26246719160104987,99.73753280839895,96.58792650918635,3.149606299212598
12317,12,317,1942,482,0,482,478,4,24.81977342945417,0.0,100.0,99.1701244813278,0.8298755186721992
12318,12,318,685,283,0,283,281,2,41.31386861313869,0.0,100.0,99.29328621908127,0.7067137809187279
12319,12,319,1669,460,5,455,446,9,27.561414020371476,1.0869565217391304,98.91304347826086,96.95652173913044,1.956521739130435
12320,12,320,992,161,0,161,157,4,16.22983870967742,0.0,100.0,97.51552795031056,2.484472049689441
12321,12,321,1286,287,0,287,284,3,22.317262830482115,0.0,100.0,98.95470383275261,1.0452961672473868
12322,12,322,1599,362,0,362,346,16,22.63914946841776,0.0,100.0,95.58011049723757,4.41988950276243
12323,12,323,1111,352,1,351,344,7,31.683168316831683,0.2840909090909091,99.7159090909091,97.72727272727273,1.9886363636363635
12324,12,324,252,91,0,91,91,0,36.11111111111111,0.0,100.0,100.0,0.0
12401,12,401,1943,564,0,564,551,13,29.027277406073082,0.0,100.0,97.69503546099291,2.304964539007092
12402,12,402,1202,244,1,243,237,6,20.299500831946755,0.4098360655737705,99.59016393442623,97.1311475409836,2.459016393442623
12403,12,403,790,232,0,232,227,5,29.367088607594937,0.0,100.0,97.84482758620689,2.1551724137931036
12404,12,404,1624,281,0,281,271,10,17.30295566502463,0.0,100.0,96.44128113879003,3.558718861209965
12405,12,405,1811,417,0,417,398,19,23.025952512424077,0.0,100.0,95.44364508393285,4.556354916067146
12406,12,406,1972,467,1,466,462,4,23.6815415821501,0.21413276231263384,99.78586723768737,98.92933618843684,0.8565310492505354
12407,12,407,1196,461,3,458,450,8,38.54515050167224,0.6507592190889371,99.34924078091106,97.61388286334056,1.735357917570499
12408,12,408,1193,305,0,305,300,5,25.565800502933783,0.0,100.0,98.36065573770492,1.639344262295082
12409,12,409,677,157,0,157,155,2,23.190546528803544,0.0,100.0,98.72611464968153,1.2738853503184715
12410,12,410,1167,366,0,366,361,5,31.362467866323907,0.0,100.0,98.63387978142076,1.366120218579235
12411,12,411,832,277,1,276,276,0,33.293269230769226,0.36101083032490977,99.63898916967509,99.63898916967509,0.0
12412,12,412,1994,613,1,612,602,10,30.74222668004012,0.1631321370309951,99.836867862969,98.20554649265905,1.631321370309951
12413,12,413,1721,510,1,509,509,0,29.633933759442183,0.19607843137254902,99.80392156862746,99.80392156862746,0.0
12414,12,414,891,214,0,214,212,2,24.017957351290683,0.0,100.0,99.06542056074767,0.9345794392523363
12415,12,415,1375,310,0,310,306,4,22.545454545454547,0.0,100.0,98.70967741935483,1.2903225806451613
12416,12,416,1497,355,0,355,348,7,23.714094856379425,0.0,100.0,98.02816901408451,1.971830985915493
12417,12,417,1690,500,0,500,494,6,29.585798816568047,0.0,100.0,98.8,1.2
12418,12,418,1209,201,0,201,194,7,16.62531017369727,0.0,100.0,96.51741293532339,3.482587064676617
12419,12,419,1374,351,1,350,347,3,25.54585152838428,0.2849002849002849,99.71509971509973,98.86039886039886,0.8547008547008548
12420,12,420,819,230,0,230,224,6,28.083028083028083,0.0,100.0,97.3913043478261,2.608695652173913
12421,12,421,1255,335,0,335,332,3,26.693227091633464,0.0,100.0,99.1044776119403,0.8955223880597015
12422,12,422,1631,343,0,343,332,11,21.030042918454935,0.0,100.0,96.7930029154519,3.206997084548105
12423,12,423,1464,305,0,305,303,2,20.833333333333336,0.0,100.0,99.34426229508196,0.6557377049180327
12424,12,424,777,205,0,205,201,4,26.383526383526384,0.0,100.0,98.04878048780488,1.951219512195122
12425,12,425,1829,492,1,491,485,6,26.899945325314377,0.20325203252032523,99.79674796747967,98.57723577235772,1.2195121951219512
12426,12,426,737,195,0,195,195,0,26.45861601085482,0.0,100.0,100.0,0.0
12501,12,501,874,303,0,303,301,2,34.66819221967963,0.0,100.0,99.33993399339934,0.6600660066006601
12502,12,502,1259,429,0,429,425,4,34.074662430500396,0.0,100.0,99.06759906759906,0.9324009324009324
12503,12,503,1781,575,1,574,564,10,32.28523301516002,0.17391304347826086,99.82608695652175,98.08695652173913,1.7391304347826086
12504,12,504,1412,221,1,220,217,3,15.651558073654389,0.4524886877828055,99.5475113122172,98.19004524886877,1.3574660633484164
12505,12,505,880,220,0,220,219,1,25.0,0.0,100.0,99.54545454545455,0.45454545454545453
12506,12,506,717,134,0,134,131,3,18.688981868898185,0.0,100.0,97.76119402985076,2.2388059701492535
12507,12,507,872,124,0,124,121,3,14.220183486238533,0.0,100.0,97.58064516129032,2.4193548387096775
12508,12,508,550,71,0,71,71,0,12.909090909090908,0.0,100.0,100.0,0.0
12509,12,509,1083,141,1,140,140,0,13.019390581717452,0.7092198581560284,99.29078014184397,99.29078014184397,0.0
12510,12,510,788,122,0,122,120,2,15.48223350253807,0.0,100.0,98.36065573770492,1.639344262295082
12511,12,511,953,144,0,144,139,5,15.110178384050368,0.0,100.0,96.52777777777779,3.4722222222222223
12512,12,512,1024,228,0,228,225,3,22.265625,0.0,100.0,98.68421052631578,1.3157894736842104
12513,12,513,1461,178,0,178,173,5,12.183436002737851,0.0,100.0,97.19101123595506,2.8089887640449436
12514,12,514,397,35,0,35,35,0,8.816120906801007,0.0,100.0,100.0,0.0
12515,12,515,797,112,0,112,107,5,14.052697616060225,0.0,100.0,95.53571428571429,4.464285714285714
12516,12,516,1021,176,0,176,169,7,17.238001958863858,0.0,100.0,96.02272727272727,3.977272727272727
12517,12,517,923,153,0,153,150,3,16.57638136511376,0.0,100.0,98.0392156862745,1.9607843137254901
12518,12,518,1012,263,0,263,261,2,25.988142292490117,0.0,100.0,99.23954372623575,0.7604562737642585
12519,12,519,747,104,0,104,102,2,13.92235609103079,0.0,100.0,98.07692307692307,1.9230769230769231
12520,12,520,746,82,1,81,79,2,10.991957104557642,1.2195121951219512,98.78048780487805,96.34146341463415,2.4390243902439024
12521,12,521,1113,301,0,301,299,2,27.044025157232703,0.0,100.0,99.33554817275747,0.6644518272425249
12522,12,522,692,121,0,121,117,4,17.485549132947977,0.0,100.0,96.69421487603306,3.3057851239669422
12523,12,523,743,87,0,87,83,4,11.709286675639301,0.0,100.0,95.40229885057471,4.597701149425287
12524,12,524,1306,220,0,220,214,6,16.84532924961715,0.0,100.0,97.27272727272728,2.727272727272727
12525,12,525,959,299,0,299,295,4,31.178310740354537,0.0,100.0,98.66220735785953,1.3377926421404682
12526,12,526,1586,271,1,270,261,9,17.08701134930643,0.36900369003690037,99.63099630996311,96.30996309963099,3.3210332103321036
12527,12,527,1100,242,0,242,235,7,22.0,0.0,100.0,97.10743801652893,2.8925619834710745
12601,12,601,271,66,0,66,65,1,24.354243542435423,0.0,100.0,98.48484848484848,1.5151515151515151
12602,12,602,1233,461,0,461,447,14,37.38848337388483,0.0,100.0,96.96312364425162,3.036876355748373
12603,12,603,1070,334,0,334,331,3,31.21495327102804,0.0,100.0,99.10179640718563,0.8982035928143712
12604,12,604,1062,372,0,372,366,6,35.02824858757062,0.0,100.0,98.38709677419355,1.6129032258064515
12605,12,605,971,340,0,340,339,1,35.01544799176107,0.0,100.0,99.70588235294117,0.29411764705882354
12606,12,606,1409,485,1,484,477,7,34.421575585521644,0.2061855670103093,99.79381443298969,98.35051546391752,1.443298969072165
12607,12,607,1016,283,0,283,279,4,27.85433070866142,0.0,100.0,98.58657243816255,1.4134275618374559
12608,12,608,807,263,0,263,261,2,32.58983890954151,0.0,100.0,99.23954372623575,0.7604562737642585
12609,12,609,1455,459,0,459,456,3,31.546391752577318,0.0,100.0,99.34640522875817,0.6535947712418301
12610,12,610,1046,301,0,301,298,3,28.776290630975144,0.0,100.0,99.00332225913621,0.9966777408637874
12611,12,611,840,309,0,309,305,4,36.78571428571429,0.0,100.0,98.70550161812298,1.2944983818770228
12612,12,612,826,205,0,205,204,1,24.818401937046005,0.0,100.0,99.51219512195122,0.4878048780487805
12613,12,613,1111,313,0,313,308,5,28.172817281728175,0.0,100.0,98.40255591054313,1.5974440894568689
12614,12,614,1625,444,0,444,441,3,27.323076923076922,0.0,100.0,99.32432432432432,0.6756756756756757
12615,12,615,1758,540,0,540,533,7,30.716723549488055,0.0,100.0,98.70370370370371,1.2962962962962963
12616,12,616,1452,486,0,486,479,7,33.47107438016529,0.0,100.0,98.559670781893,1.440329218106996
12617,12,617,1151,309,0,309,303,6,26.84622067767159,0.0,100.0,98.05825242718447,1.9417475728155338
12618,12,618,1666,469,3,466,459,7,28.15126050420168,0.6396588486140725,99.36034115138592,97.86780383795309,1.4925373134328357
12619,12,619,1446,489,1,488,487,1,33.81742738589212,0.2044989775051125,99.79550102249489,99.59100204498978,0.2044989775051125
12620,12,620,1055,349,0,349,346,3,33.08056872037915,0.0,100.0,99.14040114613181,0.8595988538681949
12621,12,621,947,298,0,298,298,0,31.46779303062302,0.0,100.0,100.0,0.0
12622,12,622,1088,386,0,386,381,5,35.47794117647059,0.0,100.0,98.70466321243524,1.2953367875647668
12623,12,623,933,362,0,362,357,5,38.79957127545552,0.0,100.0,98.61878453038673,1.3812154696132597
12624,12,624,1445,555,0,555,545,10,38.4083044982699,0.0,100.0,98.1981981981982,1.8018018018018018
12625,12,625,944,334,1,333,327,6,35.38135593220339,0.29940119760479045,99.7005988023952,97.90419161676647,1.7964071856287425
