id,district_id,electoral_district_id,eligible_voters,voters,invalid_votes,valid_votes,vote_yes,vote_no,voter_turnout,invalid_votes_percentage,valid_votes_percentage,vote_yes_percentage,vote_no_percentage
011A,01,1A,0,818,10,808,783,25,inf,0.012224938875305624,0.9877750611246944,0.9572127139364304,0.030562347188264057
011B,01,1B,0,776,1,775,743,32,inf,0.001288659793814433,0.9987113402061856,0.9574742268041238,0.041237113402061855
011C,01,1C,0,766,0,766,751,15,inf,0.0,1.0,0.9804177545691906,0.0195822454308094
011D,01,1D,0,764,0,764,742,22,inf,0.0,1.0,0.9712041884816754,0.028795811518324606
011F,01,1F,0,772,0,772,746,26,inf,0.0,1.0,0.966321243523316,0.03367875647668394
011G,01,1G,0,776,0,776,760,16,inf,0.0,1.0,0.979381443298969,0.020618556701030927
011H,01,1H,0,779,1,778,757,21,inf,0.0012836970474967907,0.9987163029525032,0.9717586649550706,0.026957637997432605
011J,01,1J,0,764,0,764,750,14,inf,0.0,1.0,0.981675392670157,0.01832460732984293
011K,01,1K,0,754,0,754,722,32,inf,0.0,1.0,0.9575596816976127,0.042440318302387266
011L,01,1L,0,756,1,755,739,16,inf,0.0013227513227513227,0.9986772486772487,0.9775132275132276,0.021164021164021163
011M,01,1M,0,736,1,735,717,18,inf,0.001358695652173913,0.998641304347826,0.9741847826086957,0.024456521739130436
011N,01,1N,0,780,9,771,743,28,inf,0.011538461538461539,0.9884615384615385,0.9525641025641025,0.035897435897435895
01100,01,100,3066,447,1,446,439,7,0.14579256360078277,0.0022371364653243847,0.9977628635346756,0.9821029082774049,0.015659955257270694
01101,01,101,2469,364,0,364,356,8,0.14742810854597002,0.0,1.0,0.978021978021978,0.02197802197802198
01105,01,105,3952,705,0,705,693,12,0.1783906882591093,0.0,1.0,0.9829787234042553,0.01702127659574468
01107,01,107,3634,640,1,639,633,6,0.17611447440836545,0.0015625,0.9984375,0.9890625,0.009375
01111,01,111,2365,506,0,506,492,14,0.21395348837209302,0.0,1.0,0.9723320158102767,0.02766798418972332
01112,01,112,2315,473,0,473,471,2,0.2043196544276458,0.0,1.0,0.9957716701902748,0.004228329809725159
01115,01,115,3041,511,0,511,501,10,0.16803682999013483,0.0,1.0,0.9804305283757339,0.019569471624266144
01118,01,118,2487,403,2,401,397,4,0.16204262163248895,0.004962779156327543,0.9950372208436724,0.9851116625310173,0.009925558312655087
01120,01,120,3496,604,1,603,594,9,0.17276887871853547,0.0016556291390728477,0.9983443708609272,0.9834437086092715,0.014900662251655629
01121,01,121,2800,522,0,522,518,4,0.18642857142857142,0.0,1.0,0.9923371647509579,0.007662835249042145
01129,01,129,3099,458,4,454,444,10,0.14778960955146822,0.008733624454148471,0.9912663755458515,0.9694323144104804,0.021834061135371178
01200,01,200,2034,397,0,397,394,3,0.19518190757128812,0.0,1.0,0.9924433249370277,0.007556675062972292
01202,01,202,3406,643,0,643,633,10,0.1887844979448033,0.0,1.0,0.9844479004665629,0.015552099533437015
01205,01,205,2909,630,0,630,626,4,0.21656926778961844,0.0,1.0,0.9936507936507937,0.006349206349206349
01207,01,207,3174,545,0,545,539,6,0.17170762444864524,0.0,1.0,0.9889908256880734,0.011009174311926606
01209,01,209,3865,634,3,631,622,9,0.16403622250970246,0.00473186119873817,0.9952681388012619,0.9810725552050473,0.014195583596214511
01212,01,212,3370,785,1,784,769,15,0.23293768545994065,0.0012738853503184713,0.9987261146496815,0.9796178343949045,0.01910828025477707
01214,01,214,3038,689,1,688,675,13,0.22679394338380512,0.001451378809869376,0.9985486211901307,0.9796806966618288,0.018867924528301886
01217,01,217,2151,443,0,443,432,11,0.20595072059507205,0.0,1.0,0.9751693002257337,0.024830699774266364
01219,01,219,3364,815,0,815,803,12,0.24227110582639716,0.0,1.0,0.9852760736196319,0.014723926380368098
01221,01,221,3838,906,0,906,886,20,0.23606044815007818,0.0,1.0,0.977924944812362,0.02207505518763797
01300,01,300,3186,547,0,547,534,13,0.1716886377903327,0.0,1.0,0.9762340036563071,0.02376599634369287
01302,01,302,2793,517,0,517,503,14,0.18510562119584675,0.0,1.0,0.9729206963249516,0.027079303675048357
01305,01,305,3224,703,1,702,694,8,0.21805210918114143,0.001422475106685633,0.9985775248933144,0.9871977240398293,0.011379800853485065
01307,01,307,2777,495,0,495,480,15,0.17824990997479295,0.0,1.0,0.9696969696969697,0.030303030303030304
01308,01,308,2091,295,2,293,284,9,0.1410808225729316,0.006779661016949152,0.9932203389830508,0.9627118644067797,0.030508474576271188
01312,01,312,2404,593,0,593,588,5,0.2466722129783694,0.0,1.0,0.9915682967959528,0.008431703204047217
01315,01,315,2274,578,0,578,574,4,0.2541776605101143,0.0,1.0,0.9930795847750865,0.006920415224913495
01317,01,317,3595,807,0,807,787,20,0.22447844228094577,0.0,1.0,0.9752168525402726,0.024783147459727387
01321,01,321,2339,376,0,376,372,4,0.16075245831551946,0.0,1.0,0.9893617021276596,0.010638297872340425
01323,01,323,2205,361,0,361,355,6,0.163718820861678,0.0,1.0,0.9833795013850416,0.01662049861495845
01325,01,325,2625,331,0,331,330,1,0.1260952380952381,0.0,1.0,0.9969788519637462,0.0030211480362537764
01327,01,327,2936,410,0,410,399,11,0.1396457765667575,0.0,1.0,0.973170731707317,0.026829268292682926
01400,01,400,3332,419,1,418,407,11,0.125750300120048,0.002386634844868735,0.9976133651551312,0.9713603818615751,0.026252983293556086
01403,01,403,2655,499,0,499,488,11,0.18794726930320152,0.0,1.0,0.9779559118236473,0.022044088176352707
01404,01,404,2573,510,0,510,507,3,0.19821220365332298,0.0,1.0,0.9941176470588236,0.0058823529411764705
01405,01,405,1906,323,0,323,318,5,0.1694648478488982,0.0,1.0,0.9845201238390093,0.015479876160990712
01409,01,409,3172,677,0,677,663,14,0.21343001261034047,0.0,1.0,0.9793205317577548,0.0206794682422452
01414,01,414,2056,342,0,342,338,4,0.16634241245136186,0.0,1.0,0.9883040935672515,0.011695906432748537
01415,01,415,2880,502,0,502,490,12,0.17430555555555555,0.0,1.0,0.9760956175298805,0.02390438247011952
01416,01,416,3623,699,1,698,679,19,0.19293403256969363,0.001430615164520744,0.9985693848354793,0.9713876967095851,0.027181688125894134
01421,01,421,2781,478,1,477,468,9,0.17188061848256023,0.0020920502092050207,0.997907949790795,0.9790794979079498,0.01882845188284519
01425,01,425,2740,515,0,515,495,20,0.18795620437956204,0.0,1.0,0.9611650485436893,0.038834951456310676
01427,01,427,2911,530,0,530,523,7,0.18206801786327723,0.0,1.0,0.9867924528301887,0.013207547169811321
01431,01,431,3080,482,1,481,474,7,0.1564935064935065,0.002074688796680498,0.9979253112033195,0.983402489626556,0.014522821576763486
01500,01,500,3136,568,2,566,550,16,0.18112244897959184,0.0035211267605633804,0.9964788732394366,0.9683098591549296,0.028169014084507043
01504,01,504,3129,537,0,537,532,5,0.1716203259827421,0.0,1.0,0.9906890130353817,0.00931098696461825
01505,01,505,2705,629,1,628,620,8,0.23253234750462107,0.001589825119236884,0.9984101748807631,0.985691573926868,0.012718600953895072
01508,01,508,2218,437,0,437,433,4,0.19702434625789,0.0,1.0,0.9908466819221968,0.009153318077803204
01510,01,510,2216,325,0,325,316,9,0.1466606498194946,0.0,1.0,0.9723076923076923,0.027692307692307693
01512,01,512,2150,377,0,377,369,8,0.17534883720930233,0.0,1.0,0.9787798408488063,0.021220159151193633
01513,01,513,2586,347,0,347,340,7,0.13418406805877803,0.0,1.0,0.9798270893371758,0.020172910662824207
01516,01,516,3134,591,0,591,580,11,0.1885768985322272,0.0,1.0,0.9813874788494078,0.018612521150592216
01519,01,519,2449,636,0,636,624,12,0.2596978358513679,0.0,1.0,0.9811320754716981,0.018867924528301886
01522,01,522,2397,329,2,327,321,6,0.13725490196078433,0.0060790273556231,0.993920972644377,0.9756838905775076,0.0182370820668693
01524,01,524,2107,330,1,329,326,3,0.15662078785002373,0.0030303030303030303,0.996969696969697,0.9878787878787879,0.00909090909090909
01528,01,528,3201,598,2,596,582,14,0.18681661980631054,0.0033444816053511705,0.9966555183946488,0.9732441471571907,0.023411371237458192
01600,01,600,2182,294,0,294,288,6,0.13473877176901924,0.0,1.0,0.9795918367346939,0.02040816326530612
01601,01,601,3098,378,0,378,371,7,0.12201420271142673,0.0,1.0,0.9814814814814815,0.018518518518518517
01602,01,602,1911,404,1,403,395,8,0.21140763997906856,0.0024752475247524753,0.9975247524752475,0.9777227722772277,0.019801980198019802
01603,01,603,2669,358,0,358,349,9,0.13413263394529787,0.0,1.0,0.9748603351955307,0.025139664804469275
01605,01,605,2919,425,0,425,420,5,0.14559780746831105,0.0,1.0,0.9882352941176471,0.011764705882352941
01612,01,612,2090,328,0,328,316,12,0.1569377990430622,0.0,1.0,0.9634146341463414,0.036585365853658534
01613,01,613,3166,424,0,424,419,5,0.13392293114339862,0.0,1.0,0.9882075471698113,0.01179245283018868
01617,01,617,2222,261,0,261,256,5,0.11746174617461747,0.0,1.0,0.9808429118773946,0.019157088122605363
01620,01,620,1954,243,0,243,236,7,0.12436028659160696,0.0,1.0,0.9711934156378601,0.02880658436213992
01623,01,623,2938,450,0,450,428,22,0.1531654186521443,0.0,1.0,0.9511111111111111,0.04888888888888889
01624,01,624,2451,365,0,365,354,11,0.1489188086495308,0.0,1.0,0.9698630136986301,0.030136986301369864
01627,01,627,2771,340,2,338,329,9,0.12269938650306748,0.0058823529411764705,0.9941176470588236,0.9676470588235294,0.026470588235294117
01632,01,632,2308,460,2,458,443,15,0.19930675909878684,0.004347826086956522,0.9956521739130435,0.9630434782608696,0.03260869565217391
01634,01,634,2692,409,1,408,397,11,0.15193164933135214,0.0024449877750611247,0.9975550122249389,0.9706601466992665,0.02689486552567237
021A,02,1A,0,506,0,506,483,23,inf,0.0,1.0,0.9545454545454546,0.045454545454545456
021B,02,1B,0,677,0,677,667,10,inf,0.0,1.0,0.9852289512555391,0.014771048744460856
021C,02,1C,0,371,0,371,361,10,inf,0.0,1.0,0.9730458221024259,0.026954177897574125
021D,02,1D,0,617,1,616,612,4,inf,0.0016207455429497568,0.9983792544570502,0.9918962722852512,0.006482982171799027
021E,02,1E,0,416,2,414,405,9,inf,0.004807692307692308,0.9951923076923077,0.9735576923076923,0.021634615384615384
021F,02,1F,0,327,1,326,324,2,inf,0.0030581039755351682,0.9969418960244648,0.9908256880733946,0.0061162079510703364
021G,02,1G,0,474,0,474,470,4,inf,0.0,1.0,0.9915611814345991,0.008438818565400843
021H,02,1H,0,368,0,368,358,10,inf,0.0,1.0,0.9728260869565217,0.02717391304347826
021I,02,1I,0,332,0,332,320,12,inf,0.0,1.0,0.963855421686747,0.03614457831325301
021J,02,1J,0,437,0,437,418,19,inf,0.0,1.0,0.9565217391304348,0.043478260869565216
021K,02,1K,0,437,1,436,428,8,inf,0.002288329519450801,0.9977116704805492,0.9794050343249427,0.018306636155606407
021L,02,1L,0,780,1,779,771,8,inf,0.001282051282051282,0.9987179487179487,0.9884615384615385,0.010256410256410256
021M,02,1M,0,666,0,666,653,13,inf,0.0,1.0,0.9804804804804805,0.01951951951951952
021N,02,1N,0,505,1,504,492,12,inf,0.0019801980198019802,0.998019801980198,0.9742574257425742,0.023762376237623763
021O,02,1O,0,530,1,529,513,16,inf,0.0018867924528301887,0.9981132075471698,0.9679245283018868,0.03018867924528302
021P,02,1P,0,460,1,459,453,6,inf,0.002173913043478261,0.9978260869565218,0.9847826086956522,0.013043478260869565
02101,02,101,1945,236,3,233,225,8,0.12133676092544987,0.012711864406779662,0.9872881355932204,0.9533898305084746,0.03389830508474576
02102,02,102,933,123,3,120,116,4,0.13183279742765272,0.024390243902439025,0.975609756097561,0.943089430894309,0.032520325203252036
02103,02,103,786,103,0,103,103,0,0.13104325699745548,0.0,1.0,1.0,0.0
02104,02,104,945,142,1,141,137,4,0.15026455026455027,0.007042253521126761,0.9929577464788732,0.9647887323943662,0.028169014084507043
02105,02,105,3595,770,0,770,761,9,0.2141863699582754,0.0,1.0,0.9883116883116884,0.011688311688311689
02106,02,106,2596,639,0,639,631,8,0.24614791987673343,0.0,1.0,0.9874804381846636,0.012519561815336464
02107,02,107,1397,386,0,386,379,7,0.2763063707945598,0.0,1.0,0.9818652849740933,0.018134715025906734
02108,02,108,3889,909,3,908,896,12,0.23373617896631524,0.0033003300330033004,0.9988998899889989,0.9856985698569857,0.013201320132013201
02109,02,109,928,272,0,272,265,7,0.29310344827586204,0.0,1.0,0.9742647058823529,0.025735294117647058
02110,02,110,2419,585,1,584,575,9,0.24183546920214966,0.0017094017094017094,0.9982905982905983,0.9829059829059829,0.015384615384615385
02111,02,111,2360,596,0,596,590,6,0.25254237288135595,0.0,1.0,0.9899328859060402,0.010067114093959731
02112,02,112,2569,585,0,587,579,8,0.22771506422732582,0.0,1.0034188034188034,0.9897435897435898,0.013675213675213675
02113,02,113,1281,163,0,162,152,10,0.12724434035909446,0.0,0.9938650306748467,0.9325153374233128,0.06134969325153374
02114,02,114,915,153,0,153,148,5,0.16721311475409836,0.0,1.0,0.9673202614379085,0.032679738562091505
02115,02,115,1989,321,0,321,318,3,0.16138763197586728,0.0,1.0,0.9906542056074766,0.009345794392523364
02116,02,116,924,136,1,135,130,5,0.1471861471861472,0.007352941176470588,0.9926470588235294,0.9558823529411765,0.03676470588235294
02117,02,117,2942,509,0,509,489,20,0.17301155676410604,0.0,1.0,0.9607072691552063,0.03929273084479371
02118,02,118,915,198,0,198,192,6,0.21639344262295082,0.0,1.0,0.9696969696969697,0.030303030303030304
02119,02,119,1122,298,0,298,294,4,0.26559714795008915,0.0,1.0,0.9865771812080537,0.013422818791946308
02120,02,120,3245,884,0,884,878,6,0.2724191063174114,0.0,1.0,0.9932126696832579,0.006787330316742082
02121,02,121,1148,300,0,300,299,1,0.2613240418118467,0.0,1.0,0.9966666666666667,0.0033333333333333335
02122,02,122,1046,246,0,246,243,3,0.23518164435946462,0.0,1.0,0.9878048780487805,0.012195121951219513
02123,02,123,1953,551,0,551,544,7,0.2821300563236047,0.0,1.0,0.9872958257713249,0.012704174228675136
02124,02,124,2407,602,1,601,599,2,0.2501038637307852,0.0016611295681063123,0.9983388704318937,0.9950166112956811,0.0033222591362126247
02125,02,125,3440,714,1,713,698,15,0.20755813953488372,0.0014005602240896359,0.9985994397759104,0.9775910364145658,0.02100840336134454
02126,02,126,1114,238,0,238,234,4,0.21364452423698385,0.0,1.0,0.9831932773109243,0.01680672268907563
02127,02,127,1374,345,0,345,344,1,0.25109170305676853,0.0,1.0,0.9971014492753624,0.002898550724637681
02128,02,128,876,206,0,206,197,9,0.23515981735159816,0.0,1.0,0.9563106796116505,0.043689320388349516
02129,02,129,1013,284,0,284,279,5,0.28035538005923,0.0,1.0,0.9823943661971831,0.017605633802816902
02130,02,130,1951,292,0,292,286,6,0.1496668375192209,0.0,1.0,0.9794520547945206,0.02054794520547945
02131,02,131,1733,248,0,248,235,13,0.14310444316214657,0.0,1.0,0.9475806451612904,0.05241935483870968
02132,02,132,1033,233,0,234,230,4,0.22555663117134558,0.0,1.0042918454935623,0.9871244635193133,0.017167381974248927
02133,02,133,957,156,1,155,148,7,0.16300940438871472,0.00641025641025641,0.9935897435897436,0.9487179487179487,0.04487179487179487
02134,02,134,2399,535,0,535,522,13,0.22300958732805334,0.0,1.0,0.9757009345794393,0.024299065420560748
02135,02,135,1099,254,0,254,252,2,0.2311191992720655,0.0,1.0,0.9921259842519685,0.007874015748031496
02136,02,136,1208,258,0,258,257,1,0.21357615894039736,0.0,1.0,0.9961240310077519,0.003875968992248062
02137,02,137,1390,339,0,339,335,4,0.24388489208633093,0.0,1.0,0.9882005899705014,0.011799410029498525
02138,02,138,3155,782,0,782,770,12,0.2478605388272583,0.0,1.0,0.9846547314578005,0.015345268542199489
02139,02,139,1113,332,0,332,327,5,0.29829290206648695,0.0,1.0,0.9849397590361446,0.015060240963855422
02140,02,140,1813,462,1,460,448,12,0.2548262548262548,0.0021645021645021645,0.9956709956709957,0.9696969696969697,0.025974025974025976
02141,02,141,2541,721,1,724,714,10,0.2837465564738292,0.0013869625520110957,1.0041608876560333,0.9902912621359223,0.013869625520110958
02142,02,142,2284,487,2,485,477,8,0.21322241681260945,0.004106776180698152,0.9958932238193019,0.9794661190965093,0.01642710472279261
02143,02,143,1374,356,0,356,353,3,0.2590975254730713,0.0,1.0,0.9915730337078652,0.008426966292134831
02144,02,144,2368,627,0,627,619,8,0.26478040540540543,0.0,1.0,0.9872408293460925,0.012759170653907496
02145,02,145,1082,244,1,243,236,7,0.2255083179297597,0.004098360655737705,0.9959016393442623,0.9672131147540983,0.028688524590163935
02146,02,146,2139,583,0,583,576,7,0.27255726975222067,0.0,1.0,0.9879931389365352,0.012006861063464836
02147,02,147,632,173,1,172,169,3,0.2737341772151899,0.005780346820809248,0.9942196531791907,0.976878612716763,0.017341040462427744
02148,02,148,1092,238,0,238,235,3,0.21794871794871795,0.0,1.0,0.9873949579831933,0.012605042016806723
02149,02,149,2436,500,0,500,496,4,0.20525451559934318,0.0,1.0,0.992,0.008
02150,02,150,1269,245,1,244,242,2,0.19306540583136328,0.004081632653061225,0.9959183673469387,0.9877551020408163,0.00816326530612245
02151,02,151,1206,296,0,296,292,4,0.24543946932006633,0.0,1.0,0.9864864864864865,0.013513513513513514
02152,02,152,887,169,1,168,165,3,0.19052987598647125,0.005917159763313609,0.9940828402366864,0.9763313609467456,0.01775147928994083
02153,02,153,2218,487,0,487,485,2,0.21956717763751127,0.0,1.0,0.9958932238193019,0.004106776180698152
02154,02,154,1319,248,1,247,238,9,0.18802122820318423,0.004032258064516129,0.9959677419354839,0.9596774193548387,0.036290322580645164
02155,02,155,1483,317,0,317,315,2,0.21375590020229265,0.0,1.0,0.9936908517350158,0.006309148264984227
02156,02,156,2476,601,1,600,578,22,0.24273021001615508,0.0016638935108153079,0.9983361064891847,0.961730449251248,0.036605657237936774
02157,02,157,1164,245,0,245,237,8,0.2104810996563574,0.0,1.0,0.9673469387755103,0.0326530612244898
02158,02,158,1200,244,0,244,243,1,0.20333333333333334,0.0,1.0,0.9959016393442623,0.004098360655737705
02159,02,159,1902,533,0,533,529,4,0.28023133543638273,0.0,1.0,0.9924953095684803,0.0075046904315197
02160,02,160,1458,446,2,444,438,6,0.3058984910836763,0.004484304932735426,0.9955156950672646,0.9820627802690582,0.013452914798206279
02161,02,161,1377,305,0,305,303,2,0.2214960058097313,0.0,1.0,0.9934426229508196,0.006557377049180328
02162,02,162,3917,869,1,868,863,5,0.22185345928006128,0.0011507479861910242,0.998849252013809,0.9930955120828538,0.005753739930955121
02163,02,163,1145,229,0,229,227,2,0.2,0.0,1.0,0.9912663755458515,0.008733624454148471
02164,02,164,5392,1313,1,1312,1299,13,0.24350890207715134,0.0007616146230007616,0.9992383853769993,0.9893373952779894,0.009900990099009901
02165,02,165,2572,547,1,546,539,7,0.21267496111975118,0.0018281535648994515,0.9981718464351006,0.9853747714808044,0.012797074954296161
02166,02,166,4071,991,0,991,981,10,0.24342913289118154,0.0,1.0,0.9899091826437941,0.010090817356205853
02167,02,167,2521,638,0,638,634,4,0.25307417691392303,0.0,1.0,0.9937304075235109,0.006269592476489028
02168,02,168,3736,793,1,793,785,8,0.21225910064239828,0.0012610340479192938,1.0,0.9899117276166457,0.01008827238335435
02169,02,169,1410,315,1,314,306,8,0.22340425531914893,0.0031746031746031746,0.9968253968253968,0.9714285714285714,0.025396825396825397
02170,02,170,2542,573,0,574,561,13,0.22541306058221872,0.0,1.0017452006980803,0.9790575916230366,0.02268760907504363
02171,02,171,1376,319,0,319,317,2,0.2318313953488372,0.0,1.0,0.9937304075235109,0.006269592476489028
02172,02,172,4134,861,0,860,845,15,0.20827285921625543,0.0,0.9988385598141696,0.9814169570267132,0.017421602787456445
02173,02,173,3910,800,0,800,793,7,0.20460358056265984,0.0,1.0,0.99125,0.00875
02174,02,174,1457,341,1,340,335,5,0.23404255319148937,0.002932551319648094,0.9970674486803519,0.9824046920821115,0.01466275659824047
02175,02,175,2542,590,0,589,576,13,0.23210070810385522,0.0,0.9983050847457627,0.976271186440678,0.022033898305084745
02176,02,176,3606,683,0,683,675,8,0.1894065446478092,0.0,1.0,0.9882869692532943,0.01171303074670571
02177,02,177,2816,556,5,551,542,9,0.19744318181818182,0.008992805755395683,0.9910071942446043,0.9748201438848921,0.01618705035971223
02178,02,178,1214,336,0,336,330,6,0.27677100494233936,0.0,1.0,0.9821428571428571,0.017857142857142856
02179,02,179,1530,373,0,373,369,4,0.2437908496732026,0.0,1.0,0.9892761394101877,0.010723860589812333
02180,02,180,4265,914,0,914,904,10,0.21430246189917937,0.0,1.0,0.9890590809628009,0.010940919037199124
02181,02,181,907,251,0,251,248,3,0.27673649393605293,0.0,1.0,0.9880478087649402,0.01195219123505976
02182,02,182,1292,279,0,279,275,4,0.21594427244582043,0.0,1.0,0.985663082437276,0.014336917562724014
02183,02,183,2602,497,0,497,488,9,0.19100691775557263,0.0,1.0,0.9818913480885312,0.018108651911468814
02184,02,184,1251,279,0,279,267,12,0.22302158273381295,0.0,1.0,0.956989247311828,0.043010752688172046
02185,02,185,2363,590,1,589,575,14,0.2496826068556919,0.001694915254237288,0.9983050847457627,0.9745762711864406,0.023728813559322035
02186,02,186,1998,582,0,582,559,23,0.2912912912912913,0.0,1.0,0.9604810996563574,0.03951890034364261
02187,02,187,2317,474,1,473,464,9,0.20457488131204143,0.002109704641350211,0.9978902953586498,0.9789029535864979,0.0189873417721519
031A,03,1A,0,870,1,869,854,15,inf,0.0011494252873563218,0.9988505747126437,0.9816091954022989,0.017241379310344827
031B,03,1B,0,868,1,867,852,15,inf,0.001152073732718894,0.9988479262672811,0.9815668202764977,0.01728110599078341
032A,03,2A,0,857,1,856,842,14,inf,0.0011668611435239206,0.9988331388564761,0.9824970828471412,0.01633605600933489
032B,03,2B,0,846,0,846,824,22,inf,0.0,1.0,0.9739952718676123,0.026004728132387706
033A,03,3A,0,950,0,950,926,24,inf,0.0,1.0,0.9747368421052631,0.02526315789473684
033B,03,3B,0,844,1,843,827,16,inf,0.001184834123222749,0.9988151658767772,0.9798578199052133,0.018957345971563982
034A,03,4A,0,850,0,850,829,21,inf,0.0,1.0,0.9752941176470589,0.024705882352941175
034B,03,4B,0,859,1,858,838,20,inf,0.0011641443538998836,0.9988358556461001,0.9755529685681025,0.023282887077997673
035A,03,5A,0,857,0,857,835,22,inf,0.0,1.0,0.9743290548424738,0.025670945157526253
035B,03,5B,0,886,0,886,862,24,inf,0.0,1.0,0.9729119638826185,0.02708803611738149
036A,03,6A,0,851,0,851,830,21,inf,0.0,1.0,0.9753231492361927,0.024676850763807285
036B,03,6B,0,849,0,849,836,13,inf,0.0,1.0,0.9846878680800942,0.015312131919905771
037A,03,7A,0,852,2,850,836,14,inf,0.002347417840375587,0.9976525821596244,0.9812206572769953,0.01643192488262911
037B,03,7B,0,855,1,854,841,13,inf,0.0011695906432748538,0.9988304093567252,0.9836257309941521,0.0152046783625731
038A,03,8A,0,862,2,860,847,13,inf,0.002320185614849188,0.9976798143851509,0.9825986078886311,0.015081206496519721
038B,03,8B,0,854,0,854,832,22,inf,0.0,1.0,0.9742388758782201,0.02576112412177986
039A,03,9A,0,857,0,857,844,13,inf,0.0,1.0,0.9848308051341891,0.015169194865810968
039B,03,9B,0,855,5,850,839,11,inf,0.005847953216374269,0.9941520467836257,0.9812865497076023,0.012865497076023392
03101,03,101,2050,423,1,422,421,1,0.20634146341463414,0.002364066193853428,0.9976359338061466,0.9952718676122931,0.002364066193853428
03102,03,102,2162,391,0,391,385,6,0.18085106382978725,0.0,1.0,0.9846547314578005,0.015345268542199489
03103,03,103,1550,342,0,342,339,3,0.22064516129032258,0.0,1.0,0.9912280701754386,0.008771929824561403
03104,03,104,3201,583,1,582,565,17,0.18213058419243985,0.0017152658662092624,0.9982847341337907,0.9691252144082333,0.029159519725557463
03105,03,105,1885,340,0,340,334,6,0.18037135278514588,0.0,1.0,0.9823529411764705,0.01764705882352941
03106,03,106,1911,269,0,269,264,5,0.14076399790685504,0.0,1.0,0.9814126394052045,0.01858736059479554
03107,03,107,4262,860,1,859,851,8,0.20178320037541062,0.0011627906976744186,0.9988372093023256,0.9895348837209302,0.009302325581395349
03108,03,108,3494,941,0,941,933,8,0.2693188322839153,0.0,1.0,0.9914984059511158,0.008501594048884165
03109,03,109,1967,479,2,477,463,14,0.2435180477885104,0.0041753653444676405,0.9958246346555324,0.9665970772442589,0.029227557411273485
03110,03,110,3480,1216,1,1215,1195,20,0.34942528735632183,0.0008223684210526315,0.9991776315789473,0.9827302631578947,0.01644736842105263
03111,03,111,1987,452,0,452,442,10,0.22747861097131353,0.0,1.0,0.9778761061946902,0.022123893805309734
03112,03,112,4029,1130,0,1130,1120,10,0.28046661702655745,0.0,1.0,0.9911504424778761,0.008849557522123894
03113,03,113,1920,424,0,424,418,6,0.22083333333333333,0.0,1.0,0.9858490566037735,0.014150943396226415
03201,03,201,810,303,0,303,300,3,0.37407407407407406,0.0,1.0,0.9900990099009901,0.009900990099009901
03202,03,202,630,177,0,177,174,3,0.28095238095238095,0.0,1.0,0.9830508474576272,0.01694915254237288
03203,03,203,3735,848,0,848,837,11,0.22704149933065595,0.0,1.0,0.9870283018867925,0.012971698113207548
03204,03,204,1758,403,0,403,396,7,0.22923777019340158,0.0,1.0,0.9826302729528535,0.017369727047146403
03205,03,205,4296,1075,1,1074,1066,8,0.2502327746741155,0.0009302325581395349,0.9990697674418605,0.9916279069767442,0.0074418604651162795
03206,03,206,2115,611,0,611,605,6,0.28888888888888886,0.0,1.0,0.9901800327332242,0.009819967266775777
03207,03,207,3760,960,0,960,948,12,0.2553191489361702,0.0,1.0,0.9875,0.0125
03208,03,208,1820,461,0,461,459,2,0.2532967032967033,0.0,1.0,0.9956616052060737,0.004338394793926247
03209,03,209,2021,543,1,542,538,4,0.268678871845621,0.001841620626151013,0.998158379373849,0.990791896869245,0.007366482504604052
03210,03,210,3791,872,0,872,863,9,0.23001846478501714,0.0,1.0,0.9896788990825688,0.010321100917431193
03211,03,211,1914,501,0,501,488,13,0.2617554858934169,0.0,1.0,0.9740518962075848,0.02594810379241517
03212,03,212,1876,464,1,463,458,5,0.24733475479744135,0.0021551724137931034,0.9978448275862069,0.9870689655172413,0.010775862068965518
03213,03,213,1581,376,0,376,370,6,0.23782416192283365,0.0,1.0,0.9840425531914894,0.015957446808510637
03214,03,214,1628,332,0,332,325,7,0.20393120393120392,0.0,1.0,0.9789156626506024,0.02108433734939759
03301,03,301,4014,1115,0,1115,1102,13,0.2777777777777778,0.0,1.0,0.9883408071748879,0.011659192825112108
03302,03,302,4037,1006,2,1004,981,23,0.24919494674263068,0.0019880715705765406,0.9980119284294234,0.9751491053677932,0.02286282306163022
03303,03,303,1931,541,0,541,533,8,0.2801657172449508,0.0,1.0,0.9852125693160814,0.014787430683918669
03304,03,304,3507,917,0,917,912,5,0.26147704590818366,0.0,1.0,0.9945474372955289,0.0054525627044711015
03305,03,305,3491,912,0,912,901,11,0.26124319679175023,0.0,1.0,0.9879385964912281,0.01206140350877193
03306,03,306,1659,463,0,463,462,1,0.27908378541289935,0.0,1.0,0.9978401727861771,0.0021598272138228943
03307,03,307,1599,399,0,399,392,7,0.24953095684803,0.0,1.0,0.9824561403508771,0.017543859649122806
03308,03,308,1883,531,1,530,520,10,0.28199681359532663,0.0018832391713747645,0.9981167608286252,0.9792843691148776,0.018832391713747645
03309,03,309,1756,436,0,436,432,4,0.24829157175398633,0.0,1.0,0.9908256880733946,0.009174311926605505
03310,03,310,3869,916,0,916,900,16,0.2367536831222538,0.0,1.0,0.982532751091703,0.017467248908296942
03311,03,311,3722,812,0,812,799,13,0.2181622783449758,0.0,1.0,0.9839901477832512,0.01600985221674877
03401,03,401,4215,900,2,898,879,19,0.21352313167259787,0.0022222222222222222,0.9977777777777778,0.9766666666666667,0.021111111111111112
03402,03,402,4118,871,0,871,859,12,0.21151044196211755,0.0,1.0,0.9862227324913893,0.013777267508610792
03403,03,403,1907,344,1,343,332,11,0.18038804404824332,0.0029069767441860465,0.997093023255814,0.9651162790697675,0.03197674418604651
03404,03,404,3991,817,0,817,812,5,0.20471059884740667,0.0,1.0,0.9938800489596084,0.006119951040391677
03405,03,405,2030,430,0,430,423,7,0.21182266009852216,0.0,1.0,0.9837209302325581,0.01627906976744186
03406,03,406,3973,879,2,877,863,14,0.2212433929020891,0.0022753128555176336,0.9977246871444824,0.981797497155859,0.015927189988623434
03407,03,407,1580,421,0,421,417,4,0.2664556962025316,0.0,1.0,0.9904988123515439,0.009501187648456057
03408,03,408,1881,384,0,384,382,2,0.20414673046251994,0.0,1.0,0.9947916666666666,0.005208333333333333
03409,03,409,3985,1054,2,1052,1044,8,0.2644918444165621,0.0018975332068311196,0.9981024667931688,0.9905123339658444,0.007590132827324478
03410,03,410,1909,443,1,442,437,5,0.2320586694604505,0.002257336343115124,0.9977426636568849,0.9864559819413092,0.011286681715575621
03501,03,501,3390,977,1,976,958,18,0.28820058997050146,0.0010235414534288639,0.9989764585465711,0.9805527123848515,0.01842374616171955
03502,03,502,1326,343,0,343,335,8,0.25867269984917046,0.0,1.0,0.9766763848396501,0.023323615160349854
03503,03,503,3676,756,0,756,741,15,0.20565832426550598,0.0,1.0,0.9801587301587301,0.01984126984126984
03504,03,504,2234,584,0,584,578,6,0.26141450313339304,0.0,1.0,0.9897260273972602,0.010273972602739725
03505,03,505,3827,933,1,932,922,10,0.2437940945910635,0.0010718113612004287,0.9989281886387996,0.9882100750267953,0.010718113612004287
03506,03,506,3298,755,0,755,738,17,0.22892662219526985,0.0,1.0,0.9774834437086093,0.022516556291390728
03507,03,507,4030,957,0,957,941,16,0.23746898263027294,0.0,1.0,0.9832810867293625,0.01671891327063741
03508,03,508,4040,834,0,834,820,14,0.20643564356435642,0.0,1.0,0.9832134292565947,0.016786570743405275
03509,03,509,3006,774,0,774,762,12,0.25748502994011974,0.0,1.0,0.9844961240310077,0.015503875968992248
03510,03,510,1274,411,1,410,407,3,0.3226059654631083,0.0024330900243309003,0.9975669099756691,0.9902676399026764,0.0072992700729927005
03601,03,601,3873,787,0,787,777,10,0.2032016524657888,0.0,1.0,0.9872935196950444,0.012706480304955527
03602,03,602,3113,726,2,724,714,10,0.2332155477031802,0.0027548209366391185,0.9972451790633609,0.9834710743801653,0.013774104683195593
03603,03,603,3388,864,1,863,855,8,0.2550177095631641,0.0011574074074074073,0.9988425925925926,0.9895833333333334,0.009259259259259259
03604,03,604,3365,806,0,806,799,7,0.23952451708766717,0.0,1.0,0.9913151364764268,0.008684863523573201
03605,03,605,1711,412,0,412,410,2,0.24079485680888368,0.0,1.0,0.9951456310679612,0.0048543689320388345
03606,03,606,3187,647,1,646,639,7,0.20301223721368059,0.0015455950540958269,0.9984544049459042,0.9876352395672334,0.010819165378670788
03607,03,607,3034,623,1,622,616,6,0.2053394858272907,0.0016051364365971107,0.9983948635634029,0.9887640449438202,0.009630818619582664
03608,03,608,3363,700,0,700,696,4,0.208147487362474,0.0,1.0,0.9942857142857143,0.005714285714285714
03609,03,609,1865,366,0,366,361,5,0.19624664879356568,0.0,1.0,0.9863387978142076,0.01366120218579235
03610,03,610,3261,615,0,615,610,5,0.18859245630174792,0.0,1.0,0.991869918699187,0.008130081300813009
03611,03,611,1753,359,0,359,354,5,0.20479178551055333,0.0,1.0,0.9860724233983287,0.013927576601671309
03701,03,701,1947,313,0,313,308,5,0.16076014381099127,0.0,1.0,0.9840255591054313,0.01597444089456869
03702,03,702,4065,674,0,674,659,15,0.16580565805658057,0.0,1.0,0.9777448071216617,0.02225519287833828
03703,03,703,3880,713,1,712,702,10,0.18376288659793816,0.001402524544179523,0.9985974754558204,0.9845722300140253,0.014025245441795231
03704,03,704,3966,673,0,673,662,11,0.1696923852748361,0.0,1.0,0.9836552748885586,0.01634472511144131
03705,03,705,3429,693,0,693,686,7,0.2020997375328084,0.0,1.0,0.98989898989899,0.010101010101010102
03706,03,706,3085,818,1,817,810,7,0.2651539708265802,0.0012224938875305623,0.9987775061124694,0.9902200488997555,0.008557457212713936
03707,03,707,3649,797,0,797,785,12,0.21841600438476294,0.0,1.0,0.9849435382685069,0.015056461731493099
03708,03,708,3642,798,2,796,786,10,0.21911037891268534,0.002506265664160401,0.9974937343358395,0.9849624060150376,0.012531328320802004
03709,03,709,3157,638,0,638,626,12,0.20209059233449478,0.0,1.0,0.9811912225705329,0.018808777429467086
03801,03,801,1995,438,2,436,427,9,0.21954887218045113,0.0045662100456621,0.9954337899543378,0.9748858447488584,0.02054794520547945
03802,03,802,3269,725,1,724,717,7,0.22178036096665646,0.001379310344827586,0.9986206896551724,0.9889655172413793,0.009655172413793104
03803,03,803,2747,584,0,584,571,13,0.21259555879140882,0.0,1.0,0.9777397260273972,0.02226027397260274
03804,03,804,3274,684,0,684,673,11,0.20891875381795968,0.0,1.0,0.9839181286549707,0.01608187134502924
03805,03,805,1779,439,0,439,431,8,0.24676784710511523,0.0,1.0,0.9817767653758542,0.018223234624145785
03806,03,806,3260,678,1,677,672,5,0.20797546012269938,0.0014749262536873156,0.9985250737463127,0.9911504424778761,0.007374631268436578
03807,03,807,3187,735,1,734,722,12,0.2306244116724192,0.0013605442176870747,0.998639455782313,0.9823129251700681,0.0163265306122449
03808,03,808,1526,337,1,336,334,2,0.22083879423328964,0.002967359050445104,0.9970326409495549,0.9910979228486647,0.005934718100890208
03809,03,809,3023,654,0,654,652,2,0.21634138273238504,0.0,1.0,0.9969418960244648,0.0030581039755351682
03810,03,810,2965,557,3,554,542,12,0.18785834738617202,0.005385996409335727,0.9946140035906643,0.9730700179533214,0.02154398563734291
03811,03,811,2160,418,0,418,413,5,0.1935185185185185,0.0,1.0,0.9880382775119617,0.011961722488038277
03901,03,901,3073,836,0,836,825,11,0.2720468597461764,0.0,1.0,0.9868421052631579,0.013157894736842105
03902,03,902,3285,704,0,704,693,11,0.2143074581430746,0.0,1.0,0.984375,0.015625
03903,03,903,2149,587,1,586,574,12,0.2731503024662634,0.0017035775127768314,0.9982964224872232,0.9778534923339012,0.020442930153321975
03904,03,904,3906,1046,0,1046,1021,25,0.2677931387608807,0.0,1.0,0.9760994263862333,0.02390057361376673
03905,03,905,1949,439,0,439,434,5,0.22524371472550025,0.0,1.0,0.9886104783599089,0.011389521640091117
03906,03,906,4180,973,3,970,951,19,0.23277511961722488,0.003083247687564234,0.9969167523124358,0.9773895169578622,0.019527235354573486
03907,03,907,3720,693,0,693,681,12,0.18629032258064515,0.0,1.0,0.9826839826839827,0.017316017316017316
03908,03,908,3542,795,4,791,782,9,0.22444946357989837,0.005031446540880503,0.9949685534591195,0.9836477987421384,0.011320754716981131
03909,03,909,1878,372,0,372,364,8,0.19808306709265175,0.0,1.0,0.978494623655914,0.021505376344086023
03910,03,910,3185,694,0,694,686,8,0.21789638932496075,0.0,1.0,0.9884726224783862,0.011527377521613832
03911,03,911,3420,846,0,846,838,8,0.24736842105263157,0.0,1.0,0.9905437352245863,0.009456264775413711
041A,04,1A,0,497,1,496,486,10,inf,0.002012072434607646,0.9979879275653923,0.9778672032193159,0.02012072434607646
041B,04,1B,0,531,0,531,521,10,inf,0.0,1.0,0.9811676082862524,0.018832391713747645
041C,04,1C,0,510,2,508,504,4,inf,0.00392156862745098,0.996078431372549,0.9882352941176471,0.00784313725490196
041D,04,1D,0,472,1,471,465,6,inf,0.00211864406779661,0.9978813559322034,0.9851694915254238,0.012711864406779662
041E,04,1E,0,545,0,545,539,6,inf,0.0,1.0,0.9889908256880734,0.011009174311926606
041F,04,1F,0,509,2,507,500,7,inf,0.003929273084479371,0.9960707269155207,0.9823182711198428,0.0137524557956778
041G,04,1G,0,473,0,473,458,15,inf,0.0,1.0,0.9682875264270613,0.03171247357293869
041H,04,1H,0,468,0,468,459,9,inf,0.0,1.0,0.9807692307692307,0.019230769230769232
041I,04,1I,0,478,0,478,468,10,inf,0.0,1.0,0.9790794979079498,0.02092050209205021
041J,04,1J,0,441,0,441,435,6,inf,0.0,1.0,0.9863945578231292,0.013605442176870748
041K,04,1K,0,433,1,432,424,8,inf,0.0023094688221709007,0.9976905311778291,0.9792147806004619,0.018475750577367205
041L,04,1L,0,516,0,516,511,5,inf,0.0,1.0,0.9903100775193798,0.009689922480620155
041M,04,1M,0,465,1,464,452,12,inf,0.002150537634408602,0.9978494623655914,0.9720430107526882,0.025806451612903226
041N,04,1N,0,517,0,517,506,11,inf,0.0,1.0,0.9787234042553191,0.02127659574468085
041O,04,1O,0,487,0,487,477,10,inf,0.0,1.0,0.9794661190965093,0.02053388090349076
041P,04,1P,0,460,0,460,450,10,inf,0.0,1.0,0.9782608695652174,0.021739130434782608
041Q,04,1Q,0,440,0,440,431,9,inf,0.0,1.0,0.9795454545454545,0.020454545454545454
041R,04,1R,0,492,0,492,485,7,inf,0.0,1.0,0.9857723577235772,0.014227642276422764
041S,04,1S,0,512,1,511,493,18,inf,0.001953125,0.998046875,0.962890625,0.03515625
041T,04,1T,0,465,0,465,459,6,inf,0.0,1.0,0.9870967741935484,0.012903225806451613
041U,04,1U,0,505,0,505,491,14,inf,0.0,1.0,0.9722772277227723,0.027722772277227723
041V,04,1V,0,463,3,460,452,8,inf,0.0064794816414686825,0.9935205183585313,0.9762419006479481,0.017278617710583154
041W,04,1W,0,469,0,469,456,13,inf,0.0,1.0,0.9722814498933902,0.02771855010660981
041X,04,1X,0,491,3,488,480,8,inf,0.006109979633401222,0.9938900203665988,0.9775967413441955,0.016293279022403257
041Y,04,1Y,0,465,0,465,455,10,inf,0.0,1.0,0.978494623655914,0.021505376344086023
04101,04,101,3396,534,1,533,523,10,0.15724381625441697,0.0018726591760299626,0.99812734082397,0.9794007490636704,0.018726591760299626
04102,04,102,3589,483,1,482,471,11,0.13457787684591807,0.002070393374741201,0.9979296066252588,0.9751552795031055,0.022774327122153208
04103,04,103,2447,399,0,399,388,11,0.16305680425010216,0.0,1.0,0.9724310776942355,0.02756892230576441
04104,04,104,3117,454,0,454,446,8,0.1456528713506577,0.0,1.0,0.9823788546255506,0.01762114537444934
04105,04,105,2559,365,0,365,357,8,0.14263384134427512,0.0,1.0,0.9780821917808219,0.021917808219178082
04106,04,106,2753,537,0,537,530,7,0.1950599346167817,0.0,1.0,0.9869646182495344,0.01303538175046555
04107,04,107,4266,747,2,745,739,6,0.1751054852320675,0.002677376171352075,0.9973226238286479,0.9892904953145917,0.008032128514056224
04108,04,108,936,251,0,251,251,0,0.26816239316239315,0.0,1.0,1.0,0.0
04109,04,109,2551,467,0,467,459,8,0.1830654645237162,0.0,1.0,0.9828693790149893,0.017130620985010708
04110,04,110,3063,597,1,596,590,6,0.19490695396669933,0.0016750418760469012,0.998324958123953,0.9882747068676717,0.010050251256281407
04111,04,111,3526,836,0,836,823,13,0.23709585933068633,0.0,1.0,0.9844497607655502,0.01555023923444976
04112,04,112,2532,539,0,539,529,10,0.21287519747235387,0.0,1.0,0.9814471243042672,0.01855287569573284
04113,04,113,3217,474,0,474,465,9,0.14734224432701273,0.0,1.0,0.9810126582278481,0.0189873417721519
04114,04,114,2690,536,1,535,530,5,0.19925650557620816,0.0018656716417910447,0.9981343283582089,0.9888059701492538,0.009328358208955223
04115,04,115,2507,568,0,568,561,7,0.22656561627443159,0.0,1.0,0.9876760563380281,0.01232394366197183
04116,04,116,3754,691,2,689,682,7,0.18407032498668088,0.002894356005788712,0.9971056439942113,0.9869753979739508,0.010130246020260492
04117,04,117,1273,253,0,253,246,7,0.19874312647289866,0.0,1.0,0.9723320158102767,0.02766798418972332
04118,04,118,3001,630,1,629,618,11,0.20993002332555816,0.0015873015873015873,0.9984126984126984,0.9809523809523809,0.01746031746031746
04119,04,119,1514,263,0,263,258,5,0.1737120211360634,0.0,1.0,0.9809885931558935,0.019011406844106463
04120,04,120,1109,315,1,314,306,8,0.2840396753832281,0.0031746031746031746,0.9968253968253968,0.9714285714285714,0.025396825396825397
04121,04,121,2334,440,0,440,427,13,0.18851756640959727,0.0,1.0,0.9704545454545455,0.029545454545454545
04122,04,122,2627,490,0,490,486,4,0.18652455272173582,0.0,1.0,0.9918367346938776,0.00816326530612245
04123,04,123,2278,517,0,517,510,7,0.22695346795434593,0.0,1.0,0.9864603481624759,0.013539651837524178
04124,04,124,2454,534,0,534,527,7,0.2176039119804401,0.0,1.0,0.9868913857677902,0.013108614232209739
04125,04,125,2394,551,0,551,544,7,0.23015873015873015,0.0,1.0,0.9872958257713249,0.012704174228675136
04126,04,126,2704,632,0,632,620,12,0.23372781065088757,0.0,1.0,0.9810126582278481,0.0189873417721519
04127,04,127,1530,317,0,317,313,4,0.20718954248366014,0.0,1.0,0.9873817034700315,0.012618296529968454
04128,04,128,2510,565,0,565,563,2,0.2250996015936255,0.0,1.0,0.9964601769911504,0.0035398230088495575
04129,04,129,2609,513,0,513,511,2,0.19662706017631276,0.0,1.0,0.9961013645224172,0.003898635477582846
04130,04,130,1489,254,0,254,248,6,0.17058428475486903,0.0,1.0,0.9763779527559056,0.023622047244094488
04131,04,131,2638,531,0,531,525,6,0.2012888551933283,0.0,1.0,0.9887005649717514,0.011299435028248588
04132,04,132,2424,447,0,447,444,3,0.1844059405940594,0.0,1.0,0.9932885906040269,0.006711409395973154
04133,04,133,2404,411,0,411,406,5,0.17096505823627287,0.0,1.0,0.9878345498783455,0.012165450121654502
04134,04,134,1498,256,0,256,253,3,0.17089452603471295,0.0,1.0,0.98828125,0.01171875
04135,04,135,2434,393,0,393,389,4,0.16146261298274445,0.0,1.0,0.989821882951654,0.010178117048346057
04136,04,136,2588,424,0,424,420,4,0.16383307573415765,0.0,1.0,0.9905660377358491,0.009433962264150943
04137,04,137,2604,328,0,328,324,4,0.1259600614439324,0.0,1.0,0.9878048780487805,0.012195121951219513
04138,04,138,2533,396,1,395,391,4,0.15633636004737467,0.0025252525252525255,0.9974747474747475,0.9873737373737373,0.010101010101010102
04139,04,139,2427,392,1,391,386,5,0.161516275236918,0.002551020408163265,0.9974489795918368,0.9846938775510204,0.012755102040816327
04140,04,140,2444,415,0,415,410,5,0.1698036006546645,0.0,1.0,0.9879518072289156,0.012048192771084338
04141,04,141,2767,515,0,515,512,3,0.18612215395735454,0.0,1.0,0.9941747572815534,0.005825242718446602
04142,04,142,2869,482,0,482,477,5,0.1680027884280237,0.0,1.0,0.9896265560165975,0.01037344398340249
04143,04,143,2380,330,0,330,324,6,0.13865546218487396,0.0,1.0,0.9818181818181818,0.01818181818181818
04144,04,144,2347,383,0,383,382,1,0.1631870472944184,0.0,1.0,0.9973890339425587,0.0026109660574412533
04145,04,145,2464,277,0,277,270,7,0.11241883116883117,0.0,1.0,0.9747292418772563,0.02527075812274368
04146,04,146,2365,326,0,326,320,6,0.13784355179704016,0.0,1.0,0.9815950920245399,0.018404907975460124
04147,04,147,2597,424,0,424,419,5,0.16326530612244897,0.0,1.0,0.9882075471698113,0.01179245283018868
04148,04,148,1966,372,0,372,365,7,0.18921668362156663,0.0,1.0,0.9811827956989247,0.01881720430107527
04149,04,149,2258,261,0,261,258,3,0.11558901682905226,0.0,1.0,0.9885057471264368,0.011494252873563218
04150,04,150,2553,343,0,343,338,5,0.13435174304739522,0.0,1.0,0.9854227405247813,0.014577259475218658
04151,04,151,2192,385,0,385,380,5,0.17563868613138686,0.0,1.0,0.987012987012987,0.012987012987012988
04152,04,152,1402,280,0,280,277,3,0.19971469329529243,0.0,1.0,0.9892857142857143,0.010714285714285714
04153,04,153,2698,512,1,511,504,7,0.18977020014825796,0.001953125,0.998046875,0.984375,0.013671875
04154,04,154,2437,371,0,371,366,5,0.15223635617562578,0.0,1.0,0.9865229110512129,0.013477088948787063
04155,04,155,3383,469,0,469,468,1,0.13863434821164647,0.0,1.0,0.997867803837953,0.0021321961620469083
04156,04,156,2680,482,0,482,475,7,0.1798507462686567,0.0,1.0,0.9854771784232366,0.014522821576763486
04157,04,157,2705,497,0,497,491,6,0.18373382624768947,0.0,1.0,0.9879275653923542,0.012072434607645875
04158,04,158,2186,355,0,355,352,3,0.16239707227813358,0.0,1.0,0.9915492957746479,0.008450704225352112
04159,04,159,2134,380,1,379,372,7,0.1780693533270853,0.002631578947368421,0.9973684210526316,0.9789473684210527,0.018421052631578946
04160,04,160,2613,366,1,365,361,4,0.14006888633754305,0.00273224043715847,0.9972677595628415,0.9863387978142076,0.01092896174863388
04161,04,161,3709,747,0,747,733,14,0.20140199514693988,0.0,1.0,0.9812583668005355,0.018741633199464525
04162,04,162,2128,349,0,349,339,10,0.16400375939849623,0.0,1.0,0.9713467048710601,0.02865329512893983
04163,04,163,2314,374,0,374,369,5,0.1616248919619706,0.0,1.0,0.9866310160427807,0.013368983957219251
04164,04,164,2745,634,0,634,623,11,0.23096539162112933,0.0,1.0,0.9826498422712934,0.017350157728706624
04165,04,165,2150,431,0,431,427,4,0.20046511627906977,0.0,1.0,0.9907192575406032,0.009280742459396751
04166,04,166,3437,588,2,586,581,5,0.1710794297352342,0.003401360544217687,0.9965986394557823,0.9880952380952381,0.008503401360544218
04167,04,167,2369,456,1,455,450,5,0.19248628113127902,0.0021929824561403508,0.9978070175438597,0.9868421052631579,0.010964912280701754
04168,04,168,2677,565,0,565,555,10,0.21105715353007098,0.0,1.0,0.9823008849557522,0.017699115044247787
04169,04,169,2358,435,0,435,432,3,0.18447837150127228,0.0,1.0,0.993103448275862,0.006896551724137931
04170,04,170,2239,429,0,429,428,1,0.19160339437248772,0.0,1.0,0.9976689976689976,0.002331002331002331
04171,04,171,2695,562,0,562,553,9,0.20853432282003712,0.0,1.0,0.9839857651245552,0.01601423487544484
04172,04,172,2529,524,0,524,520,4,0.20719652036378014,0.0,1.0,0.9923664122137404,0.007633587786259542
04173,04,173,2832,634,0,634,629,5,0.22387005649717515,0.0,1.0,0.9921135646687698,0.007886435331230283
04174,04,174,2397,459,0,459,457,2,0.19148936170212766,0.0,1.0,0.9956427015250545,0.004357298474945534
04175,04,175,2776,635,0,635,624,11,0.22874639769452448,0.0,1.0,0.9826771653543307,0.01732283464566929
04176,04,176,2965,744,0,744,731,13,0.2509274873524452,0.0,1.0,0.9825268817204301,0.01747311827956989
04177,04,177,2954,827,1,826,822,4,0.27995937711577523,0.0012091898428053204,0.9987908101571947,0.9939540507859734,0.0048367593712212815
04178,04,178,2895,706,0,706,700,6,0.24386873920552676,0.0,1.0,0.9915014164305949,0.0084985835694051
04179,04,179,2784,646,2,644,633,11,0.23204022988505746,0.0030959752321981426,0.9969040247678018,0.9798761609907121,0.017027863777089782
04180,04,180,2784,731,2,729,711,18,0.2625718390804598,0.0027359781121751026,0.9972640218878249,0.9726402188782489,0.024623803009575923
04181,04,181,1421,289,0,289,286,3,0.20337790288529206,0.0,1.0,0.9896193771626297,0.010380622837370242
04182,04,182,1475,355,0,355,353,2,0.24067796610169492,0.0,1.0,0.9943661971830986,0.005633802816901409
04183,04,183,1402,308,0,308,303,5,0.21968616262482168,0.0,1.0,0.9837662337662337,0.016233766233766232
04184,04,184,2427,542,0,542,534,8,0.22332097239390195,0.0,1.0,0.985239852398524,0.014760147601476014
04185,04,185,1233,336,0,336,327,9,0.2725060827250608,0.0,1.0,0.9732142857142857,0.026785714285714284
04186,04,186,2324,461,1,460,451,9,0.19836488812392428,0.0021691973969631237,0.9978308026030369,0.9783080260303688,0.019522776572668113
04187,04,187,1581,229,0,229,227,2,0.14484503478810878,0.0,1.0,0.9912663755458515,0.008733624454148471
04188,04,188,1343,244,0,244,243,1,0.18168279970215934,0.0,1.0,0.9959016393442623,0.004098360655737705
051A,05,1A,0,386,1,385,376,9,inf,0.0025906735751295338,0.9974093264248705,0.9740932642487047,0.023316062176165803
051B,05,1B,0,409,0,409,395,14,inf,0.0,1.0,0.9657701711491442,0.034229828850855744
051C,05,1C,0,402,0,402,397,5,inf,0.0,1.0,0.9875621890547264,0.012437810945273632
051D,05,1D,0,435,0,435,425,10,inf,0.0,1.0,0.9770114942528736,0.022988505747126436
051E,05,1E,0,464,2,462,454,8,inf,0.004310344827586207,0.9956896551724138,0.978448275862069,0.017241379310344827
051F,05,1F,0,420,0,420,410,10,inf,0.0,1.0,0.9761904761904762,0.023809523809523808
051G,05,1G,0,455,0,455,443,12,inf,0.0,1.0,0.9736263736263736,0.026373626373626374
051H,05,1H,0,397,0,397,390,7,inf,0.0,1.0,0.982367758186398,0.017632241813602016
051I,05,1I,0,429,0,429,422,7,inf,0.0,1.0,0.9836829836829837,0.016317016317016316
051J,05,1J,0,439,0,439,429,10,inf,0.0,1.0,0.9772209567198178,0.022779043280182234
051K,05,1K,0,435,1,434,430,4,inf,0.0022988505747126436,0.9977011494252873,0.9885057471264368,0.009195402298850575
051L,05,1L,0,437,0,437,429,8,inf,0.0,1.0,0.9816933638443935,0.018306636155606407
051M,05,1M,0,445,1,444,435,9,inf,0.0022471910112359553,0.9977528089887641,0.9775280898876404,0.020224719101123594
051N,05,1N,0,393,0,393,383,10,inf,0.0,1.0,0.9745547073791349,0.02544529262086514
051O,05,1O,0,465,1,464,455,9,inf,0.002150537634408602,0.9978494623655914,0.978494623655914,0.01935483870967742
051P,05,1P,0,432,0,432,422,10,inf,0.0,1.0,0.9768518518518519,0.023148148148148147
051Q,05,1Q,0,438,0,438,426,12,inf,0.0,1.0,0.9726027397260274,0.0273972602739726
051R,05,1R,0,493,1,492,481,11,inf,0.002028397565922921,0.9979716024340771,0.9756592292089249,0.02231237322515213
051S,05,1S,0,425,1,424,415,9,inf,0.002352941176470588,0.9976470588235294,0.9764705882352941,0.021176470588235293
051T,05,1T,0,472,0,472,456,16,inf,0.0,1.0,0.9661016949152542,0.03389830508474576
05101,05,101,846,164,0,164,163,1,0.1938534278959811,0.0,1.0,0.9939024390243902,0.006097560975609756
05102,05,102,956,146,0,146,144,2,0.15271966527196654,0.0,1.0,0.9863013698630136,0.0136986301369863
05103,05,103,1115,401,0,401,400,1,0.3596412556053812,0.0,1.0,0.9975062344139651,0.0024937655860349127
05104,05,104,1853,306,0,306,302,4,0.1651376146788991,0.0,1.0,0.9869281045751634,0.013071895424836602
05105,05,105,1827,425,0,425,418,7,0.2326217843459223,0.0,1.0,0.9835294117647059,0.01647058823529412
05106,05,106,2554,417,0,417,407,10,0.16327329678935004,0.0,1.0,0.9760191846522782,0.023980815347721823
05107,05,107,2109,547,0,547,531,16,0.2593646277856804,0.0,1.0,0.9707495429616088,0.029250457038391225
05108,05,108,1934,414,0,414,406,8,0.2140641158221303,0.0,1.0,0.9806763285024155,0.01932367149758454
05109,05,109,1055,232,0,232,229,3,0.21990521327014217,0.0,1.0,0.9870689655172413,0.01293103448275862
05110,05,110,1302,120,0,120,120,0,0.09216589861751152,0.0,1.0,1.0,0.0
05111,05,111,951,177,0,177,174,3,0.1861198738170347,0.0,1.0,0.9830508474576272,0.01694915254237288
05112,05,112,845,144,1,143,139,4,0.17041420118343195,0.006944444444444444,0.9930555555555556,0.9652777777777778,0.027777777777777776
05113,05,113,1136,367,1,366,362,4,0.3230633802816901,0.0027247956403269754,0.997275204359673,0.9863760217983651,0.010899182561307902
05114,05,114,848,156,0,156,150,6,0.18396226415094338,0.0,1.0,0.9615384615384616,0.038461538461538464
05115,05,115,1130,201,0,201,195,6,0.17787610619469027,0.0,1.0,0.9701492537313433,0.029850746268656716
05116,05,116,2958,600,0,600,583,17,0.2028397565922921,0.0,1.0,0.9716666666666667,0.028333333333333332
05117,05,117,2083,357,2,355,350,5,0.171387421987518,0.0056022408963585435,0.9943977591036415,0.9803921568627451,0.014005602240896359
05118,05,118,2661,335,1,334,315,19,0.12589252160841788,0.0029850746268656717,0.9970149253731343,0.9402985074626866,0.056716417910447764
05119,05,119,898,115,0,115,108,7,0.12806236080178174,0.0,1.0,0.9391304347826087,0.06086956521739131
05120,05,120,1768,280,0,280,272,8,0.1583710407239819,0.0,1.0,0.9714285714285714,0.02857142857142857
05121,05,121,863,172,0,172,168,4,0.1993047508690614,0.0,1.0,0.9767441860465116,0.023255813953488372
05122,05,122,1112,230,0,230,222,8,0.2068345323741007,0.0,1.0,0.9652173913043478,0.034782608695652174
05123,05,123,1150,168,0,168,165,3,0.14608695652173914,0.0,1.0,0.9821428571428571,0.017857142857142856
05124,05,124,722,153,0,153,150,3,0.21191135734072022,0.0,1.0,0.9803921568627451,0.0196078431372549
05125,05,125,666,66,0,66,66,0,0.0990990990990991,0.0,1.0,1.0,0.0
05126,05,126,1179,130,0,130,127,3,0.1102629346904156,0.0,1.0,0.9769230769230769,0.023076923076923078
05127,05,127,1555,249,2,247,241,6,0.16012861736334405,0.008032128514056224,0.9919678714859438,0.9678714859437751,0.024096385542168676
05128,05,128,2202,292,0,292,279,13,0.13260672116257946,0.0,1.0,0.9554794520547946,0.04452054794520548
05129,05,129,850,175,0,175,171,4,0.20588235294117646,0.0,1.0,0.9771428571428571,0.022857142857142857
05130,05,130,1896,371,0,371,362,9,0.19567510548523206,0.0,1.0,0.9757412398921833,0.02425876010781671
05131,05,131,1671,319,1,318,309,9,0.19090365050867744,0.003134796238244514,0.9968652037617555,0.9686520376175548,0.02821316614420063
05132,05,132,1964,508,0,508,500,8,0.25865580448065173,0.0,1.0,0.984251968503937,0.015748031496062992
05133,05,133,2234,626,1,625,611,14,0.2802148612354521,0.001597444089456869,0.9984025559105432,0.9760383386581469,0.022364217252396165
05134,05,134,3329,735,2,733,717,16,0.2207870231300691,0.0027210884353741495,0.9972789115646259,0.9755102040816327,0.021768707482993196
05135,05,135,1909,350,0,350,343,7,0.18334206390780514,0.0,1.0,0.98,0.02
05136,05,136,2059,399,1,398,382,16,0.19378338999514327,0.002506265664160401,0.9974937343358395,0.9573934837092731,0.040100250626566414
05137,05,137,841,191,0,191,186,5,0.22711058263971462,0.0,1.0,0.9738219895287958,0.02617801047120419
05138,05,138,2963,536,0,536,523,13,0.18089773877826526,0.0,1.0,0.9757462686567164,0.024253731343283583
05139,05,139,2547,378,0,378,369,9,0.14840989399293286,0.0,1.0,0.9761904761904762,0.023809523809523808
05140,05,140,2310,326,1,325,315,10,0.14112554112554113,0.003067484662576687,0.9969325153374233,0.9662576687116564,0.03067484662576687
05141,05,141,1797,436,1,435,429,6,0.2426265998887034,0.0022935779816513763,0.9977064220183486,0.9839449541284404,0.013761467889908258
05142,05,142,2628,354,0,354,350,4,0.13470319634703196,0.0,1.0,0.9887005649717514,0.011299435028248588
05143,05,143,1667,263,0,263,255,8,0.15776844631073786,0.0,1.0,0.9695817490494296,0.030418250950570342
05144,05,144,1513,247,0,247,243,4,0.16325181758096496,0.0,1.0,0.9838056680161943,0.016194331983805668
05145,05,145,2197,386,1,385,381,4,0.17569412835685025,0.0025906735751295338,0.9974093264248705,0.9870466321243523,0.010362694300518135
05146,05,146,2376,318,0,318,303,15,0.13383838383838384,0.0,1.0,0.9528301886792453,0.04716981132075472
05147,05,147,2564,530,2,528,520,8,0.20670826833073322,0.0037735849056603774,0.9962264150943396,0.9811320754716981,0.01509433962264151
05148,05,148,930,146,1,145,143,2,0.15698924731182795,0.00684931506849315,0.9931506849315068,0.9794520547945206,0.0136986301369863
05149,05,149,1989,442,1,441,432,9,0.2222222222222222,0.0022624434389140274,0.997737556561086,0.9773755656108597,0.020361990950226245
05150,05,150,2740,505,0,505,499,6,0.1843065693430657,0.0,1.0,0.9881188118811881,0.011881188118811881
05151,05,151,939,189,0,189,182,7,0.2012779552715655,0.0,1.0,0.9629629629629629,0.037037037037037035
05152,05,152,1945,406,0,406,400,6,0.20874035989717224,0.0,1.0,0.9852216748768473,0.014778325123152709
05153,05,153,1811,380,0,380,378,2,0.2098288238542242,0.0,1.0,0.9947368421052631,0.005263157894736842
05154,05,154,1739,297,0,297,293,4,0.17078780908568142,0.0,1.0,0.9865319865319865,0.013468013468013467
05155,05,155,1604,282,0,282,277,5,0.17581047381546136,0.0,1.0,0.9822695035460993,0.01773049645390071
05156,05,156,1050,215,0,215,209,6,0.20476190476190476,0.0,1.0,0.9720930232558139,0.027906976744186046
05157,05,157,1863,354,0,354,343,11,0.19001610305958133,0.0,1.0,0.9689265536723164,0.031073446327683617
05158,05,158,2727,533,2,531,522,9,0.19545287862119545,0.00375234521575985,0.9962476547842402,0.9793621013133208,0.016885553470919325
05159,05,159,1662,261,0,261,256,5,0.15703971119133575,0.0,1.0,0.9808429118773946,0.019157088122605363
05160,05,160,2917,519,0,519,513,6,0.17792252314021254,0.0,1.0,0.9884393063583815,0.011560693641618497
05161,05,161,1993,309,0,309,301,8,0.1550426492724536,0.0,1.0,0.9741100323624595,0.025889967637540454
05162,05,162,2154,344,1,343,339,4,0.15970287836583102,0.0029069767441860465,0.997093023255814,0.9854651162790697,0.011627906976744186
05163,05,163,1430,262,0,262,260,2,0.18321678321678322,0.0,1.0,0.9923664122137404,0.007633587786259542
05164,05,164,836,154,0,154,153,1,0.18421052631578946,0.0,1.0,0.9935064935064936,0.006493506493506494
05165,05,165,1965,444,0,444,429,15,0.22595419847328244,0.0,1.0,0.9662162162162162,0.033783783783783786
05166,05,166,2698,534,2,532,518,14,0.19792438843587842,0.003745318352059925,0.9962546816479401,0.9700374531835206,0.026217228464419477
05167,05,167,1050,216,1,215,210,5,0.2057142857142857,0.004629629629629629,0.9953703703703703,0.9722222222222222,0.023148148148148147
05168,05,168,884,96,0,96,92,4,0.1085972850678733,0.0,1.0,0.9583333333333334,0.041666666666666664
05169,05,169,1783,224,0,224,221,3,0.1256309590577678,0.0,1.0,0.9866071428571429,0.013392857142857142
05170,05,170,2483,395,2,393,375,18,0.15908175594039467,0.005063291139240506,0.9949367088607595,0.9493670886075949,0.04556962025316456
05171,05,171,1113,284,0,284,280,4,0.2551662174303684,0.0,1.0,0.9859154929577465,0.014084507042253521
05172,05,172,2076,526,0,526,522,4,0.25337186897880537,0.0,1.0,0.9923954372623575,0.0076045627376425855
05173,05,173,1640,321,1,320,316,4,0.19573170731707318,0.003115264797507788,0.9968847352024922,0.9844236760124611,0.012461059190031152
05174,05,174,1959,482,0,482,476,6,0.24604389994895354,0.0,1.0,0.9875518672199171,0.012448132780082987
05175,05,175,1150,220,0,220,216,4,0.19130434782608696,0.0,1.0,0.9818181818181818,0.01818181818181818
05176,05,176,2034,450,1,449,442,7,0.22123893805309736,0.0022222222222222222,0.9977777777777778,0.9822222222222222,0.015555555555555555
05177,05,177,812,133,0,133,131,2,0.16379310344827586,0.0,1.0,0.9849624060150376,0.015037593984962405
05178,05,178,2151,461,0,461,455,6,0.21431892143189216,0.0,1.0,0.9869848156182213,0.013015184381778741
05179,05,179,1208,250,0,250,245,5,0.20695364238410596,0.0,1.0,0.98,0.02
05180,05,180,1115,240,0,240,236,4,0.21524663677130046,0.0,1.0,0.9833333333333333,0.016666666666666666
05181,05,181,1954,308,1,307,295,12,0.15762538382804503,0.003246753246753247,0.9967532467532467,0.9577922077922078,0.03896103896103896
05182,05,182,1675,358,0,358,353,5,0.2137313432835821,0.0,1.0,0.9860335195530726,0.013966480446927373
05183,05,183,2228,523,2,521,514,7,0.23473967684021543,0.0038240917782026767,0.9961759082217974,0.982791586998088,0.01338432122370937
05184,05,184,1692,475,0,475,466,9,0.28073286052009455,0.0,1.0,0.9810526315789474,0.018947368421052633
05185,05,185,853,259,0,259,252,7,0.30363423212192264,0.0,1.0,0.972972972972973,0.02702702702702703
05186,05,186,1828,549,1,548,544,4,0.300328227571116,0.0018214936247723133,0.9981785063752276,0.9908925318761385,0.007285974499089253
05187,05,187,2365,541,0,541,538,3,0.22875264270613108,0.0,1.0,0.9944547134935305,0.005545286506469501
05188,05,188,1932,627,0,627,616,11,0.3245341614906832,0.0,1.0,0.9824561403508771,0.017543859649122806
05189,05,189,1078,325,1,324,322,2,0.3014842300556586,0.003076923076923077,0.9969230769230769,0.9907692307692307,0.006153846153846154
05190,05,190,823,196,1,195,190,5,0.23815309842041313,0.00510204081632653,0.9948979591836735,0.9693877551020408,0.025510204081632654
05191,05,191,1050,353,0,353,351,2,0.3361904761904762,0.0,1.0,0.9943342776203966,0.0056657223796034
05192,05,192,913,243,0,243,236,7,0.2661555312157722,0.0,1.0,0.9711934156378601,0.02880658436213992
05193,05,193,1053,341,2,339,331,8,0.3238366571699905,0.005865102639296188,0.9941348973607038,0.9706744868035191,0.02346041055718475
05194,05,194,1197,314,0,314,314,0,0.2623224728487886,0.0,1.0,1.0,0.0
05195,05,195,1930,537,0,537,529,8,0.2782383419689119,0.0,1.0,0.9851024208566108,0.0148975791433892
05196,05,196,1810,503,0,503,491,12,0.27790055248618784,0.0,1.0,0.9761431411530815,0.02385685884691849
05197,05,197,2108,625,0,625,620,5,0.29648956356736245,0.0,1.0,0.992,0.008
061A,06,1A,0,532,1,531,521,10,inf,0.0018796992481203006,0.9981203007518797,0.9793233082706767,0.018796992481203006
061B,06,1B,0,568,2,566,560,6,inf,0.0035211267605633804,0.9964788732394366,0.9859154929577465,0.01056338028169014
061C,06,1C,0,398,1,397,385,12,inf,0.002512562814070352,0.9974874371859297,0.9673366834170855,0.03015075376884422
061D,06,1D,0,317,0,317,312,5,inf,0.0,1.0,0.9842271293375394,0.015772870662460567
061E,06,1E,0,355,1,354,348,6,inf,0.0028169014084507044,0.9971830985915493,0.9802816901408451,0.016901408450704224
061F,06,1F,0,510,1,509,505,4,inf,0.00196078431372549,0.9980392156862745,0.9901960784313726,0.00784313725490196
062A,06,2A,0,416,0,416,408,8,inf,0.0,1.0,0.9807692307692307,0.019230769230769232
062B,06,2B,0,363,1,362,350,12,inf,0.0027548209366391185,0.9972451790633609,0.9641873278236914,0.03305785123966942
062C,06,2C,0,350,1,349,341,8,inf,0.002857142857142857,0.9971428571428571,0.9742857142857143,0.022857142857142857
062D,06,2D,0,363,0,363,352,11,inf,0.0,1.0,0.9696969696969697,0.030303030303030304
062E,06,2E,0,439,1,438,428,10,inf,0.002277904328018223,0.9977220956719818,0.9749430523917996,0.022779043280182234
062F,06,2F,0,354,0,354,341,13,inf,0.0,1.0,0.963276836158192,0.03672316384180791
063A,06,3A,0,519,0,519,500,19,inf,0.0,1.0,0.9633911368015414,0.036608863198458574
063B,06,3B,0,449,0,449,438,11,inf,0.0,1.0,0.9755011135857461,0.024498886414253896
063C,06,3C,0,471,0,471,465,6,inf,0.0,1.0,0.9872611464968153,0.012738853503184714
063D,06,3D,0,408,0,408,407,1,inf,0.0,1.0,0.9975490196078431,0.0024509803921568627
063E,06,3E,0,546,0,546,538,8,inf,0.0,1.0,0.9853479853479854,0.014652014652014652
063F,06,3F,0,588,1,587,570,17,inf,0.0017006802721088435,0.9982993197278912,0.9693877551020408,0.02891156462585034
064A,06,4A,0,377,1,376,368,8,inf,0.002652519893899204,0.9973474801061007,0.9761273209549072,0.021220159151193633
064B,06,4B,0,503,0,503,496,7,inf,0.0,1.0,0.9860834990059643,0.013916500994035786
064C,06,4C,0,530,0,530,516,14,inf,0.0,1.0,0.9735849056603774,0.026415094339622643
064D,06,4D,0,558,0,558,538,20,inf,0.0,1.0,0.96415770609319,0.035842293906810034
064E,06,4E,0,570,3,567,553,14,inf,0.005263157894736842,0.9947368421052631,0.9701754385964912,0.02456140350877193
065A,06,5A,0,447,0,447,438,9,inf,0.0,1.0,0.9798657718120806,0.020134228187919462
065B,06,5B,0,416,2,414,406,8,inf,0.004807692307692308,0.9951923076923077,0.9759615384615384,0.019230769230769232
065C,06,5C,0,363,1,362,354,8,inf,0.0027548209366391185,0.9972451790633609,0.9752066115702479,0.02203856749311295
065D,06,5D,0,440,0,440,436,4,inf,0.0,1.0,0.990909090909091,0.00909090909090909
065E,06,5E,0,334,1,333,325,8,inf,0.0029940119760479044,0.9970059880239521,0.9730538922155688,0.023952095808383235
065F,06,5F,0,347,1,346,342,4,inf,0.002881844380403458,0.9971181556195965,0.9855907780979827,0.011527377521613832
066A,06,6A,0,469,1,468,463,5,inf,0.0021321961620469083,0.997867803837953,0.9872068230277186,0.010660980810234541
066B,06,6B,0,549,0,549,536,13,inf,0.0,1.0,0.97632058287796,0.023679417122040074
066C,06,6C,0,455,1,454,448,6,inf,0.002197802197802198,0.9978021978021978,0.9846153846153847,0.013186813186813187
066D,06,6D,0,513,1,512,496,16,inf,0.001949317738791423,0.9980506822612085,0.9668615984405458,0.031189083820662766
066E,06,6E,0,481,1,480,475,5,inf,0.002079002079002079,0.997920997920998,0.9875259875259875,0.010395010395010396
066F,06,6F,0,542,0,542,527,15,inf,0.0,1.0,0.9723247232472325,0.027675276752767528
067A,06,7A,0,374,0,374,368,6,inf,0.0,1.0,0.983957219251337,0.016042780748663103
067B,06,7B,0,530,0,530,518,12,inf,0.0,1.0,0.9773584905660377,0.022641509433962263
067C,06,7C,0,592,0,592,580,12,inf,0.0,1.0,0.9797297297297297,0.02027027027027027
067D,06,7D,0,432,0,432,421,11,inf,0.0,1.0,0.9745370370370371,0.02546296296296296
067E,06,7E,0,623,1,622,612,10,inf,0.0016051364365971107,0.9983948635634029,0.9823434991974318,0.016051364365971106
067F,06,7F,0,656,0,656,640,16,inf,0.0,1.0,0.975609756097561,0.024390243902439025
06101,06,101,1815,473,1,472,466,6,0.2606060606060606,0.0021141649048625794,0.9978858350951374,0.985200845665962,0.012684989429175475
06102,06,102,1756,400,1,399,389,10,0.22779043280182232,0.0025,0.9975,0.9725,0.025
06103,06,103,1767,381,0,381,375,6,0.21561969439728354,0.0,1.0,0.984251968503937,0.015748031496062992
06104,06,104,1952,465,0,465,458,7,0.2382172131147541,0.0,1.0,0.9849462365591398,0.015053763440860216
06105,06,105,1554,372,1,371,369,2,0.23938223938223938,0.002688172043010753,0.9973118279569892,0.9919354838709677,0.005376344086021506
06106,06,106,1639,321,0,321,316,5,0.19585112873703478,0.0,1.0,0.9844236760124611,0.01557632398753894
06107,06,107,1834,464,0,464,459,5,0.2529989094874591,0.0,1.0,0.9892241379310345,0.010775862068965518
06108,06,108,1902,443,0,443,434,9,0.23291272344900105,0.0,1.0,0.9796839729119639,0.020316027088036117
06109,06,109,1929,455,0,455,448,7,0.23587350959046138,0.0,1.0,0.9846153846153847,0.015384615384615385
06110,06,110,1861,422,0,422,415,7,0.22675980655561526,0.0,1.0,0.9834123222748815,0.016587677725118485
06111,06,111,1769,420,0,420,412,8,0.23742227247032222,0.0,1.0,0.9809523809523809,0.01904761904761905
06112,06,112,1680,452,0,452,441,11,0.26904761904761904,0.0,1.0,0.9756637168141593,0.024336283185840708
06113,06,113,1798,314,2,312,310,2,0.1746384872080089,0.006369426751592357,0.9936305732484076,0.9872611464968153,0.006369426751592357
06114,06,114,1802,422,0,422,414,8,0.2341842397336293,0.0,1.0,0.981042654028436,0.018957345971563982
06115,06,115,1572,323,0,323,318,5,0.205470737913486,0.0,1.0,0.9845201238390093,0.015479876160990712
06116,06,116,1907,405,0,405,398,7,0.21237545883586786,0.0,1.0,0.9827160493827161,0.01728395061728395
06117,06,117,1758,344,1,343,340,3,0.1956769055745165,0.0029069767441860465,0.997093023255814,0.9883720930232558,0.00872093023255814
06118,06,118,1756,451,1,450,443,7,0.25683371298405466,0.0022172949002217295,0.9977827050997783,0.9822616407982262,0.015521064301552107
06201,06,201,1791,402,0,402,401,1,0.22445561139028475,0.0,1.0,0.9975124378109452,0.0024875621890547263
06202,06,202,1718,373,0,373,370,3,0.2171129220023283,0.0,1.0,0.9919571045576407,0.00804289544235925
06203,06,203,1866,386,1,385,380,5,0.20685959271168275,0.0025906735751295338,0.9974093264248705,0.9844559585492227,0.012953367875647668
06204,06,204,1651,413,0,413,409,4,0.2501514233797698,0.0,1.0,0.9903147699757869,0.009685230024213076
06205,06,205,1716,372,0,372,370,2,0.21678321678321677,0.0,1.0,0.9946236559139785,0.005376344086021506
06206,06,206,1641,397,2,395,390,5,0.24192565508836075,0.005037783375314861,0.9949622166246851,0.982367758186398,0.012594458438287154
06207,06,207,1540,281,0,281,273,8,0.18246753246753247,0.0,1.0,0.9715302491103203,0.028469750889679714
06208,06,208,1574,332,0,332,327,5,0.21092757306226176,0.0,1.0,0.9849397590361446,0.015060240963855422
06209,06,209,1896,354,1,353,344,9,0.18670886075949367,0.002824858757062147,0.9971751412429378,0.9717514124293786,0.025423728813559324
06210,06,210,1731,519,1,518,513,5,0.29982668977469673,0.0019267822736030828,0.9980732177263969,0.9884393063583815,0.009633911368015413
06211,06,211,1706,403,1,402,391,11,0.23622508792497068,0.0024813895781637717,0.9975186104218362,0.9702233250620348,0.02729528535980149
06212,06,212,1856,351,0,351,343,8,0.18911637931034483,0.0,1.0,0.9772079772079773,0.022792022792022793
06213,06,213,2073,389,0,389,379,10,0.18765074770863482,0.0,1.0,0.974293059125964,0.02570694087403599
06214,06,214,1899,424,1,423,419,4,0.22327540810953134,0.0023584905660377358,0.9976415094339622,0.9882075471698113,0.009433962264150943
06215,06,215,1769,405,1,404,397,7,0.22894290559638214,0.0024691358024691358,0.9975308641975309,0.980246913580247,0.01728395061728395
06216,06,216,1628,316,0,316,311,5,0.1941031941031941,0.0,1.0,0.9841772151898734,0.015822784810126583
06217,06,217,1833,533,1,532,518,14,0.2907801418439716,0.001876172607879925,0.99812382739212,0.9718574108818011,0.02626641651031895
06218,06,218,1601,270,1,269,268,1,0.16864459712679575,0.003703703703703704,0.9962962962962963,0.9925925925925926,0.003703703703703704
06301,06,301,1764,466,0,466,460,6,0.264172335600907,0.0,1.0,0.9871244635193133,0.012875536480686695
06302,06,302,1720,463,0,463,461,2,0.2691860465116279,0.0,1.0,0.9956803455723542,0.004319654427645789
06303,06,303,1867,467,1,466,460,6,0.25013390465988217,0.0021413276231263384,0.9978586723768736,0.9850107066381156,0.01284796573875803
06304,06,304,1842,569,0,569,559,10,0.30890336590662326,0.0,1.0,0.9824253075571178,0.01757469244288225
06305,06,305,1631,446,1,445,441,4,0.2734518700183936,0.002242152466367713,0.9977578475336323,0.9887892376681614,0.008968609865470852
06306,06,306,1928,538,0,538,531,7,0.279045643153527,0.0,1.0,0.9869888475836431,0.013011152416356878
06307,06,307,1722,400,1,399,392,7,0.23228803716608595,0.0025,0.9975,0.98,0.0175
06308,06,308,1799,587,0,587,583,4,0.3262923846581434,0.0,1.0,0.9931856899488927,0.0068143100511073255
06309,06,309,1755,448,0,448,447,1,0.2552706552706553,0.0,1.0,0.9977678571428571,0.002232142857142857
06310,06,310,1746,465,0,465,459,6,0.2663230240549828,0.0,1.0,0.9870967741935484,0.012903225806451613
06311,06,311,1480,312,1,311,308,3,0.21081081081081082,0.003205128205128205,0.9967948717948718,0.9871794871794872,0.009615384615384616
06312,06,312,1794,404,0,404,403,1,0.22519509476031216,0.0,1.0,0.9975247524752475,0.0024752475247524753
06313,06,313,1613,415,0,415,412,3,0.2572845629262244,0.0,1.0,0.9927710843373494,0.007228915662650603
06314,06,314,1771,457,0,457,446,11,0.25804630152456237,0.0,1.0,0.975929978118162,0.024070021881838075
06315,06,315,1624,424,0,424,417,7,0.26108374384236455,0.0,1.0,0.9834905660377359,0.01650943396226415
06316,06,316,1968,557,2,555,542,13,0.28302845528455284,0.003590664272890485,0.9964093357271095,0.9730700179533214,0.02333931777378815
06317,06,317,1840,328,0,328,323,5,0.1782608695652174,0.0,1.0,0.9847560975609756,0.01524390243902439
06318,06,318,1998,451,0,451,440,11,0.22572572572572572,0.0,1.0,0.975609756097561,0.024390243902439025
06401,06,401,2094,553,0,553,542,11,0.2640878701050621,0.0,1.0,0.9801084990958409,0.019891500904159132
06402,06,402,1489,389,1,388,382,6,0.2612491605104097,0.002570694087403599,0.9974293059125964,0.9820051413881749,0.015424164524421594
06403,06,403,1736,355,0,355,352,3,0.20449308755760368,0.0,1.0,0.9915492957746479,0.008450704225352112
06404,06,404,1952,548,0,548,537,11,0.2807377049180328,0.0,1.0,0.9799270072992701,0.020072992700729927
06405,06,405,1751,510,0,510,504,6,0.2912621359223301,0.0,1.0,0.9882352941176471,0.011764705882352941
06406,06,406,1898,490,0,490,485,5,0.2581664910432034,0.0,1.0,0.9897959183673469,0.01020408163265306
06407,06,407,2000,435,0,435,429,6,0.2175,0.0,1.0,0.9862068965517241,0.013793103448275862
06408,06,408,1725,483,1,482,476,6,0.28,0.002070393374741201,0.9979296066252588,0.9855072463768116,0.012422360248447204
06409,06,409,1829,383,0,383,375,8,0.20940404592673592,0.0,1.0,0.97911227154047,0.020887728459530026
06410,06,410,1641,333,0,333,327,6,0.20292504570383912,0.0,1.0,0.9819819819819819,0.018018018018018018
06411,06,411,1725,449,0,449,447,2,0.26028985507246377,0.0,1.0,0.9955456570155902,0.004454342984409799
06412,06,412,1604,441,0,441,436,5,0.27493765586034913,0.0,1.0,0.9886621315192744,0.011337868480725623
06413,06,413,1792,439,0,439,433,6,0.24497767857142858,0.0,1.0,0.9863325740318907,0.01366742596810934
06414,06,414,1694,261,0,261,248,13,0.15407319952774498,0.0,1.0,0.9501915708812261,0.04980842911877394
06415,06,415,1671,306,2,304,295,9,0.18312387791741472,0.006535947712418301,0.9934640522875817,0.9640522875816994,0.029411764705882353
06416,06,416,1792,476,0,476,463,13,0.265625,0.0,1.0,0.9726890756302521,0.0273109243697479
06417,06,417,1689,498,0,498,489,9,0.29484902309058614,0.0,1.0,0.9819277108433735,0.018072289156626505
06501,06,501,1691,353,0,353,345,8,0.20875221762270846,0.0,1.0,0.9773371104815864,0.0226628895184136
06502,06,502,1695,363,0,363,353,10,0.21415929203539824,0.0,1.0,0.9724517906336089,0.027548209366391185
06503,06,503,1333,302,0,302,299,3,0.22655663915978994,0.0,1.0,0.9900662251655629,0.009933774834437087
06504,06,504,1541,389,0,389,376,13,0.25243348475016225,0.0,1.0,0.9665809768637532,0.033419023136246784
06505,06,505,1936,548,0,548,539,9,0.2830578512396694,0.0,1.0,0.9835766423357665,0.016423357664233577
06506,06,506,1691,326,0,326,316,10,0.19278533412182142,0.0,1.0,0.9693251533742331,0.03067484662576687
06507,06,507,1720,331,0,331,320,11,0.19244186046511627,0.0,1.0,0.9667673716012085,0.03323262839879154
06508,06,508,1880,344,0,344,339,5,0.1829787234042553,0.0,1.0,0.9854651162790697,0.014534883720930232
06509,06,509,1814,494,1,493,484,9,0.2723263506063947,0.0020242914979757085,0.9979757085020243,0.979757085020243,0.018218623481781375
06510,06,510,1928,478,0,478,475,3,0.2479253112033195,0.0,1.0,0.9937238493723849,0.006276150627615063
06511,06,511,1601,323,1,322,321,1,0.20174890693316677,0.0030959752321981426,0.9969040247678018,0.9938080495356038,0.0030959752321981426
06512,06,512,1626,251,0,251,245,6,0.15436654366543665,0.0,1.0,0.9760956175298805,0.02390438247011952
06513,06,513,1880,418,1,417,412,5,0.22234042553191488,0.0023923444976076554,0.9976076555023924,0.9856459330143541,0.011961722488038277
06514,06,514,1664,446,0,446,444,2,0.26802884615384615,0.0,1.0,0.9955156950672646,0.004484304932735426
06515,06,515,1697,467,1,466,461,5,0.2751915144372422,0.0021413276231263384,0.9978586723768736,0.987152034261242,0.010706638115631691
06516,06,516,1834,230,0,230,224,6,0.12540894220283533,0.0,1.0,0.9739130434782609,0.02608695652173913
06517,06,517,1671,252,0,252,242,10,0.15080789946140036,0.0,1.0,0.9603174603174603,0.03968253968253968
06518,06,518,1666,328,1,327,318,9,0.19687875150060025,0.003048780487804878,0.9969512195121951,0.9695121951219512,0.027439024390243903
06601,06,601,1426,359,0,359,354,5,0.2517531556802244,0.0,1.0,0.9860724233983287,0.013927576601671309
06602,06,602,1563,514,0,514,509,5,0.3288547664747281,0.0,1.0,0.9902723735408561,0.009727626459143969
06603,06,603,1591,397,0,397,387,10,0.24952859836580768,0.0,1.0,0.9748110831234257,0.02518891687657431
06604,06,604,1815,560,0,560,554,6,0.3085399449035813,0.0,1.0,0.9892857142857143,0.010714285714285714
06605,06,605,1476,319,0,319,315,4,0.21612466124661248,0.0,1.0,0.987460815047022,0.012539184952978056
06606,06,606,1375,261,0,261,256,5,0.18981818181818183,0.0,1.0,0.9808429118773946,0.019157088122605363
06607,06,607,1567,330,0,330,327,3,0.21059349074664965,0.0,1.0,0.990909090909091,0.00909090909090909
06608,06,608,1484,287,0,287,282,5,0.19339622641509435,0.0,1.0,0.9825783972125436,0.017421602787456445
06609,06,609,1731,394,1,393,391,2,0.22761409589832468,0.0025380710659898475,0.9974619289340102,0.9923857868020305,0.005076142131979695
06610,06,610,1179,243,0,243,242,1,0.20610687022900764,0.0,1.0,0.9958847736625515,0.00411522633744856
06611,06,611,1562,389,0,389,383,6,0.24903969270166454,0.0,1.0,0.9845758354755784,0.015424164524421594
06612,06,612,1806,422,0,422,415,7,0.2336655592469546,0.0,1.0,0.9834123222748815,0.016587677725118485
06613,06,613,1738,497,0,497,490,7,0.2859608745684695,0.0,1.0,0.9859154929577465,0.014084507042253521
06614,06,614,1823,419,0,419,410,9,0.22984092155787164,0.0,1.0,0.9785202863961814,0.021479713603818614
06615,06,615,1782,419,0,419,406,13,0.2351290684624018,0.0,1.0,0.9689737470167065,0.031026252983293555
06616,06,616,1676,425,1,424,422,2,0.2535799522673031,0.002352941176470588,0.9976470588235294,0.9929411764705882,0.004705882352941176
06617,06,617,1745,481,1,480,462,18,0.27564469914040113,0.002079002079002079,0.997920997920998,0.9604989604989606,0.037422037422037424
06618,06,618,1771,454,0,454,445,9,0.256352343308865,0.0,1.0,0.9801762114537445,0.019823788546255508
06619,06,619,1485,386,0,386,379,7,0.25993265993265996,0.0,1.0,0.9818652849740933,0.018134715025906734
06701,06,701,1620,427,1,426,419,7,0.26358024691358023,0.00234192037470726,0.9976580796252927,0.9812646370023419,0.01639344262295082
06702,06,702,1890,446,2,444,439,5,0.23597883597883598,0.004484304932735426,0.9955156950672646,0.984304932735426,0.011210762331838564
06703,06,703,1222,298,0,298,293,5,0.24386252045826515,0.0,1.0,0.9832214765100671,0.016778523489932886
06704,06,704,1466,386,1,385,374,11,0.26330150068212826,0.0025906735751295338,0.9974093264248705,0.9689119170984456,0.02849740932642487
06705,06,705,1524,311,1,310,309,1,0.20406824146981628,0.003215434083601286,0.9967845659163987,0.9935691318327974,0.003215434083601286
06706,06,706,1682,419,1,418,415,3,0.24910820451843044,0.002386634844868735,0.9976133651551312,0.9904534606205251,0.007159904534606206
06707,06,707,1821,414,1,413,411,2,0.2273476112026359,0.0024154589371980675,0.9975845410628019,0.9927536231884058,0.004830917874396135
06708,06,708,1410,356,0,356,353,3,0.2524822695035461,0.0,1.0,0.9915730337078652,0.008426966292134831
06709,06,709,1740,424,0,424,420,4,0.24367816091954023,0.0,1.0,0.9905660377358491,0.009433962264150943
06710,06,710,1738,477,0,477,469,8,0.2744533947065593,0.0,1.0,0.9832285115303984,0.016771488469601678
06711,06,711,1641,376,0,376,369,7,0.2291285801340646,0.0,1.0,0.9813829787234043,0.018617021276595744
06712,06,712,1692,492,0,492,488,4,0.2907801418439716,0.0,1.0,0.991869918699187,0.008130081300813009
06713,06,713,1490,354,0,354,349,5,0.23758389261744967,0.0,1.0,0.9858757062146892,0.014124293785310734
06714,06,714,1377,348,0,348,344,4,0.25272331154684097,0.0,1.0,0.9885057471264368,0.011494252873563218
06715,06,715,1453,315,0,315,308,7,0.21679284239504473,0.0,1.0,0.9777777777777777,0.022222222222222223
06716,06,716,1324,323,0,323,321,2,0.24395770392749244,0.0,1.0,0.9938080495356038,0.006191950464396285
06717,06,717,1180,333,0,333,325,8,0.28220338983050847,0.0,1.0,0.975975975975976,0.024024024024024024
06718,06,718,1954,590,0,590,579,11,0.30194472876151485,0.0,1.0,0.9813559322033898,0.01864406779661017
06719,06,719,1742,465,0,465,464,1,0.2669345579793341,0.0,1.0,0.9978494623655914,0.002150537634408602
071A,07,1A,0,534,0,534,518,16,inf,0.0,1.0,0.9700374531835206,0.0299625468164794
071B,07,1B,0,538,2,536,529,7,inf,0.0037174721189591076,0.9962825278810409,0.983271375464684,0.013011152416356878
071C,07,1C,0,539,2,537,530,7,inf,0.0037105751391465678,0.9962894248608535,0.9833024118738405,0.012987012987012988
071D,07,1D,0,508,0,508,497,11,inf,0.0,1.0,0.9783464566929134,0.021653543307086614
072A,07,2A,0,643,1,642,625,17,inf,0.0015552099533437014,0.9984447900466563,0.9720062208398134,0.026438569206842923
072B,07,2B,0,532,0,532,525,7,inf,0.0,1.0,0.9868421052631579,0.013157894736842105
072C,07,2C,0,508,0,508,498,10,inf,0.0,1.0,0.9803149606299213,0.01968503937007874
072D,07,2D,0,539,1,538,526,12,inf,0.0018552875695732839,0.9981447124304267,0.9758812615955473,0.022263450834879406
073A,07,3A,0,531,1,530,513,17,inf,0.0018832391713747645,0.9981167608286252,0.9661016949152542,0.032015065913371
073B,07,3B,0,509,0,509,505,4,inf,0.0,1.0,0.9921414538310412,0.007858546168958742
073C,07,3C,0,521,0,521,516,5,inf,0.0,1.0,0.9904030710172744,0.009596928982725527
073D,07,3D,0,532,2,530,520,10,inf,0.0037593984962406013,0.9962406015037594,0.9774436090225563,0.018796992481203006
074A,07,4A,0,524,1,523,518,5,inf,0.0019083969465648854,0.9980916030534351,0.9885496183206107,0.009541984732824428
074B,07,4B,0,508,0,508,499,9,inf,0.0,1.0,0.9822834645669292,0.017716535433070866
074C,07,4C,0,509,0,509,501,8,inf,0.0,1.0,0.9842829076620825,0.015717092337917484
074D,07,4D,0,535,0,535,525,10,inf,0.0,1.0,0.9813084112149533,0.018691588785046728
075A,07,5A,0,546,0,546,534,12,inf,0.0,1.0,0.978021978021978,0.02197802197802198
075B,07,5B,0,533,0,533,524,9,inf,0.0,1.0,0.9831144465290806,0.016885553470919325
075C,07,5C,0,541,2,537,524,13,inf,0.0036968576709796672,0.9926062846580407,0.9685767097966729,0.024029574861367836
075D,07,5D,0,540,0,540,532,8,inf,0.0,1.0,0.9851851851851852,0.014814814814814815
076A,07,6A,0,542,1,541,535,6,inf,0.0018450184501845018,0.9981549815498155,0.9870848708487084,0.01107011070110701
076B,07,6B,0,535,1,533,523,10,inf,0.001869158878504673,0.9962616822429906,0.9775700934579439,0.018691588785046728
076C,07,6C,0,453,0,453,446,7,inf,0.0,1.0,0.9845474613686535,0.01545253863134658
076D,07,6D,0,385,0,385,377,8,inf,0.0,1.0,0.9792207792207792,0.02077922077922078
077A,07,7A,0,535,2,533,521,12,inf,0.003738317757009346,0.9962616822429906,0.9738317757009346,0.022429906542056073
077B,07,7B,0,516,1,515,504,11,inf,0.001937984496124031,0.998062015503876,0.9767441860465116,0.02131782945736434
077C,07,7C,0,523,1,522,512,10,inf,0.0019120458891013384,0.9980879541108987,0.9789674952198852,0.019120458891013385
078A,07,8A,0,541,0,541,535,6,inf,0.0,1.0,0.988909426987061,0.011090573012939002
078B,07,8B,0,541,0,541,532,9,inf,0.0,1.0,0.9833641404805915,0.0166358595194085
078C,07,8C,0,538,0,538,530,8,inf,0.0,1.0,0.9851301115241635,0.01486988847583643
07101,07,101,1826,223,0,223,217,6,0.1221248630887185,0.0,1.0,0.9730941704035875,0.026905829596412557
07102,07,102,1869,216,1,215,212,3,0.11556982343499198,0.004629629629629629,0.9953703703703703,0.9814814814814815,0.013888888888888888
07103,07,103,1884,317,0,317,310,7,0.16825902335456475,0.0,1.0,0.9779179810725552,0.022082018927444796
07104,07,104,1759,302,0,302,295,7,0.1716884593519045,0.0,1.0,0.9768211920529801,0.023178807947019868
07105,07,105,1952,373,0,373,363,10,0.1910860655737705,0.0,1.0,0.9731903485254692,0.02680965147453083
07106,07,106,1760,342,0,342,339,3,0.1943181818181818,0.0,1.0,0.9912280701754386,0.008771929824561403
07107,07,107,1690,325,2,323,319,4,0.19230769230769232,0.006153846153846154,0.9938461538461538,0.9815384615384616,0.012307692307692308
07108,07,108,1680,268,1,267,262,5,0.1595238095238095,0.0037313432835820895,0.996268656716418,0.9776119402985075,0.018656716417910446
07109,07,109,1871,413,0,413,407,6,0.22073757349011225,0.0,1.0,0.9854721549636803,0.014527845036319613
07110,07,110,2122,444,0,444,435,9,0.20923656927426956,0.0,1.0,0.9797297297297297,0.02027027027027027
07111,07,111,1828,429,0,429,424,5,0.23468271334792123,0.0,1.0,0.9883449883449883,0.011655011655011656
07112,07,112,1919,410,0,410,406,4,0.2136529442417926,0.0,1.0,0.9902439024390244,0.00975609756097561
07113,07,113,1910,373,0,373,371,2,0.19528795811518324,0.0,1.0,0.9946380697050938,0.005361930294906166
07114,07,114,2000,407,0,407,400,7,0.2035,0.0,1.0,0.9828009828009828,0.0171990171990172
07115,07,115,2004,402,0,402,400,2,0.20059880239520958,0.0,1.0,0.9950248756218906,0.004975124378109453
07201,07,201,1916,395,0,395,389,6,0.20615866388308976,0.0,1.0,0.9848101265822785,0.015189873417721518
07202,07,202,2031,514,0,514,512,2,0.2530773018217627,0.0,1.0,0.9961089494163424,0.0038910505836575876
07203,07,203,1910,421,0,421,417,4,0.22041884816753926,0.0,1.0,0.9904988123515439,0.009501187648456057
07204,07,204,1681,319,0,319,302,17,0.18976799524092802,0.0,1.0,0.9467084639498433,0.05329153605015674
07205,07,205,1712,359,0,359,354,5,0.20969626168224298,0.0,1.0,0.9860724233983287,0.013927576601671309
07206,07,206,1932,428,0,428,419,9,0.22153209109730848,0.0,1.0,0.9789719626168224,0.02102803738317757
07207,07,207,1901,442,2,440,432,8,0.2325092056812204,0.004524886877828055,0.995475113122172,0.9773755656108597,0.01809954751131222
07208,07,208,1752,295,1,294,284,10,0.16837899543378995,0.003389830508474576,0.9966101694915255,0.9627118644067797,0.03389830508474576
07209,07,209,1961,368,1,367,360,7,0.18765935747067822,0.002717391304347826,0.9972826086956522,0.9782608695652174,0.019021739130434784
07210,07,210,1751,360,0,360,351,9,0.20559680182752713,0.0,1.0,0.975,0.025
07211,07,211,1990,435,0,435,431,4,0.2185929648241206,0.0,1.0,0.9908045977011494,0.009195402298850575
07212,07,212,2018,507,0,507,505,2,0.2512388503468781,0.0,1.0,0.9960552268244576,0.0039447731755424065
07213,07,213,2007,439,0,439,434,5,0.21873442949676133,0.0,1.0,0.9886104783599089,0.011389521640091117
07214,07,214,1945,389,0,389,378,11,0.2,0.0,1.0,0.9717223650385605,0.028277634961439587
07215,07,215,1428,347,0,347,343,4,0.24299719887955182,0.0,1.0,0.9884726224783862,0.011527377521613832
07301,07,301,1928,506,0,506,501,5,0.262448132780083,0.0,1.0,0.9901185770750988,0.009881422924901186
07302,07,302,1773,505,0,505,500,5,0.28482797518330516,0.0,1.0,0.9900990099009901,0.009900990099009901
07303,07,303,1708,452,2,450,444,6,0.2646370023419204,0.004424778761061947,0.995575221238938,0.9823008849557522,0.01327433628318584
07304,07,304,1977,476,0,476,462,14,0.2407688416793121,0.0,1.0,0.9705882352941176,0.029411764705882353
07305,07,305,1802,445,1,444,439,5,0.2469478357380688,0.0022471910112359553,0.9977528089887641,0.9865168539325843,0.011235955056179775
07306,07,306,1749,463,1,462,453,9,0.26472269868496284,0.0021598272138228943,0.9978401727861771,0.978401727861771,0.019438444924406047
07307,07,307,1883,424,0,424,421,3,0.22517259691980882,0.0,1.0,0.9929245283018868,0.007075471698113208
07308,07,308,1750,457,0,457,454,3,0.2611428571428571,0.0,1.0,0.9934354485776805,0.006564551422319475
07309,07,309,1660,452,2,450,441,9,0.27228915662650605,0.004424778761061947,0.995575221238938,0.9756637168141593,0.01991150442477876
07310,07,310,1832,455,1,454,451,3,0.24836244541484717,0.002197802197802198,0.9978021978021978,0.9912087912087912,0.006593406593406593
07311,07,311,1673,429,0,429,422,7,0.25642558278541544,0.0,1.0,0.9836829836829837,0.016317016317016316
07312,07,312,1810,432,0,432,424,8,0.23867403314917127,0.0,1.0,0.9814814814814815,0.018518518518518517
07313,07,313,1793,455,0,455,453,2,0.25376464026770773,0.0,1.0,0.9956043956043956,0.004395604395604396
07314,07,314,1697,411,0,411,405,6,0.24219210371243372,0.0,1.0,0.9854014598540146,0.014598540145985401
07315,07,315,2124,508,1,507,502,5,0.2391713747645951,0.001968503937007874,0.9980314960629921,0.9881889763779528,0.00984251968503937
07316,07,316,1988,346,0,346,338,8,0.17404426559356137,0.0,1.0,0.976878612716763,0.023121387283236993
07401,07,401,1893,269,0,269,266,3,0.1421024828314844,0.0,1.0,0.9888475836431226,0.011152416356877323
07402,07,402,1762,355,0,355,348,7,0.2014755959137344,0.0,1.0,0.9802816901408451,0.01971830985915493
07403,07,403,1648,380,0,380,376,4,0.23058252427184467,0.0,1.0,0.9894736842105263,0.010526315789473684
07404,07,404,1591,306,0,306,301,5,0.1923318667504714,0.0,1.0,0.9836601307189542,0.016339869281045753
07405,07,405,2018,364,2,362,358,4,0.18037661050545095,0.005494505494505495,0.9945054945054945,0.9835164835164835,0.01098901098901099
07406,07,406,2021,375,1,374,367,7,0.1855517070757051,0.0026666666666666666,0.9973333333333333,0.9786666666666667,0.018666666666666668
07407,07,407,1818,426,10,416,405,11,0.23432343234323433,0.023474178403755867,0.9765258215962441,0.9507042253521126,0.025821596244131457
07408,07,408,1958,458,0,458,445,13,0.23391215526046988,0.0,1.0,0.9716157205240175,0.028384279475982533
07409,07,409,1808,461,1,460,450,10,0.2549778761061947,0.0021691973969631237,0.9978308026030369,0.9761388286334056,0.021691973969631236
07410,07,410,2245,490,3,487,476,11,0.2182628062360802,0.006122448979591836,0.9938775510204082,0.9714285714285714,0.022448979591836733
07411,07,411,1621,218,0,218,212,6,0.13448488587291796,0.0,1.0,0.9724770642201835,0.027522935779816515
07412,07,412,1874,313,0,313,308,5,0.16702241195304163,0.0,1.0,0.9840255591054313,0.01597444089456869
07413,07,413,1868,493,0,493,487,6,0.2639186295503212,0.0,1.0,0.9878296146044625,0.012170385395537525
07414,07,414,1997,342,0,342,336,6,0.171256885327992,0.0,1.0,0.9824561403508771,0.017543859649122806
07415,07,415,2048,340,0,340,330,10,0.166015625,0.0,1.0,0.9705882352941176,0.029411764705882353
07416,07,416,2169,334,0,334,326,8,0.15398801290917474,0.0,1.0,0.9760479041916168,0.023952095808383235
07501,07,501,1656,400,0,400,395,5,0.24154589371980675,0.0,1.0,0.9875,0.0125
07502,07,502,2243,552,4,548,536,12,0.24609897458760588,0.007246376811594203,0.9927536231884058,0.9710144927536232,0.021739130434782608
07503,07,503,1851,434,0,434,431,3,0.23446785521339816,0.0,1.0,0.9930875576036866,0.0069124423963133645
07504,07,504,2057,399,0,399,391,8,0.19397180359747204,0.0,1.0,0.9799498746867168,0.020050125313283207
07505,07,505,1848,461,0,461,450,11,0.24945887445887446,0.0,1.0,0.9761388286334056,0.02386117136659436
07506,07,506,1990,341,0,341,332,9,0.171356783919598,0.0,1.0,0.9736070381231672,0.026392961876832845
07507,07,507,2017,408,0,408,404,4,0.20228061477441744,0.0,1.0,0.9901960784313726,0.00980392156862745
07508,07,508,2202,275,0,275,269,6,0.12488646684831971,0.0,1.0,0.9781818181818182,0.02181818181818182
07509,07,509,1938,471,2,469,460,9,0.24303405572755418,0.004246284501061571,0.9957537154989384,0.9766454352441614,0.01910828025477707
07510,07,510,2003,341,0,341,333,8,0.17024463305042437,0.0,1.0,0.9765395894428153,0.02346041055718475
07511,07,511,2149,363,1,362,358,4,0.16891577477896697,0.0027548209366391185,0.9972451790633609,0.9862258953168044,0.011019283746556474
07512,07,512,1957,529,1,528,520,8,0.2703117015840572,0.001890359168241966,0.998109640831758,0.9829867674858223,0.015122873345935728
07513,07,513,2017,364,0,364,359,5,0.180466038671294,0.0,1.0,0.9862637362637363,0.013736263736263736
07514,07,514,2153,501,1,500,497,3,0.23269856014862983,0.001996007984031936,0.998003992015968,0.9920159680638723,0.005988023952095809
07515,07,515,1917,394,0,394,385,9,0.20552947313510694,0.0,1.0,0.9771573604060914,0.02284263959390863
07601,07,601,1977,331,0,331,326,5,0.16742539200809306,0.0,1.0,0.9848942598187311,0.015105740181268883
07602,07,602,2310,377,0,377,367,10,0.1632034632034632,0.0,1.0,0.9734748010610079,0.026525198938992044
07603,07,603,2113,511,1,510,500,10,0.24183625177472787,0.0019569471624266144,0.9980430528375733,0.9784735812133072,0.019569471624266144
07604,07,604,2192,519,3,516,498,18,0.23677007299270073,0.005780346820809248,0.9942196531791907,0.9595375722543352,0.03468208092485549
07605,07,605,1937,421,1,420,409,11,0.21734641197728446,0.0023752969121140144,0.997624703087886,0.9714964370546318,0.026128266033254157
07606,07,606,2172,475,0,475,467,8,0.21869244935543278,0.0,1.0,0.9831578947368421,0.016842105263157894
07607,07,607,2021,336,1,335,324,11,0.16625432953983177,0.002976190476190476,0.9970238095238095,0.9642857142857143,0.03273809523809524
07608,07,608,1960,528,1,527,521,6,0.2693877551020408,0.001893939393939394,0.9981060606060606,0.9867424242424242,0.011363636363636364
07609,07,609,1900,382,0,382,375,7,0.20105263157894737,0.0,1.0,0.981675392670157,0.01832460732984293
07610,07,610,2100,686,2,684,671,13,0.32666666666666666,0.0029154518950437317,0.9970845481049563,0.978134110787172,0.018950437317784258
07611,07,611,2221,477,1,476,467,9,0.21476812246735705,0.0020964360587002098,0.9979035639412998,0.9790356394129979,0.018867924528301886
07612,07,612,1749,463,0,463,461,2,0.26472269868496284,0.0,1.0,0.9956803455723542,0.004319654427645789
07613,07,613,2070,454,0,454,450,4,0.21932367149758455,0.0,1.0,0.9911894273127754,0.00881057268722467
07614,07,614,1727,493,1,492,488,4,0.2854661262304574,0.002028397565922921,0.9979716024340771,0.9898580121703854,0.008113590263691683
07615,07,615,1785,479,0,479,470,9,0.2683473389355742,0.0,1.0,0.9812108559498957,0.018789144050104383
07701,07,701,1794,345,0,345,336,9,0.19230769230769232,0.0,1.0,0.9739130434782609,0.02608695652173913
07702,07,702,1716,594,0,594,589,5,0.34615384615384615,0.0,1.0,0.9915824915824916,0.008417508417508417
07703,07,703,1994,571,3,567,558,9,0.28635907723169507,0.005253940455341506,0.9929947460595446,0.9772329246935202,0.01576182136602452
07704,07,704,1379,265,0,265,260,5,0.19216823785351705,0.0,1.0,0.9811320754716981,0.018867924528301886
07705,07,705,2014,325,0,325,315,10,0.16137040714995035,0.0,1.0,0.9692307692307692,0.03076923076923077
07706,07,706,1930,415,0,415,408,7,0.21502590673575128,0.0,1.0,0.983132530120482,0.016867469879518072
07707,07,707,1541,250,0,250,243,7,0.16223231667748214,0.0,1.0,0.972,0.028
07708,07,708,2082,300,0,300,295,5,0.1440922190201729,0.0,1.0,0.9833333333333333,0.016666666666666666
07709,07,709,2300,404,0,404,394,10,0.17565217391304347,0.0,1.0,0.9752475247524752,0.024752475247524754
07710,07,710,1816,451,0,451,450,1,0.24834801762114536,0.0,1.0,0.9977827050997783,0.0022172949002217295
07711,07,711,2034,601,3,598,587,11,0.29547689282202555,0.004991680532445923,0.9950083194675541,0.9767054908485857,0.018302828618968387
07712,07,712,1996,689,0,689,687,2,0.34519038076152303,0.0,1.0,0.9970972423802612,0.002902757619738752
07713,07,713,2064,601,0,601,597,4,0.2911821705426357,0.0,1.0,0.9933444259567388,0.0066555740432612314
07714,07,714,2166,585,0,586,582,4,0.27008310249307477,0.0,1.0017094017094017,0.9948717948717949,0.006837606837606838
07715,07,715,1988,388,0,388,385,3,0.19517102615694165,0.0,1.0,0.9922680412371134,0.007731958762886598
07801,07,801,1868,579,2,577,570,7,0.3099571734475375,0.0034542314335060447,0.9965457685664939,0.9844559585492227,0.012089810017271158
07802,07,802,1858,580,3,577,571,6,0.31216361679224974,0.005172413793103448,0.9948275862068966,0.9844827586206897,0.010344827586206896
07803,07,803,1917,314,0,314,305,9,0.16379760041731872,0.0,1.0,0.9713375796178344,0.028662420382165606
07804,07,804,1930,371,1,370,356,14,0.1922279792746114,0.0026954177897574125,0.9973045822102425,0.9595687331536388,0.03773584905660377
07805,07,805,2099,538,0,538,532,6,0.2563125297760839,0.0,1.0,0.9888475836431226,0.011152416356877323
07806,07,806,1798,423,1,422,421,1,0.23526140155728587,0.002364066193853428,0.9976359338061466,0.9952718676122931,0.002364066193853428
07807,07,807,2024,535,0,535,531,4,0.2643280632411067,0.0,1.0,0.9925233644859813,0.007476635514018692
07808,07,808,1963,446,1,445,433,12,0.2272032603158431,0.002242152466367713,0.9977578475336323,0.9708520179372198,0.026905829596412557
07809,07,809,1873,388,0,388,383,5,0.20715429791777895,0.0,1.0,0.9871134020618557,0.01288659793814433
07810,07,810,1771,409,0,409,405,4,0.23094297007340486,0.0,1.0,0.9902200488997555,0.009779951100244499
07811,07,811,1850,416,0,416,403,13,0.22486486486486487,0.0,1.0,0.96875,0.03125
07812,07,812,1758,498,0,498,493,5,0.2832764505119454,0.0,1.0,0.9899598393574297,0.010040160642570281
07813,07,813,1762,412,1,411,406,5,0.23382519863791146,0.0024271844660194173,0.9975728155339806,0.9854368932038835,0.012135922330097087
07814,07,814,1655,333,1,333,332,1,0.2012084592145015,0.003003003003003003,1.0,0.996996996996997,0.003003003003003003
07815,07,815,1611,426,0,426,423,3,0.2644320297951583,0.0,1.0,0.9929577464788732,0.007042253521126761
081A,08,1A,0,688,1,687,678,9,inf,0.0014534883720930232,0.998546511627907,0.9854651162790697,0.01308139534883721
081B,08,1B,0,584,1,583,573,10,inf,0.0017123287671232876,0.9982876712328768,0.9811643835616438,0.017123287671232876
081C,08,1C,0,483,0,483,479,4,inf,0.0,1.0,0.9917184265010351,0.008281573498964804
082A,08,2A,0,546,1,545,535,10,inf,0.0018315018315018315,0.9981684981684982,0.9798534798534798,0.018315018315018316
082B,08,2B,0,420,0,420,404,16,inf,0.0,1.0,0.9619047619047619,0.0380952380952381
082C,08,2C,0,428,0,428,420,8,inf,0.0,1.0,0.9813084112149533,0.018691588785046728
083A,08,3A,0,402,0,402,378,24,inf,0.0,1.0,0.9402985074626866,0.05970149253731343
083B,08,3B,0,401,0,401,393,8,inf,0.0,1.0,0.9800498753117207,0.0199501246882793
083C,08,3C,0,640,2,638,629,9,inf,0.003125,0.996875,0.9828125,0.0140625
084A,08,4A,0,724,1,723,710,13,inf,0.0013812154696132596,0.9986187845303868,0.9806629834254144,0.017955801104972375
084B,08,4B,0,772,0,772,765,7,inf,0.0,1.0,0.9909326424870466,0.009067357512953367
084C,08,4C,0,729,0,729,720,9,inf,0.0,1.0,0.9876543209876543,0.012345679012345678
085A,08,5A,0,887,18,869,847,22,inf,0.020293122886133032,0.979706877113867,0.9549041713641488,0.02480270574971815
085B,08,5B,0,810,16,794,768,26,inf,0.019753086419753086,0.980246913580247,0.9481481481481482,0.03209876543209877
085C,08,5C,0,850,2,848,828,20,inf,0.002352941176470588,0.9976470588235294,0.9741176470588235,0.023529411764705882
086A,08,6A,0,497,1,496,486,10,inf,0.002012072434607646,0.9979879275653923,0.9778672032193159,0.02012072434607646
086B,08,6B,0,791,1,790,774,16,inf,0.0012642225031605564,0.9987357774968394,0.9785082174462706,0.020227560050568902
086C,08,6C,0,873,0,873,852,21,inf,0.0,1.0,0.9759450171821306,0.024054982817869417
08101,08,101,3755,828,1,827,813,14,0.22050599201065246,0.0012077294685990338,0.998792270531401,0.9818840579710145,0.016908212560386472
08102,08,102,2755,586,1,585,575,10,0.21270417422867513,0.0017064846416382253,0.9982935153583617,0.9812286689419796,0.017064846416382253
08103,08,103,2741,560,0,560,554,6,0.20430499817584824,0.0,1.0,0.9892857142857143,0.010714285714285714
08104,08,104,1422,322,0,322,311,11,0.22644163150492264,0.0,1.0,0.9658385093167702,0.034161490683229816
08105,08,105,2880,622,0,622,621,1,0.21597222222222223,0.0,1.0,0.9983922829581994,0.001607717041800643
08106,08,106,1899,317,0,317,306,11,0.16692996313849395,0.0,1.0,0.9652996845425867,0.03470031545741325
08107,08,107,2279,463,0,463,451,12,0.20315928038613426,0.0,1.0,0.9740820734341252,0.02591792656587473
08108,08,108,3235,594,3,591,576,15,0.18361669242658424,0.005050505050505051,0.9949494949494949,0.9696969696969697,0.025252525252525252
08109,08,109,2561,528,0,528,520,8,0.20616946505271377,0.0,1.0,0.9848484848484849,0.015151515151515152
08110,08,110,1735,284,0,284,276,8,0.16368876080691644,0.0,1.0,0.971830985915493,0.028169014084507043
08111,08,111,3262,540,1,539,531,8,0.16554261189454322,0.001851851851851852,0.9981481481481481,0.9833333333333333,0.014814814814814815
08112,08,112,2513,444,0,444,437,7,0.17668125746120175,0.0,1.0,0.9842342342342343,0.015765765765765764
08113,08,113,2907,547,0,547,542,5,0.18816649466804267,0.0,1.0,0.9908592321755028,0.009140767824497258
08114,08,114,2391,393,0,393,385,8,0.164366373902133,0.0,1.0,0.9796437659033079,0.020356234096692113
08201,08,201,1482,317,1,316,310,6,0.21390013495276652,0.0031545741324921135,0.9968454258675079,0.9779179810725552,0.01892744479495268
08202,08,202,2594,501,1,500,493,7,0.19313801079414034,0.001996007984031936,0.998003992015968,0.9840319361277445,0.013972055888223553
08203,08,203,3224,604,0,604,594,10,0.18734491315136476,0.0,1.0,0.9834437086092715,0.016556291390728478
08204,08,204,2396,479,3,476,468,8,0.19991652754590986,0.006263048016701462,0.9937369519832986,0.9770354906054279,0.016701461377870562
08205,08,205,2610,444,0,444,435,9,0.17011494252873563,0.0,1.0,0.9797297297297297,0.02027027027027027
08206,08,206,2579,596,1,595,579,16,0.23109732454439705,0.0016778523489932886,0.9983221476510067,0.9714765100671141,0.026845637583892617
08207,08,207,2241,489,1,488,483,5,0.2182061579651941,0.002044989775051125,0.9979550102249489,0.9877300613496932,0.010224948875255624
08208,08,208,2742,412,0,412,387,25,0.15025528811086797,0.0,1.0,0.9393203883495146,0.06067961165048544
08209,08,209,2029,279,0,279,268,11,0.13750616067028093,0.0,1.0,0.9605734767025089,0.03942652329749104
08210,08,210,2113,343,0,343,334,9,0.1623284429720776,0.0,1.0,0.9737609329446064,0.026239067055393587
08211,08,211,2756,574,1,573,560,13,0.20827285921625543,0.0017421602787456446,0.9982578397212544,0.975609756097561,0.02264808362369338
08212,08,212,2144,356,0,356,348,8,0.166044776119403,0.0,1.0,0.9775280898876404,0.02247191011235955
08213,08,213,2454,364,1,363,359,4,0.14832925835370822,0.0027472527472527475,0.9972527472527473,0.9862637362637363,0.01098901098901099
08214,08,214,1947,329,0,329,317,12,0.1689779147406266,0.0,1.0,0.9635258358662614,0.0364741641337386
08215,08,215,1642,299,0,299,289,10,0.182095006090134,0.0,1.0,0.9665551839464883,0.033444816053511704
08301,08,301,2529,406,2,404,388,16,0.1605377619612495,0.0049261083743842365,0.9950738916256158,0.9556650246305419,0.03940886699507389
08302,08,302,2521,326,0,326,315,11,0.1293137643792146,0.0,1.0,0.9662576687116564,0.03374233128834356
08303,08,303,2290,348,1,347,339,8,0.15196506550218342,0.0028735632183908046,0.9971264367816092,0.9741379310344828,0.022988505747126436
08304,08,304,1453,155,0,155,150,5,0.10667584308327598,0.0,1.0,0.967741935483871,0.03225806451612903
08305,08,305,2336,329,0,329,321,8,0.1408390410958904,0.0,1.0,0.9756838905775076,0.0243161094224924
08306,08,306,1368,118,0,118,114,4,0.08625730994152046,0.0,1.0,0.9661016949152542,0.03389830508474576
08307,08,307,3091,386,2,384,363,21,0.12487868003882238,0.0051813471502590676,0.9948186528497409,0.9404145077720207,0.054404145077720206
08308,08,308,1342,193,0,193,190,3,0.14381520119225039,0.0,1.0,0.9844559585492227,0.015544041450777202
08309,08,309,2388,306,0,306,301,5,0.12814070351758794,0.0,1.0,0.9836601307189542,0.016339869281045753
08310,08,310,1785,294,0,294,287,7,0.16470588235294117,0.0,1.0,0.9761904761904762,0.023809523809523808
08311,08,311,2808,689,2,687,674,13,0.24537037037037038,0.002902757619738752,0.9970972423802612,0.9782293178519593,0.018867924528301886
08312,08,312,1600,281,1,280,268,12,0.175625,0.0035587188612099642,0.99644128113879,0.9537366548042705,0.042704626334519574
08313,08,313,1635,248,0,248,241,7,0.15168195718654434,0.0,1.0,0.9717741935483871,0.028225806451612902
08314,08,314,3500,937,1,936,924,12,0.26771428571428574,0.0010672358591248667,0.9989327641408752,0.9861259338313767,0.012806830309498399
08401,08,401,2599,728,3,725,713,12,0.2801077337437476,0.004120879120879121,0.9958791208791209,0.9793956043956044,0.016483516483516484
08402,08,402,2857,434,2,432,425,7,0.151907595379769,0.004608294930875576,0.9953917050691244,0.9792626728110599,0.016129032258064516
08403,08,403,3612,715,1,714,699,15,0.1979512735326689,0.0013986013986013986,0.9986013986013986,0.9776223776223776,0.02097902097902098
08404,08,404,2418,474,1,473,461,12,0.19602977667493796,0.002109704641350211,0.9978902953586498,0.9725738396624473,0.02531645569620253
08405,08,405,1563,499,0,499,494,5,0.31925783749200254,0.0,1.0,0.9899799599198397,0.01002004008016032
08406,08,406,3022,858,1,857,849,8,0.28391793514228986,0.0011655011655011655,0.9988344988344988,0.9895104895104895,0.009324009324009324
08407,08,407,3324,783,2,781,772,9,0.2355595667870036,0.002554278416347382,0.9974457215836526,0.9859514687100894,0.011494252873563218
08408,08,408,2028,469,1,468,463,5,0.23126232741617356,0.0021321961620469083,0.997867803837953,0.9872068230277186,0.010660980810234541
08409,08,409,2772,709,1,708,701,7,0.25577200577200576,0.0014104372355430183,0.998589562764457,0.9887165021156559,0.009873060648801129
08410,08,410,3706,714,0,714,695,19,0.1926605504587156,0.0,1.0,0.9733893557422969,0.02661064425770308
08411,08,411,2980,589,0,589,576,13,0.1976510067114094,0.0,1.0,0.9779286926994907,0.022071307300509338
08412,08,412,1458,344,0,344,338,6,0.23593964334705075,0.0,1.0,0.9825581395348837,0.01744186046511628
08501,08,501,2834,654,2,652,641,11,0.23076923076923078,0.0030581039755351682,0.9969418960244648,0.9801223241590215,0.016819571865443424
08502,08,502,2963,836,0,836,828,8,0.28214647316908537,0.0,1.0,0.9904306220095693,0.009569377990430622
08503,08,503,3357,642,0,642,626,16,0.19124218051831993,0.0,1.0,0.9750778816199377,0.024922118380062305
08504,08,504,1716,391,0,391,380,11,0.22785547785547786,0.0,1.0,0.9718670076726342,0.028132992327365727
08505,08,505,3202,640,0,640,627,13,0.19987507807620236,0.0,1.0,0.9796875,0.0203125
08506,08,506,1639,280,0,280,272,8,0.17083587553386212,0.0,1.0,0.9714285714285714,0.02857142857142857
08507,08,507,3233,650,1,649,635,14,0.20105165480977422,0.0015384615384615385,0.9984615384615385,0.9769230769230769,0.021538461538461538
08508,08,508,3349,554,1,553,530,23,0.1654225141833383,0.0018050541516245488,0.9981949458483754,0.9566787003610109,0.04151624548736462
08509,08,509,2820,722,0,722,713,9,0.2560283687943262,0.0,1.0,0.9875346260387812,0.012465373961218837
08510,08,510,1589,445,0,445,441,4,0.2800503461296413,0.0,1.0,0.9910112359550561,0.008988764044943821
08511,08,511,2748,524,0,524,506,18,0.19068413391557495,0.0,1.0,0.9656488549618321,0.03435114503816794
08512,08,512,1432,301,0,301,294,7,0.210195530726257,0.0,1.0,0.9767441860465116,0.023255813953488372
08513,08,513,2683,397,1,396,383,13,0.1479686917629519,0.0025188916876574307,0.9974811083123426,0.964735516372796,0.0327455919395466
08601,08,601,2277,301,1,300,292,8,0.13219148001756698,0.0033222591362126247,0.9966777408637874,0.9700996677740864,0.026578073089700997
08602,08,602,1887,339,0,339,332,7,0.17965023847376788,0.0,1.0,0.9793510324483776,0.02064896755162242
08603,08,603,2390,632,2,630,622,8,0.2644351464435146,0.0031645569620253164,0.9968354430379747,0.9841772151898734,0.012658227848101266
08604,08,604,1585,463,0,463,457,6,0.2921135646687697,0.0,1.0,0.9870410367170627,0.012958963282937365
08605,08,605,2500,587,1,586,573,13,0.2348,0.0017035775127768314,0.9982964224872232,0.9761499148211243,0.022146507666098807
08606,08,606,1601,311,0,311,304,7,0.1942535915053092,0.0,1.0,0.977491961414791,0.022508038585209004
08607,08,607,2623,755,0,755,746,9,0.2878383530308807,0.0,1.0,0.9880794701986755,0.011920529801324504
08608,08,608,3596,1206,0,1206,1189,17,0.3353726362625139,0.0,1.0,0.9859038142620232,0.014096185737976783
08609,08,609,1794,513,0,513,510,3,0.28595317725752506,0.0,1.0,0.9941520467836257,0.005847953216374269
08610,08,610,2018,570,0,570,564,6,0.28245787908820613,0.0,1.0,0.9894736842105263,0.010526315789473684
08611,08,611,3393,963,2,961,937,24,0.2838196286472148,0.0020768431983385254,0.9979231568016614,0.9730010384215991,0.024922118380062305
08612,08,612,2382,498,2,496,478,18,0.20906801007556675,0.004016064257028112,0.9959839357429718,0.9598393574297188,0.03614457831325301
08613,08,613,3628,846,0,846,829,17,0.23318632855567806,0.0,1.0,0.9799054373522459,0.02009456264775414
091A,09,1A,0,1033,5,1028,1007,21,inf,0.00484027105517909,0.995159728944821,0.9748305905130688,0.02032913843175218
091B,09,1B,0,853,1,852,832,20,inf,0.0011723329425556857,0.9988276670574443,0.9753810082063306,0.023446658851113716
091C,09,1C,0,1185,0,1185,1160,25,inf,0.0,1.0,0.9789029535864979,0.02109704641350211
091D,09,1D,0,619,0,619,605,14,inf,0.0,1.0,0.9773828756058158,0.022617124394184167
091E,09,1E,0,1270,1,1269,1245,24,inf,0.0007874015748031496,0.9992125984251968,0.9803149606299213,0.01889763779527559
091F,09,1F,0,522,0,522,512,10,inf,0.0,1.0,0.9808429118773946,0.019157088122605363
091G,09,1G,0,1124,0,1124,1102,22,inf,0.0,1.0,0.9804270462633452,0.019572953736654804
091H,09,1H,0,928,0,928,917,11,inf,0.0,1.0,0.9881465517241379,0.011853448275862068
091I,09,1I,0,539,0,539,527,12,inf,0.0,1.0,0.9777365491651205,0.022263450834879406
091J,09,1J,0,1241,1,1240,1230,10,inf,0.0008058017727639,0.9991941982272361,0.9911361804995971,0.008058017727639
091K,09,1K,0,988,0,988,969,19,inf,0.0,1.0,0.9807692307692307,0.019230769230769232
091L,09,1L,0,1272,2,1270,1248,22,inf,0.0015723270440251573,0.9984276729559748,0.9811320754716981,0.01729559748427673
09101,09,101,1888,482,1,481,476,5,0.2552966101694915,0.002074688796680498,0.9979253112033195,0.9875518672199171,0.01037344398340249
09103,09,103,2433,549,0,549,540,9,0.22564734895191121,0.0,1.0,0.9836065573770492,0.01639344262295082
09104,09,104,3402,862,4,858,850,8,0.2533803644914756,0.004640371229698376,0.9953596287703016,0.9860788863109049,0.009280742459396751
09108,09,108,3428,766,1,765,756,9,0.2234539089848308,0.0013054830287206266,0.9986945169712794,0.9869451697127938,0.01174934725848564
09111,09,111,2397,583,1,582,574,8,0.24322069253233208,0.0017152658662092624,0.9982847341337907,0.9845626072041166,0.0137221269296741
09113,09,113,2612,698,1,697,688,9,0.2672281776416539,0.0014326647564469914,0.998567335243553,0.9856733524355301,0.012893982808022923
09116,09,116,2252,473,0,473,471,2,0.2100355239786856,0.0,1.0,0.9957716701902748,0.004228329809725159
09120,09,120,2464,697,0,697,688,9,0.28287337662337664,0.0,1.0,0.9870875179340028,0.01291248206599713
09122,09,122,2515,717,1,716,708,8,0.28508946322067596,0.001394700139470014,0.99860529986053,0.9874476987447699,0.011157601115760111
09126,09,126,1095,274,0,274,271,3,0.2502283105022831,0.0,1.0,0.9890510948905109,0.010948905109489052
09127,09,127,884,228,0,228,225,3,0.2579185520361991,0.0,1.0,0.9868421052631579,0.013157894736842105
09128,09,128,995,278,0,278,272,6,0.2793969849246231,0.0,1.0,0.9784172661870504,0.02158273381294964
09130,09,130,2883,856,0,856,839,17,0.2969129379118973,0.0,1.0,0.9801401869158879,0.01985981308411215
09133,09,133,1965,495,0,495,488,7,0.25190839694656486,0.0,1.0,0.9858585858585859,0.014141414141414142
09135,09,135,2944,571,0,571,563,8,0.19395380434782608,0.0,1.0,0.9859894921190894,0.014010507880910683
09201,09,201,1683,463,0,463,452,11,0.27510398098633393,0.0,1.0,0.9762419006479481,0.023758099352051837
09204,09,204,3018,793,0,793,785,8,0.26275679257786616,0.0,1.0,0.9899117276166457,0.01008827238335435
09207,09,207,3388,980,1,979,966,13,0.2892561983471074,0.0010204081632653062,0.9989795918367347,0.9857142857142858,0.013265306122448979
09208,09,208,2222,580,1,579,578,1,0.26102610261026105,0.0017241379310344827,0.9982758620689656,0.996551724137931,0.0017241379310344827
09211,09,211,3148,924,1,923,914,9,0.2935196950444727,0.0010822510822510823,0.9989177489177489,0.9891774891774892,0.00974025974025974
09212,09,212,874,318,1,317,314,3,0.36384439359267734,0.0031446540880503146,0.9968553459119497,0.9874213836477987,0.009433962264150943
09214,09,214,1133,356,0,356,352,4,0.3142100617828773,0.0,1.0,0.9887640449438202,0.011235955056179775
09216,09,216,3454,999,0,999,982,17,0.28922987840185294,0.0,1.0,0.982982982982983,0.01701701701701702
09221,09,221,1937,441,1,440,432,8,0.22767165720185856,0.0022675736961451248,0.9977324263038548,0.9795918367346939,0.018140589569160998
09222,09,222,1499,290,0,290,287,3,0.1934623082054703,0.0,1.0,0.9896551724137931,0.010344827586206896
09224,09,224,2613,380,0,380,368,12,0.14542671259089168,0.0,1.0,0.968421052631579,0.031578947368421054
09227,09,227,623,95,1,94,94,0,0.15248796147672553,0.010526315789473684,0.9894736842105263,0.9894736842105263,0.0
09228,09,228,2628,620,0,620,609,11,0.2359208523592085,0.0,1.0,0.9822580645161291,0.017741935483870968
09230,09,230,3661,861,0,861,840,21,0.23518164435946462,0.0,1.0,0.975609756097561,0.024390243902439025
09231,09,231,928,129,0,129,128,1,0.13900862068965517,0.0,1.0,0.9922480620155039,0.007751937984496124
09236,09,236,2749,588,0,588,581,7,0.21389596216806112,0.0,1.0,0.9880952380952381,0.011904761904761904
09301,09,301,702,251,0,251,250,1,0.3575498575498576,0.0,1.0,0.9960159362549801,0.00398406374501992
09302,09,302,2362,583,0,583,576,7,0.24682472480948348,0.0,1.0,0.9879931389365352,0.012006861063464836
09304,09,304,3180,956,0,956,945,11,0.30062893081761005,0.0,1.0,0.9884937238493724,0.011506276150627616
09308,09,308,3077,656,0,656,642,14,0.21319467013324667,0.0,1.0,0.9786585365853658,0.021341463414634148
09309,09,309,3661,887,0,887,873,14,0.24228352909041245,0.0,1.0,0.9842164599774521,0.015783540022547914
09314,09,314,3965,1045,0,1045,1028,17,0.2635561160151324,0.0,1.0,0.9837320574162679,0.016267942583732056
09317,09,317,3017,914,0,914,912,2,0.3029499502817368,0.0,1.0,0.9978118161925602,0.002188183807439825
09319,09,319,2107,360,0,360,355,5,0.170859041290935,0.0,1.0,0.9861111111111112,0.013888888888888888
09320,09,320,976,208,2,206,202,4,0.21311475409836064,0.009615384615384616,0.9903846153846154,0.9711538461538461,0.019230769230769232
09321,09,321,569,121,0,121,119,2,0.2126537785588752,0.0,1.0,0.9834710743801653,0.01652892561983471
09322,09,322,2402,663,0,663,656,7,0.2760199833472107,0.0,1.0,0.9894419306184012,0.010558069381598794
09324,09,324,2214,642,0,642,634,8,0.2899728997289973,0.0,1.0,0.9875389408099688,0.012461059190031152
09326,09,326,1346,143,0,143,139,4,0.1062407132243685,0.0,1.0,0.972027972027972,0.027972027972027972
09328,09,328,1183,305,0,305,300,5,0.2578191039729501,0.0,1.0,0.9836065573770492,0.01639344262295082
09330,09,330,2077,446,1,445,431,14,0.21473278767453058,0.002242152466367713,0.9977578475336323,0.9663677130044843,0.03139013452914798
09333,09,333,879,245,0,245,245,0,0.2787258248009101,0.0,1.0,1.0,0.0
09401,09,401,2871,858,2,856,850,6,0.2988505747126437,0.002331002331002331,0.9976689976689976,0.9906759906759907,0.006993006993006993
09403,09,403,786,88,0,88,85,3,0.11195928753180662,0.0,1.0,0.9659090909090909,0.03409090909090909
09404,09,404,1855,500,2,498,492,6,0.2695417789757412,0.004,0.996,0.984,0.012
09405,09,405,3672,1085,0,1085,1077,8,0.295479302832244,0.0,1.0,0.992626728110599,0.007373271889400922
09409,09,409,3221,797,1,796,787,9,0.24743868363862154,0.0012547051442910915,0.998745294855709,0.9874529485570891,0.011292346298619825
09413,09,413,4096,895,0,895,880,15,0.218505859375,0.0,1.0,0.9832402234636871,0.01675977653631285
09418,09,418,561,81,0,81,80,1,0.1443850267379679,0.0,1.0,0.9876543209876543,0.012345679012345678
09419,09,419,632,233,0,233,232,1,0.3686708860759494,0.0,1.0,0.9957081545064378,0.004291845493562232
09420,09,420,1861,472,0,472,466,6,0.25362708221386354,0.0,1.0,0.9872881355932204,0.012711864406779662
09422,09,422,889,288,1,287,284,3,0.32395950506186727,0.003472222222222222,0.9965277777777778,0.9861111111111112,0.010416666666666666
09423,09,423,1272,369,0,369,364,5,0.29009433962264153,0.0,1.0,0.986449864498645,0.013550135501355014
09424,09,424,774,282,0,282,277,5,0.3643410852713178,0.0,1.0,0.9822695035460993,0.01773049645390071
09425,09,425,753,255,0,255,252,3,0.3386454183266932,0.0,1.0,0.9882352941176471,0.011764705882352941
09426,09,426,796,279,0,279,278,1,0.35050251256281406,0.0,1.0,0.996415770609319,0.0035842293906810036
09427,09,427,739,222,0,222,220,2,0.3004059539918809,0.0,1.0,0.990990990990991,0.009009009009009009
09428,09,428,366,131,0,131,130,1,0.35792349726775957,0.0,1.0,0.9923664122137404,0.007633587786259542
09429,09,429,2785,748,0,748,746,2,0.26858168761220824,0.0,1.0,0.9973262032085561,0.00267379679144385
09432,09,432,3380,722,1,721,711,10,0.2136094674556213,0.0013850415512465374,0.9986149584487535,0.9847645429362881,0.013850415512465374
09436,09,436,1667,527,0,527,519,8,0.3161367726454709,0.0,1.0,0.9848197343453511,0.015180265654648957
09501,09,501,864,190,0,190,187,3,0.2199074074074074,0.0,1.0,0.9842105263157894,0.015789473684210527
09502,09,502,766,141,0,141,137,4,0.18407310704960836,0.0,1.0,0.9716312056737588,0.028368794326241134
09503,09,503,830,201,0,201,197,4,0.2421686746987952,0.0,1.0,0.9800995024875622,0.01990049751243781
09504,09,504,971,297,1,296,295,1,0.305870236869207,0.003367003367003367,0.9966329966329966,0.9932659932659933,0.003367003367003367
09505,09,505,1079,356,0,356,349,7,0.329935125115848,0.0,1.0,0.9803370786516854,0.019662921348314606
09506,09,506,1594,567,0,567,557,10,0.35570890840652447,0.0,1.0,0.982363315696649,0.01763668430335097
09508,09,508,1327,366,2,364,361,3,0.27581009796533534,0.00546448087431694,0.994535519125683,0.9863387978142076,0.00819672131147541
09510,09,510,1577,386,0,386,382,4,0.2447685478757134,0.0,1.0,0.9896373056994818,0.010362694300518135
09512,09,512,553,81,0,81,79,2,0.14647377938517178,0.0,1.0,0.9753086419753086,0.024691358024691357
09513,09,513,911,243,0,243,240,3,0.2667398463227223,0.0,1.0,0.9876543209876543,0.012345679012345678
09514,09,514,702,175,0,175,172,3,0.2492877492877493,0.0,1.0,0.9828571428571429,0.017142857142857144
09515,09,515,2208,371,1,370,361,9,0.16802536231884058,0.0026954177897574125,0.9973045822102425,0.9730458221024259,0.02425876010781671
09518,09,518,1194,250,0,250,246,4,0.20938023450586266,0.0,1.0,0.984,0.016
09519,09,519,3286,985,0,985,963,22,0.29975654290931225,0.0,1.0,0.9776649746192894,0.02233502538071066
09522,09,522,3077,1112,0,1112,1100,12,0.36139096522586933,0.0,1.0,0.9892086330935251,0.01079136690647482
09525,09,525,2146,661,1,660,651,9,0.3080149114631873,0.0015128593040847202,0.9984871406959153,0.9848714069591528,0.01361573373676248
09527,09,527,1526,459,0,459,452,7,0.300786369593709,0.0,1.0,0.9847494553376906,0.015250544662309368
09528,09,528,2380,951,2,949,946,3,0.39957983193277313,0.002103049421661409,0.9978969505783386,0.9947423764458465,0.0031545741324921135
09530,09,530,3191,1145,0,1145,1136,9,0.3588216859918521,0.0,1.0,0.9921397379912664,0.007860262008733625
09601,09,601,2845,1130,0,1130,1110,20,0.39718804920913886,0.0,1.0,0.9823008849557522,0.017699115044247787
09603,09,603,869,217,0,217,210,7,0.24971231300345226,0.0,1.0,0.967741935483871,0.03225806451612903
09604,09,604,1032,348,0,348,346,2,0.3372093023255814,0.0,1.0,0.9942528735632183,0.005747126436781609
09605,09,605,2021,701,1,700,696,4,0.34685799109351806,0.0014265335235378032,0.9985734664764622,0.992867332382311,0.005706134094151213
09608,09,608,1567,505,0,505,498,7,0.32227185705169115,0.0,1.0,0.9861386138613861,0.013861386138613862
09609,09,609,1467,513,0,513,504,9,0.3496932515337423,0.0,1.0,0.9824561403508771,0.017543859649122806
09611,09,611,2435,741,0,741,733,8,0.30431211498973304,0.0,1.0,0.9892037786774629,0.010796221322537112
09614,09,614,2664,971,1,970,966,4,0.3644894894894895,0.0010298661174047373,0.9989701338825953,0.9948506694129763,0.004119464469618949
09617,09,617,2325,772,0,772,766,6,0.33204301075268816,0.0,1.0,0.9922279792746114,0.007772020725388601
09619,09,619,768,285,0,285,278,7,0.37109375,0.0,1.0,0.9754385964912281,0.02456140350877193
09620,09,620,3461,1125,0,1125,1110,15,0.3250505634209766,0.0,1.0,0.9866666666666667,0.013333333333333334
09624,09,624,3567,1245,2,1243,1226,17,0.3490328006728343,0.001606425702811245,0.9983935742971888,0.9847389558232932,0.013654618473895583
09628,09,628,637,223,0,223,222,1,0.3500784929356358,0.0,1.0,0.9955156950672646,0.004484304932735426
09629,09,629,1426,432,1,431,426,5,0.302945301542777,0.0023148148148148147,0.9976851851851852,0.9861111111111112,0.011574074074074073
09630,09,630,1594,572,2,570,565,5,0.3588456712672522,0.0034965034965034965,0.9965034965034965,0.9877622377622378,0.008741258741258742
09631,09,631,1821,663,0,663,654,9,0.3640856672158155,0.0,1.0,0.9864253393665159,0.013574660633484163
09633,09,633,1278,413,0,413,410,3,0.32316118935837246,0.0,1.0,0.9927360774818402,0.007263922518159807
09634,09,634,1321,420,0,420,417,3,0.31794095382286147,0.0,1.0,0.9928571428571429,0.007142857142857143
101A,10,1A,0,590,1,589,577,12,inf,0.001694915254237288,0.9983050847457627,0.9779661016949153,0.020338983050847456
101B,10,1B,0,574,0,574,557,17,inf,0.0,1.0,0.9703832752613241,0.029616724738675958
101C,10,1C,0,588,0,588,573,15,inf,0.0,1.0,0.9744897959183674,0.025510204081632654
101D,10,1D,0,586,0,586,576,10,inf,0.0,1.0,0.9829351535836177,0.017064846416382253
101E,10,1E,0,579,1,578,569,9,inf,0.0017271157167530224,0.998272884283247,0.9827288428324698,0.015544041450777202
101F,10,1F,0,588,1,587,573,14,inf,0.0017006802721088435,0.9982993197278912,0.9744897959183674,0.023809523809523808
101G,10,1G,0,588,3,585,569,16,inf,0.00510204081632653,0.9948979591836735,0.967687074829932,0.027210884353741496
101H,10,1H,0,557,0,557,547,10,inf,0.0,1.0,0.9820466786355476,0.017953321364452424
101J,10,1J,0,541,0,541,534,7,inf,0.0,1.0,0.9870609981515711,0.012939001848428836
101K,10,1K,0,543,0,543,533,10,inf,0.0,1.0,0.9815837937384899,0.01841620626151013
101L,10,1L,0,541,0,541,529,12,inf,0.0,1.0,0.977818853974122,0.022181146025878003
101M,10,1M,0,567,1,566,556,10,inf,0.001763668430335097,0.9982363315696648,0.9805996472663139,0.01763668430335097
101N,10,1N,0,533,2,531,520,11,inf,0.00375234521575985,0.9962476547842402,0.975609756097561,0.020637898686679174
101O,10,1O,0,538,0,538,527,11,inf,0.0,1.0,0.9795539033457249,0.020446096654275093
101P,10,1P,0,532,1,531,520,11,inf,0.0018796992481203006,0.9981203007518797,0.9774436090225563,0.020676691729323307
101Q,10,1Q,0,541,0,541,535,6,inf,0.0,1.0,0.988909426987061,0.011090573012939002
10101,10,101,4288,591,0,591,577,14,0.13782649253731344,0.0,1.0,0.9763113367174281,0.023688663282571912
10102,10,102,4193,544,0,544,533,11,0.12974004292869068,0.0,1.0,0.9797794117647058,0.02022058823529412
10103,10,103,5305,819,1,818,806,12,0.15438265786993402,0.001221001221001221,0.9987789987789988,0.9841269841269841,0.014652014652014652
10104,10,104,3258,347,2,345,339,6,0.10650705954573358,0.005763688760806916,0.9942363112391931,0.9769452449567724,0.01729106628242075
10105,10,105,3700,669,0,669,661,8,0.18081081081081082,0.0,1.0,0.9880418535127056,0.01195814648729447
10106,10,106,2591,462,1,461,456,5,0.17830953299884214,0.0021645021645021645,0.9978354978354979,0.987012987012987,0.010822510822510822
10107,10,107,3691,645,0,645,631,14,0.17474939040910323,0.0,1.0,0.9782945736434109,0.021705426356589147
10201,10,201,4210,637,0,637,623,14,0.1513064133016627,0.0,1.0,0.978021978021978,0.02197802197802198
10202,10,202,3453,595,0,595,582,13,0.17231392991601505,0.0,1.0,0.9781512605042016,0.021848739495798318
10203,10,203,3837,801,2,799,787,12,0.20875684128225175,0.0024968789013732834,0.9975031210986267,0.982521847690387,0.0149812734082397
10204,10,204,3557,654,0,654,641,13,0.18386280573517008,0.0,1.0,0.9801223241590215,0.019877675840978593
10205,10,205,2402,602,3,599,589,10,0.25062447960033307,0.0049833887043189366,0.9950166112956811,0.978405315614618,0.016611295681063124
10206,10,206,3095,819,0,819,811,8,0.2646203554119548,0.0,1.0,0.9902319902319903,0.009768009768009768
10207,10,207,3967,666,2,664,651,13,0.16788505167632972,0.003003003003003003,0.996996996996997,0.9774774774774775,0.01951951951951952
10208,10,208,3488,807,0,807,797,10,0.23136467889908258,0.0,1.0,0.9876084262701363,0.012391573729863693
10301,10,301,4318,978,1,977,959,18,0.22649374710514128,0.0010224948875255625,0.9989775051124744,0.9805725971370143,0.018404907975460124
10302,10,302,2443,652,1,651,641,10,0.2668849774866967,0.0015337423312883436,0.9984662576687117,0.9831288343558282,0.015337423312883436
10303,10,303,3863,1024,1,1023,1010,13,0.2650789541806886,0.0009765625,0.9990234375,0.986328125,0.0126953125
10304,10,304,4322,1062,1,1061,1048,13,0.24571957427117075,0.0009416195856873823,0.9990583804143126,0.9868173258003766,0.01224105461393597
10305,10,305,4205,818,0,818,812,6,0.19453032104637336,0.0,1.0,0.9926650366748166,0.007334963325183374
10306,10,306,1584,468,0,468,465,3,0.29545454545454547,0.0,1.0,0.9935897435897436,0.00641025641025641
10307,10,307,4077,444,1,443,432,11,0.10890360559234731,0.0022522522522522522,0.9977477477477478,0.972972972972973,0.024774774774774775
10308,10,308,3673,589,1,588,581,7,0.1603593792540158,0.001697792869269949,0.99830220713073,0.9864176570458404,0.011884550084889643
10309,10,309,4031,520,1,519,507,12,0.12900024807740015,0.0019230769230769232,0.9980769230769231,0.975,0.023076923076923078
10401,10,401,3797,774,2,772,762,10,0.2038451409007111,0.002583979328165375,0.9974160206718347,0.9844961240310077,0.012919896640826873
10402,10,402,3742,1024,2,1022,993,29,0.273650454302512,0.001953125,0.998046875,0.9697265625,0.0283203125
10403,10,403,4233,1137,0,1137,1126,11,0.26860382707299785,0.0,1.0,0.990325417766051,0.009674582233948988
10404,10,404,3640,1092,0,1092,1085,7,0.3,0.0,1.0,0.9935897435897436,0.00641025641025641
10405,10,405,3049,538,0,538,533,5,0.1764512955067235,0.0,1.0,0.9907063197026023,0.00929368029739777
10406,10,406,1165,318,0,318,310,8,0.2729613733905579,0.0,1.0,0.9748427672955975,0.025157232704402517
10407,10,407,1580,539,0,539,535,4,0.3411392405063291,0.0,1.0,0.9925788497217068,0.0074211502782931356
10408,10,408,2334,717,2,715,707,8,0.30719794344473006,0.002789400278940028,0.99721059972106,0.9860529986052998,0.011157601115760111
10409,10,409,2087,778,0,778,766,12,0.3727839003354097,0.0,1.0,0.9845758354755784,0.015424164524421594
10410,10,410,1246,431,0,431,416,15,0.34590690208667735,0.0,1.0,0.9651972157772621,0.03480278422273782
10411,10,411,1401,453,0,453,453,0,0.3233404710920771,0.0,1.0,1.0,0.0
10501,10,501,3385,1153,1,1152,1145,7,0.34062038404726735,0.0008673026886383347,0.9991326973113617,0.9930615784908933,0.006071118820468344
10502,10,502,1272,380,0,380,374,6,0.29874213836477986,0.0,1.0,0.9842105263157894,0.015789473684210527
10503,10,503,2551,838,0,838,835,3,0.3284986279890239,0.0,1.0,0.9964200477326969,0.003579952267303103
10504,10,504,2520,794,0,794,786,8,0.31507936507936507,0.0,1.0,0.9899244332493703,0.010075566750629723
10505,10,505,2434,825,5,820,808,12,0.3389482333607231,0.006060606060606061,0.9939393939393939,0.9793939393939394,0.014545454545454545
10506,10,506,2493,875,0,875,860,15,0.3509827517047734,0.0,1.0,0.9828571428571429,0.017142857142857144
10507,10,507,2540,844,0,844,839,5,0.33228346456692914,0.0,1.0,0.9940758293838863,0.005924170616113744
10508,10,508,1235,490,0,490,487,3,0.3967611336032389,0.0,1.0,0.9938775510204082,0.006122448979591836
10509,10,509,2669,843,1,842,835,7,0.3158486324466092,0.0011862396204033216,0.9988137603795967,0.9905100830367735,0.00830367734282325
10510,10,510,2504,723,0,723,714,9,0.28873801916932906,0.0,1.0,0.9875518672199171,0.012448132780082987
10511,10,511,1137,382,0,382,381,1,0.335971855760774,0.0,1.0,0.9973821989528796,0.002617801047120419
10512,10,512,2186,759,0,759,750,9,0.34720951509606585,0.0,1.0,0.9881422924901185,0.011857707509881422
10513,10,513,1049,376,1,375,374,1,0.35843660629170637,0.0026595744680851063,0.9973404255319149,0.9946808510638298,0.0026595744680851063
10514,10,514,3710,1236,0,1236,1224,12,0.33315363881401616,0.0,1.0,0.9902912621359223,0.009708737864077669
10601,10,601,2277,371,0,371,355,16,0.1629336846728151,0.0,1.0,0.9568733153638814,0.0431266846361186
10602,10,602,2233,329,0,329,325,4,0.14733542319749215,0.0,1.0,0.9878419452887538,0.0121580547112462
10603,10,603,2679,606,4,602,586,16,0.22620380739081747,0.006600660066006601,0.9933993399339934,0.966996699669967,0.026402640264026403
10604,10,604,2789,576,2,574,565,9,0.20652563642882754,0.003472222222222222,0.9965277777777778,0.9809027777777778,0.015625
10605,10,605,2683,506,1,505,490,15,0.18859485650391353,0.001976284584980237,0.9980237154150198,0.9683794466403162,0.029644268774703556
10606,10,606,2530,457,0,457,447,10,0.1806324110671937,0.0,1.0,0.9781181619256017,0.02188183807439825
10607,10,607,1898,428,0,428,420,8,0.22550052687038988,0.0,1.0,0.9813084112149533,0.018691588785046728
10608,10,608,2740,759,0,759,754,5,0.277007299270073,0.0,1.0,0.9934123847167325,0.006587615283267457
10609,10,609,764,299,0,299,296,3,0.3913612565445026,0.0,1.0,0.9899665551839465,0.010033444816053512
10610,10,610,1032,339,1,338,332,6,0.32848837209302323,0.0029498525073746312,0.9970501474926253,0.9793510324483776,0.017699115044247787
10611,10,611,1853,471,1,470,465,5,0.2541824069077172,0.0021231422505307855,0.9978768577494692,0.9872611464968153,0.010615711252653927
10612,10,612,2188,661,0,661,655,6,0.30210237659963435,0.0,1.0,0.9909228441754917,0.009077155824508321
10613,10,613,2668,635,0,635,621,14,0.23800599700149924,0.0,1.0,0.9779527559055118,0.02204724409448819
10701,10,701,1398,229,0,229,227,2,0.16380543633762518,0.0,1.0,0.9912663755458515,0.008733624454148471
10702,10,702,3748,636,0,636,627,9,0.16969050160085378,0.0,1.0,0.9858490566037735,0.014150943396226415
10703,10,703,3441,354,1,353,345,8,0.1028770706190061,0.002824858757062147,0.9971751412429378,0.9745762711864406,0.022598870056497175
10704,10,704,2838,389,0,389,380,9,0.13706835799859055,0.0,1.0,0.9768637532133676,0.02313624678663239
10705,10,705,1826,277,0,277,275,2,0.15169769989047097,0.0,1.0,0.9927797833935018,0.007220216606498195
10706,10,706,2039,433,1,432,422,10,0.21235899950956352,0.0023094688221709007,0.9976905311778291,0.9745958429561201,0.023094688221709007
10707,10,707,3416,731,0,731,713,18,0.21399297423887587,0.0,1.0,0.9753761969904241,0.024623803009575923
10708,10,708,2496,373,0,373,367,6,0.14943910256410256,0.0,1.0,0.9839142091152815,0.0160857908847185
10709,10,709,3602,477,1,476,465,11,0.13242642976124375,0.0020964360587002098,0.9979035639412998,0.9748427672955975,0.023060796645702306
10710,10,710,1889,302,0,302,298,4,0.1598729486500794,0.0,1.0,0.9867549668874173,0.013245033112582781
111A,11,1A,0,195,0,195,194,1,inf,0.0,1.0,0.9948717948717949,0.005128205128205128
111B,11,1B,0,374,0,374,362,12,inf,0.0,1.0,0.9679144385026738,0.03208556149732621
111C,11,1C,0,303,0,303,290,13,inf,0.0,1.0,0.9570957095709571,0.0429042904290429
111D,11,1D,0,222,0,222,219,3,inf,0.0,1.0,0.9864864864864865,0.013513513513513514
112A,11,2A,0,276,0,276,270,6,inf,0.0,1.0,0.9782608695652174,0.021739130434782608
112B,11,2B,0,445,0,445,432,13,inf,0.0,1.0,0.9707865168539326,0.029213483146067417
112C,11,2C,0,451,0,451,444,7,inf,0.0,1.0,0.9844789356984479,0.015521064301552107
112D,11,2D,0,328,0,328,323,5,inf,0.0,1.0,0.9847560975609756,0.01524390243902439
113A,11,3A,0,444,1,443,426,17,inf,0.0022522522522522522,0.9977477477477478,0.9594594594594594,0.038288288288288286
113B,11,3B,0,564,0,564,552,12,inf,0.0,1.0,0.9787234042553191,0.02127659574468085
113C,11,3C,0,329,0,329,320,9,inf,0.0,1.0,0.9726443768996961,0.02735562310030395
114A,11,4A,0,659,1,658,640,18,inf,0.0015174506828528073,0.9984825493171472,0.9711684370257967,0.027314112291350532
114B,11,4B,0,626,1,625,609,16,inf,0.001597444089456869,0.9984025559105432,0.9728434504792333,0.025559105431309903
114C,11,4C,0,425,1,424,404,20,inf,0.002352941176470588,0.9976470588235294,0.9505882352941176,0.047058823529411764
115A,11,5A,0,520,0,520,501,19,inf,0.0,1.0,0.9634615384615385,0.03653846153846154
115B,11,5B,0,512,0,512,496,16,inf,0.0,1.0,0.96875,0.03125
115C,11,5C,0,403,0,403,394,9,inf,0.0,1.0,0.9776674937965261,0.022332506203473945
116A,11,6A,0,517,2,515,501,14,inf,0.0038684719535783366,0.9961315280464217,0.9690522243713733,0.027079303675048357
116B,11,6B,0,666,0,666,646,20,inf,0.0,1.0,0.96996996996997,0.03003003003003003
116C,11,6C,0,546,2,544,526,18,inf,0.003663003663003663,0.9963369963369964,0.9633699633699634,0.03296703296703297
11101,11,101,3451,474,0,474,462,12,0.13735149232106636,0.0,1.0,0.9746835443037974,0.02531645569620253
11102,11,102,1068,271,0,271,271,0,0.25374531835205993,0.0,1.0,1.0,0.0
11103,11,103,1036,224,0,224,222,2,0.21621621621621623,0.0,1.0,0.9910714285714286,0.008928571428571428
11104,11,104,2785,453,3,450,439,11,0.16265709156193897,0.006622516556291391,0.9933774834437086,0.9690949227373068,0.024282560706401765
11107,11,107,3640,578,1,577,567,10,0.15879120879120878,0.0017301038062283738,0.9982698961937716,0.9809688581314879,0.01730103806228374
11109,11,109,3312,463,0,463,450,13,0.13979468599033817,0.0,1.0,0.9719222462203023,0.028077753779697623
11110,11,110,3409,539,0,539,528,11,0.15811088295687886,0.0,1.0,0.9795918367346939,0.02040816326530612
11111,11,111,2812,434,0,434,423,11,0.15433854907539118,0.0,1.0,0.9746543778801844,0.02534562211981567
11115,11,115,3159,431,1,430,417,13,0.13643558088002533,0.002320185614849188,0.9976798143851509,0.9675174013921114,0.030162412993039442
11117,11,117,3036,343,0,343,326,17,0.1129776021080369,0.0,1.0,0.9504373177842566,0.04956268221574344
11119,11,119,3451,448,0,448,440,8,0.12981744421906694,0.0,1.0,0.9821428571428571,0.017857142857142856
11201,11,201,1577,256,0,256,255,1,0.16233354470513633,0.0,1.0,0.99609375,0.00390625
11202,11,202,2767,481,1,480,469,11,0.1738344777737622,0.002079002079002079,0.997920997920998,0.975051975051975,0.02286902286902287
11204,11,204,2645,334,0,334,328,6,0.12627599243856333,0.0,1.0,0.9820359281437125,0.017964071856287425
11206,11,206,3483,475,1,475,461,14,0.13637668676428366,0.002105263157894737,1.0,0.9705263157894737,0.029473684210526315
11208,11,208,3222,645,1,644,636,8,0.20018621973929238,0.0015503875968992248,0.9984496124031008,0.986046511627907,0.012403100775193798
11209,11,209,3268,719,2,717,709,8,0.22001223990208077,0.0027816411682892906,0.9972183588317107,0.9860917941585535,0.011126564673157162
11211,11,211,2115,374,0,374,368,6,0.1768321513002364,0.0,1.0,0.983957219251337,0.016042780748663103
11213,11,213,3103,677,1,676,661,15,0.21817595874959717,0.0014771048744460858,0.9985228951255539,0.9763663220088626,0.022156573116691284
11215,11,215,2937,516,0,515,506,9,0.17568947906026558,0.0,0.998062015503876,0.9806201550387597,0.01744186046511628
11217,11,217,1934,392,0,392,381,11,0.20268872802481902,0.0,1.0,0.9719387755102041,0.02806122448979592
11218,11,218,3109,598,1,597,583,14,0.19234480540366677,0.0016722408026755853,0.9983277591973244,0.9749163879598662,0.023411371237458192
11219,11,219,3257,647,0,647,627,20,0.1986490635554191,0.0,1.0,0.9690880989180835,0.030911901081916538
11301,11,301,2821,698,1,697,687,10,0.24742998936547322,0.0014326647564469914,0.998567335243553,0.9842406876790831,0.014326647564469915
11303,11,303,1870,377,2,375,364,11,0.2016042780748663,0.005305039787798408,0.9946949602122016,0.9655172413793104,0.029177718832891247
11304,11,304,3534,582,0,582,564,18,0.16468590831918506,0.0,1.0,0.9690721649484536,0.030927835051546393
11305,11,305,3557,603,0,602,587,15,0.16952488051728984,0.0,0.9983416252072969,0.9734660033167496,0.024875621890547265
11308,11,308,3133,462,1,465,456,9,0.14746249601021386,0.0021645021645021645,1.0064935064935066,0.987012987012987,0.01948051948051948
11310,11,310,3138,566,1,566,559,7,0.18036966220522627,0.0017667844522968198,1.0,0.9876325088339223,0.012367491166077738
11312,11,312,2721,510,1,509,501,8,0.1874310915104741,0.00196078431372549,0.9980392156862745,0.9823529411764705,0.01568627450980392
11314,11,314,3267,642,0,642,637,5,0.19651056014692378,0.0,1.0,0.9922118380062306,0.00778816199376947
11316,11,316,1948,416,0,416,410,6,0.2135523613963039,0.0,1.0,0.9855769230769231,0.014423076923076924
11317,11,317,2402,461,0,461,451,10,0.19192339716902582,0.0,1.0,0.9783080260303688,0.021691973969631236
11319,11,319,1248,98,0,98,96,2,0.07852564102564102,0.0,1.0,0.9795918367346939,0.02040816326530612
11320,11,320,2010,361,0,361,347,14,0.17960199004975125,0.0,1.0,0.961218836565097,0.038781163434903045
11321,11,321,1979,546,0,546,526,20,0.27589691763516927,0.0,1.0,0.9633699633699634,0.03663003663003663
11401,11,401,3275,604,0,604,593,11,0.18442748091603053,0.0,1.0,0.9817880794701986,0.018211920529801324
11403,11,403,3654,904,1,903,887,16,0.24740010946907498,0.0011061946902654867,0.9988938053097345,0.9811946902654868,0.017699115044247787
11405,11,405,3546,730,0,730,720,10,0.20586576424139877,0.0,1.0,0.9863013698630136,0.0136986301369863
11407,11,407,2622,486,1,485,481,4,0.1853546910755149,0.00205761316872428,0.9979423868312757,0.9897119341563786,0.00823045267489712
11409,11,409,4054,713,1,712,698,14,0.1758756783423779,0.001402524544179523,0.9985974754558204,0.9789621318373072,0.019635343618513323
11411,11,411,3197,665,0,665,657,8,0.20800750703784798,0.0,1.0,0.98796992481203,0.012030075187969926
11413,11,413,3370,549,0,549,545,4,0.1629080118694362,0.0,1.0,0.9927140255009107,0.007285974499089253
11414,11,414,4013,739,0,739,725,14,0.18415150760029902,0.0,1.0,0.9810554803788903,0.018944519621109608
11416,11,416,1810,284,0,284,276,8,0.1569060773480663,0.0,1.0,0.971830985915493,0.028169014084507043
11418,11,418,3175,836,0,835,816,19,0.26330708661417324,0.0,0.9988038277511961,0.9760765550239234,0.022727272727272728
11419,11,419,2590,569,0,570,541,29,0.21969111969111968,0.0,1.0017574692442883,0.9507908611599297,0.050966608084358524
11420,11,420,1354,346,1,345,342,3,0.2555391432791728,0.002890173410404624,0.9971098265895953,0.9884393063583815,0.008670520231213872
11501,11,501,3115,400,0,400,390,10,0.12841091492776885,0.0,1.0,0.975,0.025
11502,11,502,2997,482,0,482,469,13,0.1608274941608275,0.0,1.0,0.9730290456431535,0.026970954356846474
11504,11,504,3550,540,0,540,534,6,0.15211267605633802,0.0,1.0,0.9888888888888889,0.011111111111111112
11505,11,505,3546,682,0,682,669,13,0.19232938522278623,0.0,1.0,0.9809384164222874,0.01906158357771261
11506,11,506,3829,741,0,741,734,7,0.19352311308435624,0.0,1.0,0.99055330634278,0.009446693657219974
11508,11,508,3612,745,5,740,726,14,0.20625692137320045,0.006711409395973154,0.9932885906040269,0.974496644295302,0.01879194630872483
11512,11,512,2365,329,0,329,319,10,0.13911205073995772,0.0,1.0,0.9696048632218845,0.030395136778115502
11513,11,513,2127,305,0,305,302,3,0.14339445228020686,0.0,1.0,0.9901639344262295,0.009836065573770493
11514,11,514,2119,388,0,388,378,10,0.18310523831996225,0.0,1.0,0.9742268041237113,0.02577319587628866
11515,11,515,2135,568,0,568,561,7,0.26604215456674474,0.0,1.0,0.9876760563380281,0.01232394366197183
11517,11,517,2864,587,0,587,583,4,0.2049581005586592,0.0,1.0,0.9931856899488927,0.0068143100511073255
11519,11,519,1924,338,0,338,334,4,0.17567567567567569,0.0,1.0,0.9881656804733728,0.011834319526627219
11601,11,601,2104,586,0,586,575,11,0.2785171102661597,0.0,1.0,0.9812286689419796,0.01877133105802048
11602,11,602,2656,625,0,625,620,5,0.23531626506024098,0.0,1.0,0.992,0.008
11603,11,603,1849,477,0,477,468,9,0.25797728501892914,0.0,1.0,0.9811320754716981,0.018867924528301886
11604,11,604,3692,900,0,900,863,37,0.2437703141928494,0.0,1.0,0.9588888888888889,0.04111111111111111
11606,11,606,1868,643,1,642,624,18,0.3442184154175589,0.0015552099533437014,0.9984447900466563,0.9704510108864697,0.027993779160186624
11608,11,608,3044,576,1,575,566,9,0.18922470433639949,0.001736111111111111,0.9982638888888888,0.9826388888888888,0.015625
11610,11,610,2854,505,2,503,495,8,0.1769446391030133,0.0039603960396039604,0.996039603960396,0.9801980198019802,0.015841584158415842
11612,11,612,2029,679,0,679,664,15,0.334647609659931,0.0,1.0,0.9779086892488954,0.022091310751104567
11613,11,613,3451,836,0,836,827,9,0.24224862358736599,0.0,1.0,0.9892344497607656,0.01076555023923445
11614,11,614,2359,527,2,525,514,11,0.22339974565493853,0.003795066413662239,0.9962049335863378,0.9753320683111955,0.020872865275142316
11617,11,617,2454,621,0,622,615,7,0.2530562347188264,0.0,1.001610305958132,0.9903381642512077,0.011272141706924315
11619,11,619,2340,546,1,545,528,17,0.23333333333333334,0.0018315018315018315,0.9981684981684982,0.967032967032967,0.031135531135531136
11620,11,620,2471,688,0,688,682,6,0.2784297855119385,0.0,1.0,0.9912790697674418,0.00872093023255814
11622,11,622,1650,432,1,431,428,3,0.26181818181818184,0.0023148148148148147,0.9976851851851852,0.9907407407407407,0.006944444444444444
121A,12,1A,0,277,0,277,266,11,inf,0.0,1.0,0.9602888086642599,0.039711191335740074
121B,12,1B,0,233,0,233,222,11,inf,0.0,1.0,0.9527896995708155,0.04721030042918455
121C,12,1C,0,360,1,359,356,3,inf,0.002777777777777778,0.9972222222222222,0.9888888888888889,0.008333333333333333
121D,12,1D,0,312,0,312,306,6,inf,0.0,1.0,0.9807692307692307,0.019230769230769232
122A,12,2A,0,556,1,555,542,13,inf,0.0017985611510791368,0.9982014388489209,0.9748201438848921,0.023381294964028777
122B,12,2B,0,441,0,441,433,8,inf,0.0,1.0,0.981859410430839,0.018140589569160998
122C,12,2C,0,366,0,366,361,5,inf,0.0,1.0,0.9863387978142076,0.01366120218579235
122D,12,2D,0,280,0,280,274,6,inf,0.0,1.0,0.9785714285714285,0.02142857142857143
123A,12,3A,0,589,0,589,582,7,inf,0.0,1.0,0.9881154499151104,0.011884550084889643
123B,12,3B,0,681,0,681,668,13,inf,0.0,1.0,0.9809104258443465,0.01908957415565345
123C,12,3C,0,655,0,655,647,8,inf,0.0,1.0,0.9877862595419847,0.012213740458015267
123D,12,3D,0,302,0,302,299,3,inf,0.0,1.0,0.9900662251655629,0.009933774834437087
124A,12,4A,0,533,3,530,522,8,inf,0.005628517823639775,0.9943714821763602,0.9793621013133208,0.0150093808630394
124B,12,4B,0,444,1,443,436,7,inf,0.0022522522522522522,0.9977477477477478,0.9819819819819819,0.015765765765765764
124C,12,4C,0,591,0,591,583,8,inf,0.0,1.0,0.9864636209813875,0.01353637901861252
124D,12,4D,0,434,0,434,426,8,inf,0.0,1.0,0.9815668202764977,0.018433179723502304
125A,12,5A,0,438,0,438,433,5,inf,0.0,1.0,0.9885844748858448,0.01141552511415525
125B,12,5B,0,225,0,225,222,3,inf,0.0,1.0,0.9866666666666667,0.013333333333333334
125C,12,5C,0,227,0,227,218,9,inf,0.0,1.0,0.960352422907489,0.039647577092511016
125D,12,5D,0,311,0,311,302,9,inf,0.0,1.0,0.9710610932475884,0.028938906752411574
126A,12,6A,0,523,0,523,516,7,inf,0.0,1.0,0.9866156787762906,0.01338432122370937
126B,12,6B,0,555,0,555,546,9,inf,0.0,1.0,0.9837837837837838,0.016216216216216217
126C,12,6C,0,741,1,740,728,12,inf,0.001349527665317139,0.9986504723346828,0.9824561403508771,0.016194331983805668
126D,12,6D,0,666,0,666,654,12,inf,0.0,1.0,0.9819819819819819,0.018018018018018018
12101,12,101,1189,221,0,221,219,2,0.18587047939444912,0.0,1.0,0.9909502262443439,0.00904977375565611
12102,12,102,966,181,0,181,178,3,0.1873706004140787,0.0,1.0,0.9834254143646409,0.016574585635359115
12103,12,103,863,135,0,135,132,3,0.1564310544611819,0.0,1.0,0.9777777777777777,0.022222222222222223
12104,12,104,958,134,1,133,130,3,0.13987473903966596,0.007462686567164179,0.9925373134328358,0.9701492537313433,0.022388059701492536
12105,12,105,843,110,0,110,107,3,0.13048635824436536,0.0,1.0,0.9727272727272728,0.02727272727272727
12106,12,106,1155,189,1,188,180,8,0.16363636363636364,0.005291005291005291,0.9947089947089947,0.9523809523809523,0.042328042328042326
12107,12,107,1306,304,0,304,299,5,0.2327718223583461,0.0,1.0,0.9835526315789473,0.01644736842105263
12108,12,108,856,162,0,162,159,3,0.18925233644859812,0.0,1.0,0.9814814814814815,0.018518518518518517
12109,12,109,977,123,1,122,121,1,0.12589559877175024,0.008130081300813009,0.991869918699187,0.983739837398374,0.008130081300813009
12110,12,110,923,174,1,173,166,7,0.18851570964247022,0.005747126436781609,0.9942528735632183,0.9540229885057471,0.040229885057471264
12111,12,111,989,131,0,131,130,1,0.13245702730030334,0.0,1.0,0.9923664122137404,0.007633587786259542
12112,12,112,1250,297,0,297,287,10,0.2376,0.0,1.0,0.9663299663299664,0.03367003367003367
12113,12,113,678,144,0,144,141,3,0.21238938053097345,0.0,1.0,0.9791666666666666,0.020833333333333332
12114,12,114,1794,270,1,269,260,9,0.1505016722408027,0.003703703703703704,0.9962962962962963,0.9629629629629629,0.03333333333333333
12115,12,115,676,116,0,116,112,4,0.17159763313609466,0.0,1.0,0.9655172413793104,0.034482758620689655
12116,12,116,1106,165,0,165,161,4,0.1491862567811935,0.0,1.0,0.9757575757575757,0.024242424242424242
12117,12,117,2083,319,0,319,312,7,0.1531445031204993,0.0,1.0,0.9780564263322884,0.0219435736677116
12118,12,118,1832,252,0,252,245,7,0.13755458515283842,0.0,1.0,0.9722222222222222,0.027777777777777776
12119,12,119,1335,189,0,189,185,4,0.14157303370786517,0.0,1.0,0.9788359788359788,0.021164021164021163
12120,12,120,1582,263,1,262,258,4,0.16624525916561314,0.0038022813688212928,0.9961977186311787,0.9809885931558935,0.015209125475285171
12121,12,121,1086,170,0,170,160,10,0.15653775322283608,0.0,1.0,0.9411764705882353,0.058823529411764705
12122,12,122,798,142,0,142,140,2,0.17794486215538846,0.0,1.0,0.9859154929577465,0.014084507042253521
12123,12,123,1553,222,0,222,220,2,0.14294913071474566,0.0,1.0,0.990990990990991,0.009009009009009009
12124,12,124,1056,124,0,124,122,2,0.11742424242424243,0.0,1.0,0.9838709677419355,0.016129032258064516
12125,12,125,800,105,0,105,100,5,0.13125,0.0,1.0,0.9523809523809523,0.047619047619047616
12126,12,126,1576,239,0,239,232,7,0.1516497461928934,0.0,1.0,0.9707112970711297,0.029288702928870293
12201,12,201,1733,447,0,447,438,9,0.257934218118869,0.0,1.0,0.9798657718120806,0.020134228187919462
12202,12,202,1949,420,0,420,415,5,0.21549512570548998,0.0,1.0,0.9880952380952381,0.011904761904761904
12203,12,203,1438,390,0,390,386,4,0.2712100139082058,0.0,1.0,0.9897435897435898,0.010256410256410256
12204,12,204,792,275,1,274,269,5,0.3472222222222222,0.0036363636363636364,0.9963636363636363,0.9781818181818182,0.01818181818181818
12205,12,205,804,202,0,202,197,5,0.2512437810945274,0.0,1.0,0.9752475247524752,0.024752475247524754
12206,12,206,1229,174,0,174,173,1,0.14157851912123678,0.0,1.0,0.9942528735632183,0.005747126436781609
12207,12,207,1591,343,0,343,339,4,0.21558768070395978,0.0,1.0,0.9883381924198251,0.011661807580174927
12208,12,208,1010,125,0,125,120,5,0.12376237623762376,0.0,1.0,0.96,0.04
12209,12,209,769,116,0,116,113,3,0.1508452535760728,0.0,1.0,0.9741379310344828,0.02586206896551724
12210,12,210,2000,379,0,379,374,5,0.1895,0.0,1.0,0.9868073878627969,0.013192612137203167
12211,12,211,1603,379,0,379,373,6,0.2364316905801622,0.0,1.0,0.9841688654353562,0.0158311345646438
12212,12,212,1513,334,0,334,326,8,0.22075346992729677,0.0,1.0,0.9760479041916168,0.023952095808383235
12213,12,213,1622,278,0,278,269,9,0.17139334155363747,0.0,1.0,0.9676258992805755,0.03237410071942446
12214,12,214,744,151,0,151,149,2,0.20295698924731181,0.0,1.0,0.9867549668874173,0.013245033112582781
12215,12,215,1764,336,0,336,330,6,0.19047619047619047,0.0,1.0,0.9821428571428571,0.017857142857142856
12216,12,216,1611,252,0,252,241,11,0.1564245810055866,0.0,1.0,0.9563492063492064,0.04365079365079365
12217,12,217,1452,255,0,255,249,6,0.1756198347107438,0.0,1.0,0.9764705882352941,0.023529411764705882
12218,12,218,1040,121,0,121,120,1,0.11634615384615385,0.0,1.0,0.9917355371900827,0.008264462809917356
12219,12,219,1220,218,0,218,216,2,0.17868852459016393,0.0,1.0,0.9908256880733946,0.009174311926605505
12220,12,220,1308,154,0,154,147,7,0.11773700305810397,0.0,1.0,0.9545454545454546,0.045454545454545456
12221,12,221,1553,243,0,243,238,5,0.15647134578235672,0.0,1.0,0.9794238683127572,0.0205761316872428
12222,12,222,1034,145,1,144,138,6,0.1402321083172147,0.006896551724137931,0.993103448275862,0.9517241379310345,0.041379310344827586
12223,12,223,597,241,0,241,240,1,0.4036850921273032,0.0,1.0,0.995850622406639,0.004149377593360996
12224,12,224,359,37,0,37,36,1,0.10306406685236769,0.0,1.0,0.972972972972973,0.02702702702702703
12301,12,301,1485,575,0,575,565,10,0.3872053872053872,0.0,1.0,0.9826086956521739,0.017391304347826087
12302,12,302,987,351,0,351,349,2,0.3556231003039514,0.0,1.0,0.9943019943019943,0.005698005698005698
12303,12,303,1095,389,0,389,385,4,0.3552511415525114,0.0,1.0,0.9897172236503856,0.010282776349614395
12304,12,304,697,226,0,226,223,3,0.3242467718794835,0.0,1.0,0.9867256637168141,0.01327433628318584
12305,12,305,1001,349,0,349,347,2,0.34865134865134867,0.0,1.0,0.994269340974212,0.0057306590257879654
12306,12,306,1645,546,0,546,534,12,0.33191489361702126,0.0,1.0,0.978021978021978,0.02197802197802198
12307,12,307,1816,722,1,721,714,7,0.3975770925110132,0.0013850415512465374,0.9986149584487535,0.9889196675900277,0.009695290858725761
12308,12,308,1327,467,0,467,461,6,0.3519216277317257,0.0,1.0,0.987152034261242,0.01284796573875803
12309,12,309,1093,325,0,325,323,2,0.29734675205855443,0.0,1.0,0.9938461538461538,0.006153846153846154
12310,12,310,1069,371,0,371,363,8,0.3470533208606174,0.0,1.0,0.9784366576819407,0.0215633423180593
12311,12,311,1127,439,0,439,434,5,0.3895297249334516,0.0,1.0,0.9886104783599089,0.011389521640091117
12312,12,312,1641,638,0,638,632,6,0.38878732480195005,0.0,1.0,0.9905956112852664,0.009404388714733543
12313,12,313,1459,440,0,440,435,5,0.3015764222069911,0.0,1.0,0.9886363636363636,0.011363636363636364
12314,12,314,1878,548,0,548,542,6,0.29179978700745474,0.0,1.0,0.9890510948905109,0.010948905109489052
12315,12,315,1486,489,1,488,480,8,0.32907133243607,0.002044989775051125,0.9979550102249489,0.9815950920245399,0.016359918200409
12316,12,316,1362,381,1,380,368,12,0.27973568281938327,0.0026246719160104987,0.9973753280839895,0.9658792650918635,0.031496062992125984
12317,12,317,1942,482,0,482,478,4,0.2481977342945417,0.0,1.0,0.991701244813278,0.008298755186721992
12318,12,318,685,283,0,283,281,2,0.4131386861313869,0.0,1.0,0.9929328621908127,0.007067137809187279
12319,12,319,1669,460,5,455,446,9,0.2756141402037148,0.010869565217391304,0.9891304347826086,0.9695652173913043,0.01956521739130435
12320,12,320,992,161,0,161,157,4,0.1622983870967742,0.0,1.0,0.9751552795031055,0.024844720496894408
12321,12,321,1286,287,0,287,284,3,0.22317262830482115,0.0,1.0,0.9895470383275261,0.010452961672473868
12322,12,322,1599,362,0,362,346,16,0.2263914946841776,0.0,1.0,0.9558011049723757,0.04419889502762431
12323,12,323,1111,352,1,351,344,7,0.31683168316831684,0.002840909090909091,0.9971590909090909,0.9772727272727273,0.019886363636363636
12324,12,324,252,91,0,91,91,0,0.3611111111111111,0.0,1.0,1.0,0.0
12401,12,401,1943,564,0,564,551,13,0.2902727740607308,0.0,1.0,0.9769503546099291,0.02304964539007092
12402,12,402,1202,244,1,243,237,6,0.20299500831946754,0.004098360655737705,0.9959016393442623,0.9713114754098361,0.02459016393442623
12403,12,403,790,232,0,232,227,5,0.2936708860759494,0.0,1.0,0.978448275862069,0.021551724137931036
12404,12,404,1624,281,0,281,271,10,0.1730295566502463,0.0,1.0,0.9644128113879004,0.03558718861209965
12405,12,405,1811,417,0,417,398,19,0.23025952512424075,0.0,1.0,0.9544364508393285,0.045563549160671464
12406,12,406,1972,467,1,466,462,4,0.236815415821501,0.0021413276231263384,0.9978586723768736,0.9892933618843683,0.008565310492505354
12407,12,407,1196,461,3,458,450,8,0.38545150501672243,0.006507592190889371,0.9934924078091106,0.9761388286334056,0.01735357917570499
12408,12,408,1193,305,0,305,300,5,0.25565800502933783,0.0,1.0,0.9836065573770492,0.01639344262295082
12409,12,409,677,157,0,157,155,2,0.23190546528803546,0.0,1.0,0.9872611464968153,0.012738853503184714
12410,12,410,1167,366,0,366,361,5,0.31362467866323906,0.0,1.0,0.9863387978142076,0.01366120218579235
12411,12,411,832,277,1,276,276,0,0.3329326923076923,0.0036101083032490976,0.9963898916967509,0.9963898916967509,0.0
12412,12,412,1994,613,1,612,602,10,0.3074222668004012,0.0016313213703099511,0.99836867862969,0.9820554649265906,0.01631321370309951
12413,12,413,1721,510,1,509,509,0,0.2963393375944218,0.00196078431372549,0.9980392156862745,0.9980392156862745,0.0
12414,12,414,891,214,0,214,212,2,0.24017957351290684,0.0,1.0,0.9906542056074766,0.009345794392523364
12415,12,415,1375,310,0,310,306,4,0.22545454545454546,0.0,1.0,0.9870967741935484,0.012903225806451613
12416,12,416,1497,355,0,355,348,7,0.23714094856379425,0.0,1.0,0.9802816901408451,0.01971830985915493
12417,12,417,1690,500,0,500,494,6,0.2958579881656805,0.0,1.0,0.988,0.012
12418,12,418,1209,201,0,201,194,7,0.1662531017369727,0.0,1.0,0.9651741293532339,0.03482587064676617
12419,12,419,1374,351,1,350,347,3,0.2554585152838428,0.002849002849002849,0.9971509971509972,0.9886039886039886,0.008547008547008548
12420,12,420,819,230,0,230,224,6,0.28083028083028083,0.0,1.0,0.9739130434782609,0.02608695652173913
12421,12,421,1255,335,0,335,332,3,0.26693227091633465,0.0,1.0,0.991044776119403,0.008955223880597015
12422,12,422,1631,343,0,343,332,11,0.21030042918454936,0.0,1.0,0.967930029154519,0.03206997084548105
12423,12,423,1464,305,0,305,303,2,0.20833333333333334,0.0,1.0,0.9934426229508196,0.006557377049180328
12424,12,424,777,205,0,205,201,4,0.26383526383526384,0.0,1.0,0.9804878048780488,0.01951219512195122
12425,12,425,1829,492,1,491,485,6,0.2689994532531438,0.0020325203252032522,0.9979674796747967,0.9857723577235772,0.012195121951219513
12426,12,426,737,195,0,195,195,0,0.2645861601085482,0.0,1.0,1.0,0.0
12501,12,501,874,303,0,303,301,2,0.34668192219679633,0.0,1.0,0.9933993399339934,0.006600660066006601
12502,12,502,1259,429,0,429,425,4,0.34074662430500396,0.0,1.0,0.9906759906759907,0.009324009324009324
12503,12,503,1781,575,1,574,564,10,0.3228523301516002,0.0017391304347826088,0.9982608695652174,0.9808695652173913,0.017391304347826087
12504,12,504,1412,221,1,220,217,3,0.1565155807365439,0.004524886877828055,0.995475113122172,0.9819004524886877,0.013574660633484163
12505,12,505,880,220,0,220,219,1,0.25,0.0,1.0,0.9954545454545455,0.004545454545454545
12506,12,506,717,134,0,134,131,3,0.18688981868898186,0.0,1.0,0.9776119402985075,0.022388059701492536
12507,12,507,872,124,0,124,121,3,0.14220183486238533,0.0,1.0,0.9758064516129032,0.024193548387096774
12508,12,508,550,71,0,71,71,0,0.1290909090909091,0.0,1.0,1.0,0.0
12509,12,509,1083,141,1,140,140,0,0.13019390581717452,0.0070921985815602835,0.9929078014184397,0.9929078014184397,0.0
12510,12,510,788,122,0,122,120,2,0.1548223350253807,0.0,1.0,0.9836065573770492,0.01639344262295082
12511,12,511,953,144,0,144,139,5,0.15110178384050368,0.0,1.0,0.9652777777777778,0.034722222222222224
12512,12,512,1024,228,0,228,225,3,0.22265625,0.0,1.0,0.9868421052631579,0.013157894736842105
12513,12,513,1461,178,0,178,173,5,0.1218343600273785,0.0,1.0,0.9719101123595506,0.028089887640449437
12514,12,514,397,35,0,35,35,0,0.08816120906801007,0.0,1.0,1.0,0.0
12515,12,515,797,112,0,112,107,5,0.14052697616060225,0.0,1.0,0.9553571428571429,0.044642857142857144
12516,12,516,1021,176,0,176,169,7,0.17238001958863858,0.0,1.0,0.9602272727272727,0.03977272727272727
12517,12,517,923,153,0,153,150,3,0.1657638136511376,0.0,1.0,0.9803921568627451,0.0196078431372549
12518,12,518,1012,263,0,263,261,2,0.2598814229249012,0.0,1.0,0.9923954372623575,0.0076045627376425855
12519,12,519,747,104,0,104,102,2,0.1392235609103079,0.0,1.0,0.9807692307692307,0.019230769230769232
12520,12,520,746,82,1,81,79,2,0.10991957104557641,0.012195121951219513,0.9878048780487805,0.9634146341463414,0.024390243902439025
12521,12,521,1113,301,0,301,299,2,0.27044025157232704,0.0,1.0,0.9933554817275747,0.006644518272425249
12522,12,522,692,121,0,121,117,4,0.17485549132947978,0.0,1.0,0.9669421487603306,0.03305785123966942
12523,12,523,743,87,0,87,83,4,0.11709286675639301,0.0,1.0,0.9540229885057471,0.04597701149425287
12524,12,524,1306,220,0,220,214,6,0.16845329249617153,0.0,1.0,0.9727272727272728,0.02727272727272727
12525,12,525,959,299,0,299,295,4,0.31178310740354537,0.0,1.0,0.9866220735785953,0.013377926421404682
12526,12,526,1586,271,1,270,261,9,0.1708701134930643,0.0036900369003690036,0.996309963099631,0.9630996309963099,0.033210332103321034
12527,12,527,1100,242,0,242,235,7,0.22,0.0,1.0,0.9710743801652892,0.028925619834710745
12601,12,601,271,66,0,66,65,1,0.24354243542435425,0.0,1.0,0.9848484848484849,0.015151515151515152
12602,12,602,1233,461,0,461,447,14,0.37388483373884834,0.0,1.0,0.9696312364425163,0.03036876355748373
12603,12,603,1070,334,0,334,331,3,0.3121495327102804,0.0,1.0,0.9910179640718563,0.008982035928143712
12604,12,604,1062,372,0,372,366,6,0.3502824858757062,0.0,1.0,0.9838709677419355,0.016129032258064516
12605,12,605,971,340,0,340,339,1,0.35015447991761073,0.0,1.0,0.9970588235294118,0.0029411764705882353
12606,12,606,1409,485,1,484,477,7,0.34421575585521647,0.002061855670103093,0.9979381443298969,0.9835051546391752,0.01443298969072165
12607,12,607,1016,283,0,283,279,4,0.2785433070866142,0.0,1.0,0.9858657243816255,0.014134275618374558
12608,12,608,807,263,0,263,261,2,0.32589838909541513,0.0,1.0,0.9923954372623575,0.0076045627376425855
12609,12,609,1455,459,0,459,456,3,0.3154639175257732,0.0,1.0,0.9934640522875817,0.006535947712418301
12610,12,610,1046,301,0,301,298,3,0.28776290630975143,0.0,1.0,0.9900332225913622,0.009966777408637873
12611,12,611,840,309,0,309,305,4,0.3678571428571429,0.0,1.0,0.9870550161812298,0.012944983818770227
12612,12,612,826,205,0,205,204,1,0.24818401937046006,0.0,1.0,0.9951219512195122,0.004878048780487805
12613,12,613,1111,313,0,313,308,5,0.28172817281728174,0.0,1.0,0.9840255591054313,0.01597444089456869
12614,12,614,1625,444,0,444,441,3,0.2732307692307692,0.0,1.0,0.9932432432432432,0.006756756756756757
12615,12,615,1758,540,0,540,533,7,0.30716723549488056,0.0,1.0,0.987037037037037,0.012962962962962963
12616,12,616,1452,486,0,486,479,7,0.3347107438016529,0.0,1.0,0.98559670781893,0.01440329218106996
12617,12,617,1151,309,0,309,303,6,0.2684622067767159,0.0,1.0,0.9805825242718447,0.019417475728155338
12618,12,618,1666,469,3,466,459,7,0.2815126050420168,0.006396588486140725,0.9936034115138592,0.9786780383795309,0.014925373134328358
12619,12,619,1446,489,1,488,487,1,0.3381742738589212,0.002044989775051125,0.9979550102249489,0.9959100204498977,0.002044989775051125
12620,12,620,1055,349,0,349,346,3,0.33080568720379144,0.0,1.0,0.9914040114613181,0.008595988538681949
12621,12,621,947,298,0,298,298,0,0.3146779303062302,0.0,1.0,1.0,0.0
12622,12,622,1088,386,0,386,381,5,0.3547794117647059,0.0,1.0,0.9870466321243523,0.012953367875647668
12623,12,623,933,362,0,362,357,5,0.3879957127545552,0.0,1.0,0.9861878453038674,0.013812154696132596
12624,12,624,1445,555,0,555,545,10,0.38408304498269896,0.0,1.0,0.9819819819819819,0.018018018018018018
12625,12,625,944,334,1,333,327,6,0.3538135593220339,0.0029940119760479044,0.9970059880239521,0.9790419161676647,0.017964071856287425
