id,district_id,electoral_district_id,eligible_voters,voters,invalid_votes,valid_votes,vote_yes,vote_no,voter_turnout,invalid_votes_percentage,valid_votes_percentage,vote_yes_percentage,vote_no_percentage
01100,01,100,1621,519,11,508,299,209,32.01727328809377,2.119460500963391,97.88053949903662,57.61078998073218,40.26974951830443
01101,01,101,953,366,6,360,182,178,38.40503672612802,1.639344262295082,98.36065573770492,49.72677595628415,48.63387978142077
01102,01,102,1283,406,8,398,217,181,31.644583008573658,1.9704433497536946,98.0295566502463,53.44827586206896,44.58128078817734
01103,01,103,1011,329,9,320,159,161,32.54203758654797,2.735562310030395,97.26443768996961,48.328267477203646,48.93617021276596
01104,01,104,1277,522,10,512,263,249,40.8770555990603,1.9157088122605364,98.08429118773945,50.38314176245211,47.701149425287355
01105,01,105,1010,425,6,419,273,146,42.07920792079208,1.411764705882353,98.58823529411764,64.23529411764706,34.35294117647059
01106,01,106,1428,536,10,526,248,278,37.53501400560224,1.8656716417910446,98.13432835820896,46.26865671641791,51.865671641791046
01107,01,107,1100,423,9,414,265,149,38.45454545454545,2.127659574468085,97.87234042553192,62.64775413711584,35.22458628841608
01108,01,108,1047,363,4,359,186,173,34.67048710601719,1.1019283746556474,98.89807162534436,51.2396694214876,47.658402203856745
01109,01,109,1094,359,15,344,227,117,32.81535648994516,4.178272980501393,95.82172701949861,63.231197771587745,32.590529247910865
01110,01,110,1253,568,11,557,308,249,45.33120510774142,1.936619718309859,98.06338028169014,54.22535211267606,43.83802816901409
01111,01,111,1003,422,12,410,238,172,42.073778664007975,2.843601895734597,97.1563981042654,56.39810426540285,40.758293838862556
01112,01,112,1153,481,8,473,300,173,41.7172593235039,1.6632016632016633,98.33679833679834,62.37006237006237,35.96673596673597
01113,01,113,1415,612,15,597,396,201,43.25088339222615,2.450980392156863,97.54901960784314,64.70588235294117,32.84313725490196
01114,01,114,1431,630,21,609,412,197,44.0251572327044,3.3333333333333335,96.66666666666667,65.39682539682539,31.26984126984127
01115,01,115,839,380,12,368,251,117,45.29201430274136,3.1578947368421053,96.84210526315789,66.05263157894737,30.789473684210527
01116,01,116,688,288,4,284,164,120,41.86046511627907,1.3888888888888888,98.61111111111111,56.94444444444444,41.66666666666667
01117,01,117,1331,598,24,574,363,211,44.92862509391435,4.013377926421405,95.9866220735786,60.70234113712375,35.28428093645485
01118,01,118,1298,597,8,589,364,225,45.993836671802775,1.340033500837521,98.65996649916248,60.971524288107204,37.68844221105528
01119,01,119,916,411,8,403,229,174,44.86899563318777,1.9464720194647203,98.05352798053528,55.71776155717762,42.33576642335766
01120,01,120,1023,448,6,442,296,146,43.79276637341153,1.3392857142857142,98.66071428571429,66.07142857142857,32.589285714285715
01121,01,121,1042,426,14,412,245,167,40.88291746641075,3.286384976525822,96.71361502347418,57.51173708920187,39.201877934272304
01122,01,122,1134,479,7,472,278,194,42.239858906525576,1.4613778705636742,98.53862212943632,58.037578288100214,40.50104384133611
01123,01,123,947,424,8,416,236,180,44.77296726504752,1.8867924528301887,98.11320754716981,55.660377358490564,42.45283018867924
01124,01,124,1271,465,13,452,303,149,36.58536585365854,2.795698924731183,97.20430107526882,65.16129032258064,32.043010752688176
01125,01,125,1507,553,15,538,296,242,36.695421366954214,2.7124773960216997,97.2875226039783,53.52622061482821,43.76130198915009
01200,01,200,865,345,7,338,218,120,39.884393063583815,2.0289855072463765,97.97101449275362,63.18840579710145,34.78260869565217
01201,01,201,1183,465,13,452,244,208,39.30684699915469,2.795698924731183,97.20430107526882,52.473118279569896,44.73118279569893
01202,01,202,1159,431,11,420,242,178,37.18723037100949,2.5522041763341066,97.4477958236659,56.148491879350345,41.29930394431555
01203,01,203,1535,506,8,498,298,200,32.964169381107496,1.5810276679841897,98.41897233201581,58.89328063241107,39.52569169960474
01204,01,204,1528,522,11,511,233,278,34.16230366492147,2.10727969348659,97.89272030651341,44.6360153256705,53.25670498084292
01205,01,205,1214,453,12,441,311,130,37.31466227347611,2.6490066225165565,97.35099337748345,68.65342163355407,28.697571743929362
01206,01,206,1310,486,13,473,305,168,37.099236641221374,2.674897119341564,97.32510288065843,62.757201646090536,34.5679012345679
01207,01,207,1066,429,10,419,314,105,40.243902439024396,2.331002331002331,97.66899766899768,73.1934731934732,24.475524475524477
01208,01,208,903,356,16,340,209,131,39.42414174972315,4.49438202247191,95.50561797752809,58.70786516853933,36.79775280898877
01209,01,209,1128,484,11,473,324,149,42.90780141843972,2.272727272727273,97.72727272727273,66.94214876033058,30.785123966942145
01210,01,210,1137,465,12,453,282,171,40.89709762532981,2.5806451612903225,97.41935483870968,60.64516129032258,36.774193548387096
01211,01,211,877,382,11,371,276,95,43.557582668187,2.8795811518324608,97.12041884816755,72.25130890052355,24.86910994764398
01212,01,212,866,371,13,358,217,141,42.840646651270205,3.5040431266846364,96.49595687331536,58.490566037735846,38.00539083557952
01213,01,213,602,231,14,217,143,74,38.372093023255815,6.0606060606060606,93.93939393939394,61.904761904761905,32.03463203463203
01214,01,214,827,282,13,269,166,103,34.09915356711004,4.609929078014184,95.39007092198581,58.86524822695035,36.52482269503546
01215,01,215,982,421,21,400,262,138,42.871690427698574,4.98812351543943,95.01187648456056,62.23277909738717,32.779097387173394
01216,01,216,945,363,11,352,241,111,38.41269841269842,3.0303030303030303,96.96969696969697,66.39118457300276,30.57851239669421
01217,01,217,1007,349,11,338,248,90,34.65739821251241,3.151862464183381,96.84813753581662,71.06017191977078,25.787965616045845
01218,01,218,974,412,20,392,256,136,42.299794661190965,4.854368932038835,95.14563106796116,62.13592233009708,33.00970873786408
01219,01,219,764,303,20,283,203,80,39.659685863874344,6.6006600660066,93.3993399339934,66.996699669967,26.4026402640264
01220,01,220,1026,370,5,365,245,120,36.06237816764132,1.3513513513513513,98.64864864864865,66.21621621621621,32.432432432432435
01221,01,221,1435,542,12,530,246,284,37.77003484320557,2.214022140221402,97.7859778597786,45.38745387453875,52.398523985239855
01222,01,222,843,344,6,338,251,87,40.80664294187426,1.744186046511628,98.25581395348837,72.96511627906976,25.290697674418606
01223,01,223,1518,606,11,595,297,298,39.920948616600796,1.8151815181518154,98.18481848184818,49.00990099009901,49.17491749174918
01224,01,224,1290,480,6,474,256,218,37.2093023255814,1.25,98.75,53.333333333333336,45.416666666666664
01225,01,225,1344,449,25,424,211,213,33.407738095238095,5.56792873051225,94.43207126948775,46.99331848552338,47.43875278396437
01226,01,226,719,250,7,243,165,78,34.770514603616135,2.8000000000000003,97.2,66.0,31.2
01227,01,227,1461,541,12,529,305,224,37.029431895961665,2.2181146025878005,97.78188539741221,56.37707948243993,41.40480591497228
01228,01,228,1183,435,17,418,234,184,36.770921386306,3.9080459770114944,96.0919540229885,53.79310344827586,42.298850574712645
01229,01,229,1065,395,12,383,232,151,37.08920187793427,3.0379746835443036,96.9620253164557,58.734177215189874,38.22784810126582
01300,01,300,1199,473,14,459,342,117,39.44954128440367,2.9598308668076108,97.04016913319239,72.3044397463002,24.735729386892178
01301,01,301,936,370,5,365,261,104,39.52991452991453,1.3513513513513513,98.64864864864865,70.54054054054055,28.10810810810811
01302,01,302,1135,489,25,464,337,127,43.08370044052863,5.112474437627812,94.88752556237219,68.9161554192229,25.971370143149286
01303,01,303,893,351,12,339,261,78,39.305711086226204,3.418803418803419,96.58119658119658,74.35897435897436,22.22222222222222
01304,01,304,897,423,8,415,266,149,47.15719063545151,1.8912529550827424,98.10874704491725,62.88416075650118,35.22458628841608
01305,01,305,1033,420,10,410,229,181,40.658276863504355,2.380952380952381,97.61904761904762,54.52380952380952,43.095238095238095
01306,01,306,1313,579,17,562,368,194,44.09748667174409,2.936096718480138,97.06390328151986,63.55785837651122,33.506044905008636
01307,01,307,1128,439,16,423,264,159,38.91843971631206,3.644646924829157,96.35535307517085,60.13667425968109,36.21867881548975
01308,01,308,1141,456,10,446,293,153,39.9649430324277,2.1929824561403506,97.80701754385966,64.25438596491229,33.55263157894737
01309,01,309,1239,563,25,538,351,187,45.43987086359968,4.440497335701599,95.5595026642984,62.34458259325044,33.214920071047956
01310,01,310,924,355,15,340,237,103,38.41991341991342,4.225352112676056,95.77464788732394,66.7605633802817,29.014084507042252
01311,01,311,1015,397,14,383,235,148,39.11330049261083,3.5264483627204033,96.4735516372796,59.19395465994962,37.27959697732997
01312,01,312,774,318,12,306,197,109,41.08527131782946,3.7735849056603774,96.22641509433963,61.94968553459119,34.276729559748425
01313,01,313,833,336,8,328,192,136,40.33613445378151,2.380952380952381,97.61904761904762,57.14285714285714,40.476190476190474
01314,01,314,1066,461,17,444,290,154,43.24577861163227,3.68763557483731,96.31236442516268,62.90672451193059,33.40563991323211
01315,01,315,789,337,13,324,236,88,42.71229404309253,3.857566765578635,96.14243323442136,70.02967359050444,26.112759643916917
01316,01,316,1293,498,27,471,327,144,38.51508120649652,5.421686746987952,94.57831325301204,65.66265060240963,28.915662650602407
01317,01,317,861,370,10,360,264,96,42.973286875725904,2.7027027027027026,97.2972972972973,71.35135135135135,25.945945945945947
01318,01,318,1064,433,23,410,229,181,40.695488721804516,5.311778290993072,94.68822170900692,52.88683602771363,41.801385681293304
01319,01,319,991,366,12,354,191,163,36.93239152371342,3.278688524590164,96.72131147540983,52.18579234972678,44.53551912568306
01320,01,320,569,271,5,266,138,128,47.6274165202109,1.8450184501845017,98.1549815498155,50.92250922509225,47.23247232472325
01321,01,321,1056,421,15,406,223,183,39.86742424242424,3.5629453681710213,96.43705463182897,52.96912114014252,43.46793349168646
01322,01,322,1081,392,16,376,229,147,36.262719703977794,4.081632653061225,95.91836734693877,58.41836734693877,37.5
01323,01,323,1129,486,12,474,239,235,43.04694419840567,2.4691358024691357,97.53086419753086,49.17695473251029,48.35390946502058
01324,01,324,1455,486,16,470,265,205,33.4020618556701,3.292181069958848,96.70781893004116,54.52674897119342,42.181069958847736
01325,01,325,1022,394,20,374,228,146,38.551859099804304,5.0761421319796955,94.9238578680203,57.868020304568525,37.055837563451774
01326,01,326,1374,569,19,550,348,202,41.41193595342067,3.3391915641476277,96.66080843585237,61.15992970123023,35.50087873462214
01327,01,327,1466,573,23,550,371,179,39.08594815825375,4.013961605584642,95.98603839441536,64.74694589877836,31.239092495637
01400,01,400,1246,476,20,456,330,126,38.20224719101123,4.201680672268908,95.7983193277311,69.32773109243698,26.47058823529412
01401,01,401,906,379,5,374,289,85,41.83222958057395,1.3192612137203166,98.68073878627969,76.2532981530343,22.427440633245382
01402,01,402,1311,536,34,502,394,108,40.884820747520976,6.343283582089552,93.65671641791045,73.50746268656717,20.149253731343283
01403,01,403,938,389,5,384,274,110,41.47121535181237,1.2853470437017995,98.7146529562982,70.4370179948586,28.277634961439592
01404,01,404,709,294,13,281,231,50,41.46685472496474,4.421768707482993,95.578231292517,78.57142857142857,17.006802721088434
01405,01,405,785,317,17,300,202,98,40.382165605095544,5.3627760252365935,94.6372239747634,63.722397476340696,30.914826498422716
01406,01,406,829,364,9,355,272,83,43.90832328106152,2.4725274725274726,97.52747252747253,74.72527472527473,22.802197802197803
01407,01,407,1158,510,16,494,357,137,44.04145077720207,3.1372549019607843,96.86274509803921,70.0,26.862745098039216
01408,01,408,973,423,15,408,284,124,43.4737923946557,3.546099290780142,96.45390070921985,67.13947990543736,29.314420803782504
01409,01,409,921,412,16,396,286,110,44.73398479913138,3.8834951456310676,96.11650485436894,69.41747572815534,26.699029126213592
01410,01,410,1278,540,10,530,391,139,42.25352112676056,1.8518518518518516,98.14814814814815,72.4074074074074,25.74074074074074
01411,01,411,1020,438,15,423,306,117,42.94117647058823,3.4246575342465753,96.57534246575342,69.86301369863014,26.71232876712329
01412,01,412,874,369,11,358,254,104,42.21967963386727,2.9810298102981028,97.01897018970189,68.83468834688347,28.184281842818425
01413,01,413,816,325,4,321,236,85,39.82843137254902,1.2307692307692308,98.76923076923076,72.61538461538461,26.153846153846157
01414,01,414,804,358,7,351,272,79,44.527363184079604,1.9553072625698324,98.04469273743017,75.97765363128491,22.067039106145252
01415,01,415,838,397,16,381,292,89,47.37470167064439,4.030226700251889,95.96977329974811,73.55163727959699,22.418136020151135
01416,01,416,1016,441,16,425,300,125,43.40551181102362,3.6281179138321997,96.3718820861678,68.02721088435374,28.34467120181406
01417,01,417,1140,447,17,430,309,121,39.21052631578947,3.803131991051454,96.19686800894854,69.12751677852349,27.069351230425053
01418,01,418,1116,408,11,397,295,102,36.55913978494624,2.696078431372549,97.30392156862744,72.30392156862744,25.0
01419,01,419,1269,574,12,562,421,141,45.23246650906225,2.0905923344947737,97.90940766550523,73.34494773519164,24.56445993031359
01420,01,420,919,374,9,365,265,100,40.696409140369965,2.406417112299465,97.59358288770053,70.85561497326202,26.737967914438503
01421,01,421,782,362,23,339,240,99,46.29156010230179,6.353591160220995,93.646408839779,66.29834254143645,27.348066298342545
01422,01,422,979,391,10,381,291,90,39.93871297242084,2.557544757033248,97.44245524296676,74.42455242966753,23.017902813299234
01423,01,423,906,391,7,384,249,135,43.15673289183223,1.7902813299232736,98.20971867007673,63.68286445012787,34.52685421994885
01424,01,424,1232,490,11,479,350,129,39.77272727272727,2.2448979591836733,97.75510204081633,71.42857142857143,26.3265306122449
01425,01,425,1256,558,13,545,426,119,44.42675159235669,2.3297491039426523,97.67025089605734,76.34408602150538,21.32616487455197
01426,01,426,1243,495,15,480,394,86,39.823008849557525,3.0303030303030303,96.96969696969697,79.5959595959596,17.373737373737374
01427,01,427,927,365,11,354,255,99,39.374325782092775,3.0136986301369864,96.98630136986301,69.86301369863014,27.123287671232877
01428,01,428,795,317,5,312,233,79,39.87421383647799,1.5772870662460567,98.42271293375394,73.50157728706624,24.9211356466877
01500,01,500,963,361,11,350,219,131,37.48701973001039,3.0470914127423825,96.95290858725761,60.664819944598335,36.288088642659275
01501,01,501,787,370,17,353,237,116,47.01397712833545,4.594594594594595,95.4054054054054,64.05405405405405,31.351351351351354
01502,01,502,471,178,16,162,126,36,37.79193205944799,8.98876404494382,91.01123595505618,70.78651685393258,20.224719101123593
01503,01,503,981,405,25,380,206,174,41.284403669724774,6.172839506172839,93.82716049382715,50.864197530864196,42.96296296296296
01504,01,504,646,250,5,245,191,54,38.69969040247678,2.0,98.0,76.4,21.6
01505,01,505,878,365,17,348,260,88,41.571753986332574,4.657534246575342,95.34246575342465,71.23287671232876,24.10958904109589
01506,01,506,943,386,18,368,216,152,40.93319194061506,4.66321243523316,95.33678756476684,55.95854922279793,39.37823834196891
01507,01,507,1383,495,14,481,313,168,35.791757049891544,2.8282828282828283,97.17171717171718,63.23232323232323,33.939393939393945
01508,01,508,1145,501,17,484,325,159,43.75545851528384,3.3932135728542914,96.6067864271457,64.87025948103793,31.736526946107784
01509,01,509,1051,425,11,414,282,132,40.43767840152236,2.588235294117647,97.41176470588235,66.3529411764706,31.058823529411768
01510,01,510,1006,424,23,401,254,147,42.14711729622266,5.4245283018867925,94.5754716981132,59.905660377358494,34.66981132075472
01511,01,511,1082,372,18,354,226,128,34.380776340110906,4.838709677419355,95.16129032258065,60.752688172043015,34.40860215053764
01512,01,512,1041,363,13,350,275,75,34.87031700288185,3.581267217630854,96.41873278236915,75.75757575757575,20.66115702479339
01513,01,513,1331,533,10,523,401,122,40.04507888805409,1.876172607879925,98.12382739212008,75.23452157598499,22.88930581613508
01514,01,514,967,381,10,371,279,92,39.40020682523268,2.6246719160104988,97.3753280839895,73.22834645669292,24.146981627296586
01515,01,515,1298,485,23,462,339,123,37.365177195685675,4.742268041237113,95.25773195876288,69.89690721649484,25.36082474226804
01516,01,516,941,355,14,341,264,77,37.725823591923486,3.943661971830986,96.05633802816902,74.36619718309859,21.69014084507042
01517,01,517,1316,509,29,480,343,137,38.67781155015197,5.697445972495088,94.30255402750491,67.38703339882122,26.91552062868369
01518,01,518,1251,465,16,449,363,86,37.170263788968825,3.4408602150537635,96.55913978494624,78.06451612903226,18.494623655913976
01519,01,519,1309,592,27,565,445,120,45.2253628724217,4.5608108108108105,95.4391891891892,75.16891891891892,20.27027027027027
01520,01,520,1323,492,20,472,378,94,37.188208616780045,4.0650406504065035,95.9349593495935,76.82926829268293,19.10569105691057
01521,01,521,1022,349,41,308,213,95,34.148727984344426,11.74785100286533,88.25214899713467,61.03151862464183,27.22063037249284
01522,01,522,864,343,11,332,228,104,39.699074074074076,3.206997084548105,96.7930029154519,66.47230320699708,30.32069970845481
01523,01,523,637,199,10,189,129,60,31.240188383045524,5.025125628140704,94.9748743718593,64.82412060301507,30.15075376884422
01524,01,524,844,313,4,309,238,71,37.08530805687204,1.2779552715654952,98.7220447284345,76.03833865814697,22.683706070287542
01525,01,525,787,317,8,309,249,60,40.27954256670902,2.5236593059936907,97.47634069400631,78.54889589905363,18.92744479495268
01526,01,526,1420,567,11,556,451,105,39.929577464788736,1.9400352733686066,98.05996472663139,79.54144620811287,18.51851851851852
01600,01,600,1380,513,18,495,373,122,37.173913043478265,3.508771929824561,96.49122807017544,72.70955165692008,23.781676413255358
01601,01,601,816,346,12,334,236,98,42.40196078431372,3.4682080924855487,96.53179190751445,68.20809248554913,28.32369942196532
01602,01,602,1125,505,13,492,363,129,44.888888888888886,2.5742574257425743,97.42574257425743,71.88118811881188,25.544554455445546
01603,01,603,844,350,7,343,281,62,41.46919431279621,2.0,98.0,80.28571428571428,17.71428571428571
01604,01,604,804,307,20,287,222,65,38.18407960199005,6.514657980456026,93.48534201954396,72.31270358306189,21.172638436482085
01605,01,605,1019,404,11,393,297,96,39.646712463199215,2.722772277227723,97.27722772277228,73.51485148514851,23.762376237623762
01606,01,606,801,323,14,309,239,70,40.324594257178525,4.3343653250774,95.6656346749226,73.9938080495356,21.671826625387
01607,01,607,800,283,11,272,230,42,35.375,3.8869257950530036,96.113074204947,81.2720848056537,14.840989399293287
01608,01,608,1016,363,16,347,291,56,35.72834645669291,4.40771349862259,95.59228650137742,80.16528925619835,15.426997245179063
01609,01,609,1133,433,30,403,342,61,38.2171226831421,6.928406466512701,93.0715935334873,78.9838337182448,14.087759815242496
01610,01,610,1078,390,14,376,311,65,36.178107606679035,3.5897435897435894,96.41025641025641,79.74358974358975,16.666666666666664
01611,01,611,1286,490,12,478,392,86,38.10264385692068,2.4489795918367347,97.55102040816327,80.0,17.551020408163264
01612,01,612,1000,334,10,324,272,52,33.4,2.9940119760479043,97.0059880239521,81.437125748503,15.568862275449103
01613,01,613,1345,490,16,474,398,76,36.43122676579926,3.2653061224489797,96.73469387755102,81.22448979591836,15.510204081632653
01614,01,614,1155,491,19,472,330,142,42.51082251082251,3.8696537678207736,96.13034623217924,67.20977596741345,28.920570264765782
01615,01,615,872,275,5,270,230,40,31.536697247706424,1.8181818181818181,98.18181818181819,83.63636363636363,14.545454545454545
01616,01,616,1072,423,8,415,332,83,39.4589552238806,1.8912529550827424,98.10874704491725,78.4869976359338,19.62174940898345
01617,01,617,998,408,8,400,330,70,40.88176352705411,1.9607843137254901,98.0392156862745,80.88235294117648,17.15686274509804
01618,01,618,1462,561,28,533,418,115,38.372093023255815,4.991087344028521,95.00891265597147,74.50980392156863,20.499108734402853
01619,01,619,1118,444,12,432,317,115,39.71377459749553,2.7027027027027026,97.2972972972973,71.3963963963964,25.900900900900904
01620,01,620,1009,334,13,321,269,52,33.10208126858276,3.8922155688622757,96.10778443113772,80.53892215568862,15.568862275449103
01621,01,621,990,286,12,274,225,49,28.888888888888886,4.195804195804196,95.8041958041958,78.67132867132867,17.132867132867133
01622,01,622,643,224,7,217,160,57,34.83670295489891,3.125,96.875,71.42857142857143,25.44642857142857
01623,01,623,910,333,8,325,256,69,36.59340659340659,2.4024024024024024,97.5975975975976,76.87687687687688,20.72072072072072
01624,01,624,1280,443,25,418,338,80,34.609375,5.643340857787811,94.35665914221218,76.2979683972912,18.058690744920995
01625,01,625,978,405,21,384,305,79,41.41104294478527,5.185185185185185,94.81481481481482,75.30864197530865,19.50617283950617
01700,01,700,884,346,6,340,275,65,39.14027149321267,1.7341040462427744,98.26589595375722,79.47976878612717,18.786127167630056
01701,01,701,1218,460,11,449,367,82,37.76683087027914,2.391304347826087,97.60869565217392,79.78260869565217,17.82608695652174
01702,01,702,1041,368,12,356,273,83,35.350624399615754,3.260869565217391,96.73913043478261,74.18478260869566,22.554347826086957
01703,01,703,1071,456,15,441,330,111,42.57703081232493,3.289473684210526,96.71052631578947,72.36842105263158,24.342105263157894
01704,01,704,816,303,10,293,233,60,37.13235294117647,3.3003300330033,96.69966996699671,76.89768976897689,19.801980198019802
01705,01,705,957,404,4,400,318,82,42.21525600835946,0.9900990099009901,99.00990099009901,78.71287128712872,20.2970297029703
01706,01,706,1165,469,4,465,354,111,40.257510729613735,0.8528784648187633,99.14712153518124,75.47974413646055,23.66737739872068
01707,01,707,1153,490,13,477,376,101,42.497831743278404,2.6530612244897958,97.34693877551021,76.73469387755102,20.612244897959183
01708,01,708,1065,437,21,416,318,98,41.03286384976526,4.805491990846682,95.19450800915332,72.76887871853546,22.42562929061785
01709,01,709,1128,462,19,443,345,98,40.95744680851064,4.112554112554113,95.88744588744589,74.67532467532467,21.21212121212121
01710,01,710,1316,493,18,475,368,107,37.462006079027354,3.6511156186612577,96.34888438133873,74.64503042596348,21.703853955375255
01711,01,711,1140,455,24,431,339,92,39.91228070175439,5.274725274725275,94.72527472527472,74.50549450549451,20.21978021978022
01712,01,712,1255,497,18,479,366,113,39.60159362549801,3.6217303822937628,96.37826961770624,73.64185110663985,22.736418511066397
01713,01,713,876,281,7,274,192,82,32.077625570776256,2.491103202846975,97.50889679715303,68.32740213523132,29.181494661921707
01714,01,714,1061,385,16,369,257,112,36.28652214891612,4.1558441558441555,95.84415584415584,66.75324675324676,29.09090909090909
01715,01,715,1103,389,18,371,273,98,35.26745240253853,4.627249357326478,95.37275064267352,70.17994858611826,25.19280205655527
01716,01,716,951,373,3,370,279,91,39.22187171398528,0.8042895442359249,99.19571045576407,74.79892761394102,24.396782841823057
01717,01,717,1125,468,22,446,335,111,41.6,4.700854700854701,95.2991452991453,71.58119658119658,23.717948717948715
01718,01,718,859,363,21,342,62,280,42.258440046565774,5.785123966942149,94.21487603305785,17.079889807162534,77.13498622589532
01719,01,719,951,367,28,339,252,87,38.590956887486854,7.629427792915531,92.37057220708446,68.66485013623979,23.705722070844686
01720,01,720,1301,569,33,536,369,167,43.735588009223676,5.799648506151142,94.20035149384886,64.8506151142355,29.349736379613354
01721,01,721,1468,544,7,537,372,165,37.05722070844686,1.2867647058823528,98.71323529411765,68.38235294117648,30.330882352941174
01722,01,722,1013,429,12,417,311,106,42.34945705824285,2.797202797202797,97.2027972027972,72.49417249417249,24.708624708624708
01723,01,723,1316,574,28,546,422,124,43.61702127659575,4.878048780487805,95.1219512195122,73.5191637630662,21.602787456445995
01724,01,724,841,360,5,355,269,86,42.80618311533888,1.3888888888888888,98.61111111111111,74.72222222222223,23.88888888888889
01725,01,725,1067,402,22,380,282,98,37.675726335520146,5.472636815920398,94.5273631840796,70.1492537313433,24.378109452736318
011A,01,1A,0,1078,2,1076,565,511,inf,0.1855287569573284,99.81447124304268,52.41187384044527,47.4025974025974
011B,01,1B,0,1061,13,1048,458,590,inf,1.2252591894439209,98.77474081055608,43.166823751178136,55.60791705937794
011C,01,1C,0,1177,11,1166,617,549,inf,0.9345794392523363,99.06542056074767,52.421410365335596,46.644010195412065
011D,01,1D,0,961,5,956,513,443,inf,0.5202913631633715,99.47970863683663,53.38189386056192,46.09781477627472
011E,01,1E,0,1133,12,1121,534,587,inf,1.059135039717564,98.94086496028244,47.131509267431596,51.809355692850836
011F,01,1F,0,795,10,785,421,364,inf,1.257861635220126,98.74213836477988,52.9559748427673,45.78616352201258
011G,01,1G,0,840,6,834,461,373,inf,0.7142857142857143,99.28571428571429,54.88095238095239,44.404761904761905
011H,01,1H,0,961,7,954,587,367,inf,0.72840790842872,99.27159209157128,61.08220603537981,38.189386056191466
011I,01,1I,0,1101,10,1091,641,450,inf,0.9082652134423252,99.09173478655767,58.21980018165305,40.87193460490463
011J,01,1J,0,569,5,564,316,248,inf,0.8787346221441126,99.12126537785588,55.536028119507904,43.58523725834798
011K,01,1K,0,899,13,886,566,320,inf,1.4460511679644048,98.5539488320356,62.95884315906562,35.595105672969964
011L,01,1L,0,850,7,843,541,302,inf,0.823529411764706,99.1764705882353,63.64705882352941,35.529411764705884
011M,01,1M,0,839,12,827,436,391,inf,1.430274135876043,98.56972586412395,51.96662693682956,46.603098927294404
012A,01,2A,0,753,8,745,415,330,inf,1.0624169986719787,98.93758300132802,55.112881806108895,43.82470119521912
012B,01,2B,0,1065,13,1052,568,484,inf,1.2206572769953052,98.77934272300469,53.333333333333336,45.44600938967136
012C,01,2C,0,1053,13,1040,544,496,inf,1.2345679012345678,98.76543209876543,51.661918328585,47.10351377018044
012D,01,2D,0,868,19,849,578,271,inf,2.1889400921658986,97.81105990783409,66.58986175115207,31.22119815668203
012E,01,2E,0,826,5,821,493,328,inf,0.6053268765133172,99.39467312348668,59.68523002421308,39.70944309927361
012F,01,2F,0,737,6,731,474,257,inf,0.8141112618724559,99.18588873812755,64.31478968792402,34.87109905020353
012G,01,2G,0,889,6,883,512,371,inf,0.6749156355455568,99.32508436445444,57.59280089988752,41.732283464566926
012H,01,2H,0,711,6,705,448,257,inf,0.8438818565400843,99.15611814345992,63.009845288326304,36.14627285513362
012I,01,2I,0,801,5,796,555,241,inf,0.6242197253433208,99.37578027465668,69.28838951310861,30.087390761548065
012J,01,2J,0,640,3,637,390,247,inf,0.46875,99.53125,60.9375,38.59375
012K,01,2K,0,885,14,871,473,398,inf,1.5819209039548021,98.41807909604519,53.44632768361583,44.97175141242938
012L,01,2L,0,1229,12,1217,568,649,inf,0.9764035801464606,99.02359641985355,46.216436126932464,52.807160292921075
012M,01,2M,0,1103,23,1080,529,551,inf,2.085222121486854,97.91477787851315,47.960108794197644,49.9546690843155
012N,01,2N,0,1091,24,1067,603,464,inf,2.1998166819431715,97.80018331805684,55.27039413382218,42.529789184234644
013A,01,3A,0,664,9,655,486,169,inf,1.355421686746988,98.64457831325302,73.19277108433735,25.451807228915662
013B,01,3B,0,828,7,821,562,259,inf,0.8454106280193237,99.15458937198068,67.8743961352657,31.280193236714975
013C,01,3C,0,861,8,853,500,353,inf,0.9291521486643438,99.07084785133566,58.07200929152149,40.998838559814175
013D,01,3D,0,987,13,974,616,358,inf,1.3171225937183384,98.68287740628166,62.4113475177305,36.271529888551164
013E,01,3E,0,867,5,862,544,318,inf,0.5767012687427913,99.4232987312572,62.745098039215684,36.67820069204152
013F,01,3F,0,1099,10,1089,642,447,inf,0.9099181073703366,99.09008189262967,58.41674249317561,40.67333939945405
013G,01,3G,0,541,6,535,347,188,inf,1.1090573012939002,98.8909426987061,64.14048059149722,34.750462107208875
013H,01,3H,0,730,7,723,398,325,inf,0.9589041095890412,99.04109589041096,54.52054794520548,44.52054794520548
013I,01,3I,0,979,20,959,512,447,inf,2.0429009193054135,97.95709908069459,52.29826353421859,45.658835546476
013J,01,3J,0,951,12,939,494,445,inf,1.2618296529968454,98.73817034700315,51.9453207150368,46.79284963196635
013K,01,3K,0,1045,5,1040,512,528,inf,0.4784688995215311,99.52153110047847,48.995215311004785,50.526315789473685
013L,01,3L,0,831,18,813,481,332,inf,2.166064981949458,97.83393501805054,57.88206979542719,39.95186522262335
014A,01,4A,0,634,12,622,477,145,inf,1.8927444794952681,98.10725552050474,75.23659305993691,22.87066246056782
014B,01,4B,0,540,10,530,394,136,inf,1.8518518518518516,98.14814814814815,72.96296296296296,25.185185185185183
014C,01,4C,0,791,7,784,550,234,inf,0.8849557522123894,99.11504424778761,69.5322376738306,29.582806573957015
014D,01,4D,0,616,7,609,424,185,inf,1.1363636363636365,98.86363636363636,68.83116883116884,30.032467532467532
014E,01,4E,0,830,10,820,569,251,inf,1.2048192771084338,98.79518072289156,68.55421686746988,30.240963855421686
014F,01,4F,0,862,10,852,604,248,inf,1.160092807424594,98.83990719257541,70.06960556844548,28.770301624129928
014G,01,4G,0,568,3,565,416,149,inf,0.528169014084507,99.47183098591549,73.23943661971832,26.23239436619718
014H,01,4H,0,673,3,670,474,196,inf,0.44576523031203563,99.55423476968797,70.43090638930164,29.123328380386333
014I,01,4I,0,606,4,602,417,185,inf,0.6600660066006601,99.33993399339934,68.8118811881188,30.528052805280524
014J,01,4J,0,536,15,521,350,171,inf,2.798507462686567,97.20149253731343,65.29850746268657,31.902985074626866
014K,01,4K,0,515,3,512,345,167,inf,0.5825242718446602,99.41747572815534,66.99029126213593,32.42718446601941
014L,01,4L,0,985,14,971,765,206,inf,1.4213197969543148,98.57868020304569,77.66497461928934,20.913705583756347
014M,01,4M,0,843,10,833,652,181,inf,1.1862396204033214,98.81376037959669,77.34282325029656,21.47093712930012
015A,01,5A,0,601,5,596,379,217,inf,0.8319467554076538,99.16805324459234,63.061564059900164,36.10648918469218
015B,01,5B,0,627,12,615,386,229,inf,1.9138755980861244,98.08612440191388,61.56299840510366,36.52312599681021
015C,01,5C,0,675,9,666,360,306,inf,1.3333333333333335,98.66666666666667,53.333333333333336,45.33333333333333
015D,01,5D,0,611,2,609,360,249,inf,0.32733224222585927,99.67266775777414,58.91980360065466,40.752864157119475
015E,01,5E,0,581,4,577,367,210,inf,0.6884681583476765,99.31153184165233,63.16695352839932,36.144578313253014
015F,01,5F,0,732,8,724,531,193,inf,1.092896174863388,98.90710382513662,72.54098360655738,26.366120218579237
015G,01,5G,0,405,5,400,292,108,inf,1.2345679012345678,98.76543209876543,72.09876543209876,26.666666666666668
015H,01,5H,0,658,7,651,493,158,inf,1.0638297872340425,98.93617021276596,74.92401215805471,24.012158054711247
015I,01,5I,0,573,10,563,421,142,inf,1.7452006980802792,98.25479930191972,73.47294938917976,24.781849912739965
015J,01,5J,0,649,5,644,523,121,inf,0.7704160246533128,99.22958397534669,80.58551617873651,18.64406779661017
015K,01,5K,0,810,10,800,477,323,inf,1.2345679012345678,98.76543209876543,58.88888888888889,39.876543209876544
015L,01,5L,0,803,5,798,629,169,inf,0.62266500622665,99.37733499377335,78.33125778331258,21.046077210460773
016A,01,6A,0,569,4,565,446,119,inf,0.7029876977152899,99.29701230228471,78.38312829525483,20.913884007029875
016B,01,6B,0,561,3,558,389,169,inf,0.53475935828877,99.46524064171123,69.34046345811052,30.124777183600713
016C,01,6C,0,392,6,386,328,58,inf,1.530612244897959,98.46938775510205,83.6734693877551,14.795918367346939
016D,01,6D,0,457,6,451,325,126,inf,1.312910284463895,98.6870897155361,71.11597374179432,27.571115973741794
016E,01,6E,0,417,6,411,326,85,inf,1.4388489208633095,98.56115107913669,78.17745803357315,20.38369304556355
016F,01,6F,0,560,3,557,441,116,inf,0.5357142857142857,99.46428571428572,78.75,20.714285714285715
016G,01,6G,0,543,6,537,406,131,inf,1.1049723756906076,98.89502762430939,74.76979742173113,24.12523020257827
016H,01,6H,0,773,26,747,555,192,inf,3.363518758085381,96.63648124191462,71.79818887451488,24.838292367399742
016I,01,6I,0,578,8,570,465,105,inf,1.384083044982699,98.6159169550173,80.44982698961938,18.166089965397923
016J,01,6J,0,709,7,702,499,203,inf,0.9873060648801129,99.01269393511988,70.38081805359661,28.63187588152327
016K,01,6K,0,497,5,492,412,80,inf,1.0060362173038229,98.99396378269618,82.897384305835,16.096579476861166
016L,01,6L,0,441,6,435,324,111,inf,1.3605442176870748,98.63945578231292,73.46938775510205,25.170068027210885
016M,01,6M,0,472,6,466,352,114,inf,1.2711864406779663,98.72881355932203,74.57627118644068,24.152542372881356
017A,01,7A,0,683,7,676,510,166,inf,1.0248901903367496,98.97510980966325,74.67057101024889,24.30453879941435
017B,01,7B,0,582,3,579,386,193,inf,0.5154639175257731,99.48453608247422,66.32302405498281,33.161512027491405
017C,01,7C,0,638,6,632,469,163,inf,0.9404388714733543,99.05956112852664,73.51097178683386,25.54858934169279
017D,01,7D,0,769,3,766,578,188,inf,0.3901170351105332,99.60988296488947,75.16254876462939,24.44733420026008
017E,01,7E,0,623,7,616,483,133,inf,1.1235955056179776,98.87640449438202,77.52808988764045,21.34831460674157
017F,01,7F,0,697,7,690,532,158,inf,1.0043041606886656,98.99569583931134,76.3271162123386,22.66857962697274
017G,01,7G,0,548,9,539,354,185,inf,1.6423357664233578,98.35766423357664,64.59854014598541,33.75912408759124
017H,01,7H,0,503,8,495,356,139,inf,1.5904572564612325,98.40954274353876,70.77534791252485,27.634194831013914
017I,01,7I,0,454,6,448,313,135,inf,1.3215859030837005,98.6784140969163,68.94273127753304,29.735682819383257
017J,01,7J,0,425,4,421,276,145,inf,0.9411764705882352,99.05882352941177,64.94117647058823,34.11764705882353
017K,01,7K,0,306,3,303,216,87,inf,0.9803921568627451,99.01960784313727,70.58823529411765,28.431372549019606
017L,01,7L,0,531,5,526,353,173,inf,0.9416195856873822,99.05838041431262,66.47834274952919,32.580037664783426
017M,01,7M,0,505,4,501,347,154,inf,0.7920792079207921,99.20792079207921,68.71287128712872,30.495049504950494
02101,02,101,1103,487,18,469,358,111,44.152311876699905,3.696098562628337,96.30390143737166,73.51129363449692,22.79260780287474
02102,02,102,1225,488,2,486,365,121,39.83673469387755,0.4098360655737705,99.59016393442623,74.79508196721312,24.795081967213115
02103,02,103,1047,441,37,404,301,103,42.12034383954155,8.390022675736962,91.60997732426304,68.25396825396825,23.356009070294785
02104,02,104,707,268,4,264,198,66,37.9066478076379,1.4925373134328357,98.50746268656717,73.88059701492537,24.62686567164179
02105,02,105,1011,396,14,382,309,73,39.16913946587537,3.535353535353535,96.46464646464646,78.03030303030303,18.434343434343432
02106,02,106,1467,541,29,512,395,117,36.87798227675528,5.360443622920517,94.63955637707949,73.01293900184844,21.626617375231053
02107,02,107,599,271,12,259,173,86,45.24207011686144,4.428044280442804,95.5719557195572,63.837638376383765,31.73431734317343
02108,02,108,661,259,6,253,128,125,39.183055975794254,2.3166023166023164,97.68339768339769,49.42084942084942,48.26254826254826
02109,02,109,1211,544,18,526,369,157,44.9215524360033,3.308823529411765,96.69117647058823,67.83088235294117,28.860294117647058
02110,02,110,1090,443,11,432,282,150,40.642201834862384,2.4830699774266365,97.51693002257336,63.6568848758465,33.86004514672686
02111,02,111,1149,484,13,471,382,89,42.123585726718886,2.6859504132231407,97.31404958677686,78.92561983471074,18.388429752066116
02112,02,112,1290,529,9,520,386,134,41.007751937984494,1.7013232514177694,98.29867674858222,72.96786389413988,25.330812854442343
02113,02,113,946,407,7,400,305,95,43.02325581395349,1.71990171990172,98.28009828009829,74.93857493857494,23.34152334152334
02114,02,114,817,355,10,345,261,84,43.45165238678091,2.8169014084507045,97.1830985915493,73.52112676056338,23.661971830985916
02115,02,115,804,372,14,358,287,71,46.26865671641791,3.763440860215054,96.23655913978494,77.15053763440861,19.086021505376344
02116,02,116,1039,471,15,456,351,105,45.33205004812319,3.1847133757961785,96.81528662420382,74.52229299363057,22.29299363057325
02117,02,117,1055,430,10,420,334,86,40.758293838862556,2.3255813953488373,97.67441860465115,77.67441860465117,20.0
02118,02,118,668,259,5,254,188,66,38.772455089820355,1.9305019305019304,98.06949806949807,72.58687258687259,25.482625482625483
02119,02,119,828,350,5,345,270,75,42.270531400966185,1.4285714285714286,98.57142857142858,77.14285714285715,21.428571428571427
02120,02,120,824,362,11,351,279,72,43.932038834951456,3.0386740331491713,96.96132596685084,77.07182320441989,19.88950276243094
02121,02,121,869,387,3,384,296,88,44.533947065592635,0.7751937984496124,99.2248062015504,76.48578811369508,22.739018087855296
02122,02,122,1048,457,10,447,292,155,43.60687022900763,2.1881838074398248,97.81181619256017,63.89496717724289,33.91684901531728
02123,02,123,690,289,6,283,221,62,41.88405797101449,2.0761245674740483,97.92387543252595,76.47058823529412,21.453287197231834
02124,02,124,1284,574,17,557,402,155,44.704049844236756,2.961672473867596,97.0383275261324,70.03484320557492,27.00348432055749
02125,02,125,1304,554,13,541,422,119,42.484662576687114,2.3465703971119134,97.65342960288808,76.17328519855594,21.48014440433213
02126,02,126,912,444,13,431,313,118,48.68421052631579,2.9279279279279278,97.07207207207207,70.4954954954955,26.576576576576578
02127,02,127,862,373,7,366,267,99,43.27146171693735,1.876675603217158,98.12332439678283,71.58176943699732,26.541554959785525
02128,02,128,1199,492,14,478,381,97,41.03419516263553,2.8455284552845526,97.15447154471545,77.4390243902439,19.715447154471544
02129,02,129,1240,475,9,466,250,216,38.306451612903224,1.8947368421052633,98.10526315789474,52.63157894736842,45.473684210526315
02201,02,201,870,395,10,385,328,57,45.40229885057471,2.5316455696202533,97.46835443037975,83.0379746835443,14.430379746835442
02202,02,202,1068,487,17,470,403,67,45.59925093632959,3.4907597535934287,96.50924024640656,82.75154004106776,13.75770020533881
02203,02,203,894,411,3,408,342,66,45.97315436241611,0.7299270072992701,99.27007299270073,83.21167883211679,16.05839416058394
02204,02,204,1035,446,18,428,377,51,43.091787439613526,4.0358744394618835,95.96412556053812,84.52914798206278,11.434977578475337
02205,02,205,1001,453,5,448,386,62,45.25474525474525,1.1037527593818985,98.89624724061811,85.20971302428256,13.686534216335541
02206,02,206,953,424,9,415,335,80,44.49108079748164,2.1226415094339623,97.87735849056604,79.00943396226415,18.867924528301888
02207,02,207,1351,590,15,575,491,84,43.671354552183566,2.5423728813559325,97.45762711864407,83.22033898305085,14.237288135593221
02208,02,208,1115,515,18,497,388,109,46.18834080717489,3.4951456310679614,96.50485436893203,75.33980582524272,21.16504854368932
02209,02,209,1103,444,6,438,358,80,40.25385312783318,1.3513513513513513,98.64864864864865,80.63063063063063,18.01801801801802
02210,02,210,1103,454,8,446,383,63,41.160471441523114,1.762114537444934,98.23788546255507,84.36123348017621,13.876651982378855
02211,02,211,1101,448,8,440,352,88,40.69028156221617,1.7857142857142856,98.21428571428571,78.57142857142857,19.642857142857142
02212,02,212,920,434,11,423,339,84,47.17391304347826,2.5345622119815667,97.46543778801843,78.11059907834101,19.35483870967742
02213,02,213,1117,472,13,459,385,74,42.256042972247094,2.754237288135593,97.2457627118644,81.5677966101695,15.677966101694915
02214,02,214,913,348,6,342,285,57,38.11610076670318,1.7241379310344827,98.27586206896551,81.89655172413794,16.379310344827587
02215,02,215,891,390,15,375,325,50,43.77104377104377,3.8461538461538463,96.15384615384616,83.33333333333334,12.82051282051282
02216,02,216,839,399,4,395,321,74,47.55661501787843,1.0025062656641603,98.99749373433583,80.45112781954887,18.546365914786968
02217,02,217,1057,449,11,438,355,83,42.47871333964049,2.4498886414253898,97.55011135857461,79.06458797327394,18.485523385300667
02218,02,218,1133,508,8,500,387,113,44.83671668137688,1.574803149606299,98.4251968503937,76.18110236220473,22.244094488188974
02219,02,219,951,388,8,380,315,65,40.79915878023134,2.0618556701030926,97.9381443298969,81.18556701030928,16.752577319587626
02220,02,220,1121,472,8,464,362,102,42.10526315789473,1.694915254237288,98.30508474576271,76.69491525423729,21.610169491525426
02221,02,221,869,364,6,358,305,53,41.88722669735328,1.6483516483516485,98.35164835164835,83.79120879120879,14.560439560439562
02222,02,222,1074,462,16,446,364,82,43.01675977653631,3.463203463203463,96.53679653679653,78.78787878787878,17.74891774891775
02223,02,223,817,323,11,312,272,40,39.53488372093023,3.4055727554179565,96.59442724458205,84.21052631578947,12.38390092879257
02224,02,224,935,386,7,379,302,77,41.283422459893046,1.8134715025906734,98.18652849740933,78.23834196891191,19.94818652849741
02225,02,225,689,274,6,268,194,74,39.7677793904209,2.18978102189781,97.8102189781022,70.8029197080292,27.00729927007299
02226,02,226,1296,544,5,539,399,140,41.9753086419753,0.9191176470588236,99.08088235294117,73.34558823529412,25.735294117647058
02301,02,301,1104,526,17,509,385,124,47.64492753623188,3.2319391634980987,96.7680608365019,73.19391634980988,23.574144486692013
02302,02,302,1175,515,14,501,344,157,43.829787234042556,2.7184466019417477,97.28155339805825,66.79611650485437,30.485436893203882
02303,02,303,1192,506,16,490,383,107,42.4496644295302,3.1620553359683794,96.83794466403161,75.69169960474308,21.14624505928854
02304,02,304,1072,478,10,468,364,104,44.58955223880597,2.092050209205021,97.90794979079497,76.15062761506276,21.75732217573222
02305,02,305,1098,497,15,482,381,101,45.264116575591984,3.0181086519114686,96.98189134808854,76.65995975855131,20.321931589537222
02306,02,306,1068,461,5,456,355,101,43.164794007490634,1.0845986984815619,98.91540130151843,77.00650759219089,21.908893709327547
02307,02,307,800,352,7,345,293,52,44.0,1.9886363636363635,98.01136363636364,83.23863636363636,14.772727272727273
02308,02,308,1206,472,27,445,352,93,39.13764510779436,5.720338983050848,94.27966101694916,74.57627118644068,19.703389830508474
02309,02,309,776,304,9,295,238,57,39.175257731958766,2.9605263157894735,97.03947368421053,78.28947368421053,18.75
02310,02,310,1199,514,14,500,377,123,42.86905754795663,2.7237354085603114,97.27626459143968,73.34630350194551,23.929961089494164
02311,02,311,1152,493,10,483,399,84,42.79513888888889,2.028397565922921,97.97160243407707,80.93306288032454,17.038539553752535
02312,02,312,740,309,11,298,235,63,41.75675675675676,3.559870550161812,96.44012944983818,76.05177993527508,20.388349514563107
02313,02,313,809,324,17,307,247,60,40.04944375772559,5.246913580246913,94.75308641975309,76.23456790123457,18.51851851851852
02314,02,314,1195,450,21,429,325,104,37.65690376569037,4.666666666666667,95.33333333333334,72.22222222222221,23.11111111111111
02315,02,315,945,339,21,318,262,56,35.87301587301587,6.1946902654867255,93.80530973451327,77.28613569321534,16.519174041297934
02316,02,316,1220,408,13,395,314,81,33.442622950819676,3.1862745098039214,96.81372549019608,76.9607843137255,19.852941176470587
02317,02,317,1241,499,12,487,424,63,40.20950846091861,2.404809619238477,97.59519038076152,84.96993987975952,12.625250501002002
02318,02,318,903,418,2,416,241,175,46.29014396456257,0.4784688995215311,99.52153110047847,57.655502392344495,41.866028708133975
02319,02,319,979,466,13,453,383,70,47.59959141981614,2.7896995708154506,97.21030042918454,82.18884120171673,15.021459227467812
02320,02,320,1041,426,10,416,372,44,40.92219020172911,2.3474178403755865,97.65258215962442,87.32394366197182,10.328638497652582
02321,02,321,906,413,14,399,354,45,45.58498896247241,3.389830508474576,96.61016949152543,85.71428571428571,10.895883777239709
02322,02,322,999,429,17,412,345,67,42.94294294294294,3.9627039627039626,96.03729603729604,80.41958041958041,15.61771561771562
02323,02,323,1107,540,0,540,454,86,48.78048780487805,0.0,100.0,84.07407407407408,15.925925925925927
02324,02,324,1151,489,23,466,390,76,42.48479582971329,4.703476482617587,95.29652351738241,79.75460122699386,15.541922290388548
02325,02,325,1114,473,18,455,368,87,42.45960502692998,3.8054968287526427,96.19450317124736,77.80126849894292,18.39323467230444
02326,02,326,1085,522,4,518,452,66,48.11059907834102,0.7662835249042145,99.23371647509579,86.59003831417624,12.643678160919542
02327,02,327,892,351,11,340,284,56,39.34977578475337,3.133903133903134,96.86609686609687,80.91168091168092,15.954415954415953
02401,02,401,1110,362,16,346,259,87,32.612612612612615,4.41988950276243,95.58011049723757,71.54696132596685,24.03314917127072
02402,02,402,1124,479,21,458,327,131,42.61565836298932,4.3841336116910234,95.61586638830897,68.26722338204593,27.348643006263046
02403,02,403,1264,435,32,403,296,107,34.414556962025316,7.35632183908046,92.64367816091954,68.04597701149426,24.597701149425287
02404,02,404,1089,432,18,414,283,131,39.66942148760331,4.166666666666666,95.83333333333334,65.50925925925925,30.324074074074076
02405,02,405,889,320,6,314,196,118,35.9955005624297,1.875,98.125,61.25000000000001,36.875
02406,02,406,963,384,11,373,281,92,39.875389408099686,2.864583333333333,97.13541666666666,73.17708333333334,23.958333333333336
02407,02,407,797,333,8,325,232,93,41.78168130489335,2.4024024024024024,97.5975975975976,69.66966966966966,27.927927927927925
02408,02,408,805,319,9,310,214,96,39.62732919254658,2.8213166144200628,97.17868338557993,67.0846394984326,30.094043887147336
02409,02,409,1100,421,13,408,281,127,38.27272727272727,3.0878859857482186,96.91211401425178,66.7458432304038,30.16627078384798
02410,02,410,1005,410,12,398,243,155,40.79601990049751,2.9268292682926833,97.07317073170731,59.26829268292683,37.80487804878049
02411,02,411,1156,496,22,474,360,114,42.90657439446367,4.435483870967742,95.56451612903226,72.58064516129032,22.983870967741936
02412,02,412,1096,427,13,414,307,107,38.95985401459854,3.0444964871194378,96.95550351288055,71.89695550351288,25.05854800936768
02413,02,413,907,371,3,368,284,84,40.90407938257993,0.8086253369272237,99.19137466307278,76.54986522911051,22.641509433962266
02414,02,414,915,338,6,332,228,104,36.939890710382514,1.7751479289940828,98.22485207100591,67.45562130177515,30.76923076923077
02415,02,415,1159,507,5,502,376,126,43.744607420189816,0.9861932938856016,99.0138067061144,74.16173570019724,24.85207100591716
02416,02,416,1312,519,9,510,349,161,39.55792682926829,1.7341040462427744,98.26589595375722,67.2447013487476,31.021194605009633
02417,02,417,1081,432,15,417,325,92,39.962997224791856,3.4722222222222223,96.52777777777779,75.23148148148148,21.296296296296298
02418,02,418,1176,421,25,396,304,92,35.79931972789115,5.938242280285035,94.06175771971496,72.20902612826603,21.852731591448933
02419,02,419,1300,473,30,443,326,117,36.38461538461538,6.342494714587738,93.65750528541226,68.92177589852008,24.735729386892178
02420,02,420,828,330,8,322,220,102,39.85507246376812,2.4242424242424243,97.57575757575758,66.66666666666666,30.909090909090907
02421,02,421,935,362,16,346,250,96,38.71657754010695,4.41988950276243,95.58011049723757,69.06077348066299,26.519337016574585
02422,02,422,847,333,2,331,207,124,39.315230224321134,0.6006006006006006,99.3993993993994,62.16216216216216,37.23723723723724
02423,02,423,1153,457,12,445,334,111,39.6357328707719,2.62582056892779,97.3741794310722,73.08533916849015,24.288840262582056
02424,02,424,864,348,0,348,240,108,40.27777777777778,0.0,100.0,68.96551724137932,31.03448275862069
02425,02,425,1157,478,7,471,351,120,41.31374243733794,1.4644351464435146,98.5355648535565,73.43096234309623,25.10460251046025
02426,02,426,1154,440,5,435,323,112,38.128249566724435,1.1363636363636365,98.86363636363636,73.4090909090909,25.454545454545453
02427,02,427,1032,423,9,414,309,105,40.98837209302326,2.127659574468085,97.87234042553192,73.04964539007092,24.822695035460992
02501,02,501,934,385,2,383,300,83,41.220556745182016,0.5194805194805194,99.48051948051948,77.92207792207793,21.558441558441558
02502,02,502,1281,460,13,447,334,113,35.90944574551132,2.8260869565217392,97.17391304347827,72.60869565217392,24.565217391304348
02503,02,503,1238,512,19,493,390,103,41.35702746365105,3.7109375,96.2890625,76.171875,20.1171875
02504,02,504,1083,448,13,435,301,134,41.366574330563246,2.9017857142857144,97.09821428571429,67.1875,29.910714285714285
02505,02,505,1218,550,14,536,394,142,45.1559934318555,2.5454545454545454,97.45454545454545,71.63636363636363,25.818181818181817
02506,02,506,1151,467,8,459,345,114,40.57341442224153,1.7130620985010707,98.28693790149893,73.87580299785867,24.411134903640257
02507,02,507,1205,486,19,467,346,121,40.33195020746888,3.909465020576132,96.09053497942386,71.19341563786008,24.897119341563787
02508,02,508,1269,455,9,446,340,106,35.85500394011032,1.9780219780219779,98.02197802197801,74.72527472527473,23.296703296703296
02509,02,509,1036,448,11,437,347,90,43.24324324324324,2.455357142857143,97.54464285714286,77.45535714285714,20.089285714285715
02510,02,510,977,331,13,318,239,79,33.87922210849539,3.927492447129909,96.07250755287009,72.20543806646525,23.867069486404834
02511,02,511,796,286,4,282,184,98,35.92964824120603,1.3986013986013985,98.6013986013986,64.33566433566433,34.26573426573427
02512,02,512,958,429,6,423,324,99,44.780793319415444,1.3986013986013985,98.6013986013986,75.52447552447552,23.076923076923077
02513,02,513,1181,487,6,481,371,110,41.23624047417443,1.2320328542094456,98.76796714579056,76.18069815195072,22.587268993839835
02514,02,514,991,405,7,398,307,91,40.867810292633706,1.728395061728395,98.27160493827161,75.80246913580247,22.469135802469136
02515,02,515,1019,384,2,382,315,67,37.68400392541707,0.5208333333333333,99.47916666666666,82.03125,17.447916666666664
02516,02,516,1018,377,9,368,268,100,37.03339882121807,2.3872679045092835,97.61273209549071,71.08753315649867,26.525198938992045
02517,02,517,1275,527,15,512,385,127,41.333333333333336,2.846299810246679,97.15370018975332,73.05502846299811,24.09867172675522
02518,02,518,1208,476,13,463,328,135,39.40397350993378,2.73109243697479,97.26890756302521,68.90756302521008,28.361344537815125
02519,02,519,1040,406,7,399,280,119,39.03846153846154,1.7241379310344827,98.27586206896551,68.96551724137932,29.310344827586203
02520,02,520,1224,519,11,508,403,105,42.40196078431372,2.119460500963391,97.88053949903662,77.64932562620423,20.23121387283237
02521,02,521,1033,432,3,429,298,131,41.81994191674734,0.6944444444444444,99.30555555555556,68.98148148148148,30.324074074074076
02522,02,522,1227,491,14,477,384,93,40.01629991850041,2.8513238289205702,97.14867617107943,78.20773930753563,18.94093686354379
02523,02,523,1073,444,13,431,340,91,41.37931034482759,2.9279279279279278,97.07207207207207,76.57657657657657,20.495495495495494
02524,02,524,1052,379,17,362,280,82,36.02661596958175,4.485488126649076,95.51451187335093,73.87862796833772,21.63588390501319
02525,02,525,989,429,9,420,322,98,43.377148634984835,2.097902097902098,97.9020979020979,75.05827505827506,22.843822843822846
02526,02,526,1187,507,7,500,389,111,42.712721145745576,1.3806706114398422,98.61932938856016,76.72583826429981,21.893491124260358
02601,02,601,1249,530,18,512,216,296,42.43394715772618,3.3962264150943398,96.60377358490567,40.75471698113208,55.84905660377358
02602,02,602,909,444,7,437,241,196,48.84488448844885,1.5765765765765765,98.42342342342343,54.27927927927928,44.14414414414414
02603,02,603,1094,447,8,439,260,179,40.85923217550274,1.7897091722595078,98.2102908277405,58.16554809843401,40.044742729306485
02604,02,604,1045,434,14,420,307,113,41.5311004784689,3.225806451612903,96.7741935483871,70.73732718894009,26.036866359447004
02605,02,605,1246,501,3,498,385,113,40.208667736757626,0.5988023952095809,99.40119760479041,76.84630738522954,22.55489021956088
02606,02,606,805,340,5,335,270,65,42.2360248447205,1.4705882352941175,98.52941176470588,79.41176470588235,19.11764705882353
02607,02,607,843,408,5,403,227,176,48.39857651245551,1.2254901960784315,98.77450980392157,55.63725490196079,43.13725490196079
02608,02,608,1184,496,10,486,398,88,41.891891891891895,2.0161290322580645,97.98387096774194,80.24193548387096,17.741935483870968
02609,02,609,1106,462,7,455,364,91,41.77215189873418,1.5151515151515151,98.48484848484848,78.78787878787878,19.696969696969695
02610,02,610,1266,555,8,547,424,123,43.838862559241704,1.4414414414414414,98.55855855855856,76.3963963963964,22.162162162162165
02611,02,611,967,398,5,393,292,101,41.15822130299897,1.256281407035176,98.74371859296483,73.36683417085426,25.376884422110553
02612,02,612,1067,448,4,444,346,98,41.98687910028116,0.8928571428571428,99.10714285714286,77.23214285714286,21.875
02613,02,613,1033,392,4,388,263,125,37.947725072604065,1.0204081632653061,98.9795918367347,67.09183673469387,31.887755102040817
02614,02,614,1207,572,16,556,428,128,47.39022369511185,2.797202797202797,97.2027972027972,74.82517482517483,22.377622377622377
02615,02,615,698,298,3,295,225,70,42.693409742120345,1.006711409395973,98.99328859060402,75.50335570469798,23.48993288590604
02616,02,616,1189,517,7,510,401,109,43.481917577796466,1.3539651837524178,98.64603481624758,77.56286266924565,21.08317214700193
02617,02,617,1141,485,10,475,385,90,42.5065731814198,2.0618556701030926,97.9381443298969,79.38144329896907,18.556701030927837
02618,02,618,1003,404,19,385,312,73,40.27916251246261,4.702970297029703,95.29702970297029,77.22772277227723,18.06930693069307
02619,02,619,821,335,4,331,262,69,40.803897685749085,1.1940298507462688,98.80597014925372,78.2089552238806,20.597014925373134
02620,02,620,1058,409,5,404,334,70,38.657844990548206,1.2224938875305624,98.77750611246944,81.66259168704157,17.114914425427873
02621,02,621,784,289,4,285,231,54,36.86224489795919,1.384083044982699,98.6159169550173,79.93079584775087,18.685121107266436
02622,02,622,1025,393,9,384,284,100,38.34146341463415,2.2900763358778624,97.70992366412213,72.264631043257,25.44529262086514
02623,02,623,889,341,4,337,265,72,38.35770528683914,1.1730205278592376,98.82697947214076,77.71260997067448,21.114369501466275
02624,02,624,912,367,3,364,281,83,40.24122807017544,0.8174386920980926,99.1825613079019,76.566757493188,22.615803814713896
02625,02,625,707,294,3,291,244,47,41.584158415841586,1.0204081632653061,98.9795918367347,82.99319727891157,15.98639455782313
02626,02,626,997,367,12,355,264,91,36.81043129388165,3.2697547683923704,96.73024523160763,71.93460490463215,24.795640326975477
02627,02,627,751,382,6,376,266,110,50.86551264980027,1.5706806282722512,98.42931937172776,69.63350785340315,28.79581151832461
02628,02,628,891,335,8,327,206,121,37.59820426487093,2.3880597014925375,97.61194029850746,61.49253731343284,36.11940298507463
021A,02,1A,0,273,2,271,189,82,inf,0.7326007326007326,99.26739926739927,69.23076923076923,30.036630036630036
021AA,02,1AA,0,461,4,457,337,120,inf,0.8676789587852495,99.13232104121475,73.10195227765726,26.030368763557483
021AB,02,1AB,0,576,8,568,307,261,inf,1.3888888888888888,98.61111111111111,53.298611111111114,45.3125
021B,02,1B,0,241,0,241,155,86,inf,0.0,100.0,64.31535269709543,35.684647302904565
021C,02,1C,0,202,5,197,134,63,inf,2.4752475247524752,97.52475247524752,66.33663366336634,31.18811881188119
021D,02,1D,0,156,2,154,96,58,inf,1.282051282051282,98.71794871794873,61.53846153846154,37.17948717948718
021E,02,1E,0,210,1,209,160,49,inf,0.4761904761904762,99.52380952380952,76.19047619047619,23.333333333333332
021F,02,1F,0,330,1,329,208,121,inf,0.30303030303030304,99.69696969696969,63.030303030303024,36.666666666666664
021G,02,1G,0,473,4,469,220,249,inf,0.8456659619450317,99.15433403805497,46.51162790697674,52.64270613107822
021H,02,1H,0,432,9,423,297,126,inf,2.083333333333333,97.91666666666666,68.75,29.166666666666668
021J,02,1J,0,448,6,442,343,99,inf,1.3392857142857142,98.66071428571429,76.5625,22.098214285714285
021K,02,1K,0,382,3,379,297,82,inf,0.7853403141361256,99.21465968586386,77.74869109947645,21.465968586387437
021L,02,1L,0,467,6,461,346,115,inf,1.284796573875803,98.7152034261242,74.08993576017131,24.62526766595289
021M,02,1M,0,412,9,403,280,123,inf,2.1844660194174756,97.81553398058253,67.96116504854369,29.85436893203883
021N,02,1N,0,622,7,615,471,144,inf,1.1254019292604502,98.87459807073955,75.72347266881029,23.15112540192926
021P,02,1P,0,350,3,347,270,77,inf,0.8571428571428572,99.14285714285714,77.14285714285715,22.0
021Q,02,1Q,0,378,2,376,292,84,inf,0.5291005291005291,99.47089947089947,77.24867724867724,22.22222222222222
021R,02,1R,0,506,4,502,370,132,inf,0.7905138339920948,99.2094861660079,73.12252964426878,26.08695652173913
021S,02,1S,0,320,4,316,238,78,inf,1.25,98.75,74.375,24.375
021T,02,1T,0,301,1,300,228,72,inf,0.33222591362126247,99.66777408637874,75.74750830564784,23.920265780730897
021U,02,1U,0,291,3,288,218,70,inf,1.0309278350515463,98.96907216494846,74.91408934707904,24.054982817869416
021V,02,1V,0,360,3,357,270,87,inf,0.8333333333333334,99.16666666666667,75.0,24.166666666666668
021W,02,1W,0,469,5,464,327,137,inf,1.0660980810234542,98.93390191897655,69.7228144989339,29.21108742004264
021X,02,1X,0,621,8,613,463,150,inf,1.288244766505636,98.71175523349437,74.55716586151368,24.154589371980677
021Y,02,1Y,0,318,4,314,208,106,inf,1.257861635220126,98.74213836477988,65.40880503144653,33.33333333333333
021Z,02,1Z,0,321,2,319,223,96,inf,0.6230529595015576,99.37694704049844,69.47040498442367,29.906542056074763
022A,02,2A,0,328,2,326,267,59,inf,0.6097560975609756,99.39024390243902,81.40243902439023,17.98780487804878
022B,02,2B,0,372,5,367,330,37,inf,1.3440860215053763,98.65591397849462,88.70967741935483,9.946236559139784
022C,02,2C,0,341,4,337,296,41,inf,1.1730205278592376,98.82697947214076,86.80351906158357,12.023460410557185
022D,02,2D,0,334,1,333,286,47,inf,0.29940119760479045,99.7005988023952,85.62874251497006,14.071856287425149
022E,02,2E,0,320,3,317,273,44,inf,0.9375,99.0625,85.3125,13.750000000000002
022F,02,2F,0,305,2,303,259,44,inf,0.6557377049180327,99.34426229508196,84.91803278688525,14.426229508196723
022G,02,2G,0,438,0,438,342,96,inf,0.0,100.0,78.08219178082192,21.91780821917808
022H,02,2H,0,422,1,421,281,140,inf,0.23696682464454977,99.76303317535546,66.58767772511848,33.175355450236964
022J,02,2J,0,361,1,360,291,69,inf,0.2770083102493075,99.7229916897507,80.60941828254848,19.113573407202217
022K,02,2K,0,368,4,364,309,55,inf,1.0869565217391304,98.91304347826086,83.96739130434783,14.945652173913043
022L,02,2L,0,385,2,383,307,76,inf,0.5194805194805194,99.48051948051948,79.74025974025975,19.74025974025974
022M,02,2M,0,333,1,332,273,59,inf,0.3003003003003003,99.69969969969969,81.98198198198197,17.71771771771772
022N,02,2N,0,337,2,335,267,68,inf,0.5934718100890208,99.40652818991099,79.22848664688428,20.178041543026705
022P,02,2P,0,245,1,244,195,49,inf,0.40816326530612246,99.59183673469387,79.59183673469387,20.0
022Q,02,2Q,0,465,2,463,375,88,inf,0.43010752688172044,99.56989247311829,80.64516129032258,18.9247311827957
022R,02,2R,0,378,4,374,297,77,inf,1.0582010582010581,98.94179894179894,78.57142857142857,20.37037037037037
022S,02,2S,0,446,8,438,357,81,inf,1.7937219730941705,98.20627802690582,80.04484304932735,18.161434977578477
022T,02,2T,0,287,2,285,225,60,inf,0.6968641114982579,99.30313588850174,78.397212543554,20.905923344947734
022U,02,2U,0,406,6,400,325,75,inf,1.477832512315271,98.52216748768473,80.04926108374384,18.472906403940886
022V,02,2V,0,288,16,272,238,34,inf,5.555555555555555,94.44444444444444,82.63888888888889,11.805555555555555
022W,02,2W,0,350,2,348,295,53,inf,0.5714285714285714,99.42857142857143,84.28571428571429,15.142857142857144
022X,02,2X,0,145,3,142,124,18,inf,2.0689655172413794,97.93103448275862,85.51724137931035,12.413793103448276
022Y,02,2Y,0,617,4,613,478,135,inf,0.6482982171799028,99.3517017828201,77.47163695299838,21.88006482982172
022Z,02,2Z,0,565,5,560,395,165,inf,0.8849557522123894,99.11504424778761,69.91150442477876,29.20353982300885
023A,02,3A,0,430,5,425,296,129,inf,1.1627906976744187,98.83720930232558,68.83720930232559,30.0
023AA,02,3AA,0,384,3,381,318,63,inf,0.78125,99.21875,82.8125,16.40625
023AB,02,3AB,0,342,3,339,262,77,inf,0.8771929824561403,99.12280701754386,76.60818713450293,22.514619883040936
023B,02,3B,0,485,3,482,312,170,inf,0.6185567010309279,99.38144329896907,64.3298969072165,35.051546391752574
023C,02,3C,0,403,5,398,300,98,inf,1.240694789081886,98.75930521091811,74.44168734491315,24.317617866004962
023D,02,3D,0,377,0,377,291,86,inf,0.0,100.0,77.18832891246684,22.811671087533156
023E,02,3E,0,382,2,380,303,77,inf,0.5235602094240838,99.47643979057592,79.31937172774869,20.157068062827225
023F,02,3F,0,351,2,349,265,84,inf,0.5698005698005698,99.43019943019942,75.49857549857549,23.931623931623932
023G,02,3G,0,137,1,136,119,17,inf,0.7299270072992701,99.27007299270073,86.86131386861314,12.408759124087592
023H,02,3H,0,265,8,257,172,85,inf,3.018867924528302,96.98113207547169,64.90566037735849,32.075471698113205
023J,02,3J,0,186,0,186,151,35,inf,0.0,100.0,81.18279569892472,18.817204301075268
023K,02,3K,0,335,9,326,214,112,inf,2.6865671641791042,97.31343283582089,63.88059701492538,33.43283582089553
023L,02,3L,0,239,1,238,180,58,inf,0.41841004184100417,99.581589958159,75.31380753138075,24.267782426778243
023M,02,3M,0,298,3,295,248,47,inf,1.006711409395973,98.99328859060402,83.22147651006712,15.771812080536913
023N,02,3N,0,238,2,236,163,73,inf,0.8403361344537815,99.15966386554622,68.4873949579832,30.672268907563026
023P,02,3P,0,212,12,200,162,38,inf,5.660377358490567,94.33962264150944,76.41509433962264,17.92452830188679
023Q,02,3Q,0,230,2,228,187,41,inf,0.8695652173913043,99.1304347826087,81.30434782608695,17.82608695652174
023R,02,3R,0,327,2,325,279,46,inf,0.6116207951070336,99.38837920489296,85.3211009174312,14.067278287461773
023S,02,3S,0,222,0,222,176,46,inf,0.0,100.0,79.27927927927928,20.72072072072072
023T,02,3T,0,310,2,308,261,47,inf,0.6451612903225806,99.35483870967742,84.19354838709677,15.161290322580644
023U,02,3U,0,311,3,308,278,30,inf,0.964630225080386,99.03536977491962,89.38906752411575,9.646302250803858
023V,02,3V,0,252,0,252,227,25,inf,0.0,100.0,90.07936507936508,9.920634920634921
023W,02,3W,0,204,2,202,179,23,inf,0.9803921568627451,99.01960784313727,87.74509803921569,11.27450980392157
023X,02,3X,0,297,4,293,247,46,inf,1.3468013468013467,98.65319865319864,83.16498316498317,15.488215488215488
023Y,02,3Y,0,397,1,396,314,82,inf,0.2518891687657431,99.74811083123426,79.09319899244332,20.65491183879093
023Z,02,3Z,0,259,5,254,196,58,inf,1.9305019305019304,98.06949806949807,75.67567567567568,22.393822393822393
024A,02,4A,0,356,2,354,273,81,inf,0.5617977528089888,99.43820224719101,76.68539325842697,22.752808988764045
024AA,02,4AA,0,495,3,492,388,104,inf,0.6060606060606061,99.39393939393939,78.3838383838384,21.01010101010101
024AB,02,4AB,0,576,3,573,424,149,inf,0.5208333333333333,99.47916666666666,73.61111111111111,25.868055555555557
024AC,02,4AC,0,325,5,320,228,92,inf,1.5384615384615385,98.46153846153847,70.15384615384616,28.307692307692307
024B,02,4B,0,378,27,351,266,85,inf,7.142857142857142,92.85714285714286,70.37037037037037,22.486772486772484
024C,02,4C,0,369,2,367,273,94,inf,0.5420054200542005,99.45799457994579,73.98373983739837,25.474254742547426
024D,02,4D,0,354,2,352,254,98,inf,0.5649717514124294,99.43502824858757,71.75141242937853,27.683615819209038
024E,02,4E,0,406,5,401,282,119,inf,1.2315270935960592,98.76847290640394,69.45812807881774,29.310344827586203
024F,02,4F,0,361,7,354,261,93,inf,1.9390581717451523,98.06094182825484,72.29916897506925,25.761772853185594
024G,02,4G,0,298,3,295,214,81,inf,1.006711409395973,98.99328859060402,71.81208053691275,27.181208053691275
024H,02,4H,0,260,0,260,165,95,inf,0.0,100.0,63.46153846153846,36.53846153846153
024J,02,4J,0,428,9,419,298,121,inf,2.102803738317757,97.89719626168224,69.62616822429906,28.27102803738318
024K,02,4K,0,487,2,485,276,209,inf,0.41067761806981523,99.58932238193019,56.67351129363449,42.91581108829568
024L,02,4L,0,421,6,415,320,95,inf,1.4251781472684086,98.57482185273159,76.00950118764845,22.565320665083135
024M,02,4M,0,557,5,552,392,160,inf,0.8976660682226212,99.10233393177738,70.3770197486535,28.725314183123878
024N,02,4N,0,360,5,355,267,88,inf,1.3888888888888888,98.61111111111111,74.16666666666667,24.444444444444443
024P,02,4P,0,409,3,406,263,143,inf,0.7334963325183375,99.26650366748166,64.30317848410758,34.96332518337408
024Q,02,4Q,0,382,5,377,289,88,inf,1.3089005235602094,98.69109947643979,75.6544502617801,23.036649214659686
024R,02,4R,0,475,6,469,344,125,inf,1.263157894736842,98.73684210526315,72.42105263157896,26.31578947368421
024S,02,4S,0,371,1,370,278,92,inf,0.2695417789757413,99.73045822102425,74.93261455525607,24.797843665768195
024T,02,4T,0,371,6,365,276,89,inf,1.6172506738544474,98.38274932614556,74.39353099730458,23.98921832884097
024U,02,4U,0,427,3,424,299,125,inf,0.702576112412178,99.29742388758783,70.02341920374707,29.274004683840747
024V,02,4V,0,243,1,242,174,68,inf,0.411522633744856,99.58847736625515,71.60493827160494,27.983539094650205
024W,02,4W,0,277,2,275,178,97,inf,0.7220216606498195,99.27797833935018,64.25992779783394,35.018050541516246
024X,02,4X,0,300,3,297,168,129,inf,1.0,99.0,56.00000000000001,43.0
024Y,02,4Y,0,342,3,339,265,74,inf,0.8771929824561403,99.12280701754386,77.48538011695906,21.637426900584796
024Z,02,4Z,0,322,1,321,221,100,inf,0.3105590062111801,99.68944099378882,68.63354037267081,31.05590062111801
025A,02,5A,0,392,2,390,307,83,inf,0.5102040816326531,99.48979591836735,78.31632653061224,21.1734693877551
025AA,02,5AA,0,497,6,491,353,138,inf,1.2072434607645874,98.79275653923541,71.0261569416499,27.76659959758551
025B,02,5B,0,563,11,552,418,134,inf,1.9538188277087036,98.04618117229128,74.24511545293073,23.80106571936057
025C,02,5C,0,438,4,434,338,96,inf,0.91324200913242,99.08675799086758,77.1689497716895,21.91780821917808
025D,02,5D,0,395,7,388,279,109,inf,1.7721518987341773,98.22784810126582,70.63291139240506,27.59493670886076
025E,02,5E,0,483,2,481,350,131,inf,0.4140786749482402,99.58592132505176,72.46376811594203,27.12215320910973
025F,02,5F,0,457,1,456,348,108,inf,0.2188183807439825,99.78118161925602,76.14879649890591,23.63238512035011
025G,02,5G,0,453,11,442,373,69,inf,2.4282560706401766,97.57174392935983,82.33995584988962,15.2317880794702
025H,02,5H,0,441,2,439,324,115,inf,0.45351473922902497,99.54648526077098,73.46938775510205,26.077097505668934
025J,02,5J,0,383,6,377,301,76,inf,1.5665796344647518,98.43342036553526,78.59007832898173,19.843342036553523
025K,02,5K,0,379,1,378,289,89,inf,0.2638522427440633,99.73614775725594,76.2532981530343,23.482849604221638
025L,02,5L,0,749,3,746,538,208,inf,0.4005340453938585,99.59946595460613,71.82910547396529,27.770360480640853
025M,02,5M,0,515,7,508,385,123,inf,1.3592233009708738,98.64077669902913,74.75728155339806,23.883495145631066
025N,02,5N,0,392,5,387,305,82,inf,1.2755102040816326,98.72448979591837,77.8061224489796,20.918367346938776
025P,02,5P,0,359,3,356,272,84,inf,0.8356545961002786,99.16434540389972,75.76601671309191,23.398328690807798
025Q,02,5Q,0,455,4,451,314,137,inf,0.8791208791208791,99.12087912087912,69.01098901098901,30.10989010989011
025R,02,5R,0,531,3,528,404,124,inf,0.5649717514124294,99.43502824858757,76.08286252354048,23.35216572504708
025S,02,5S,0,495,4,491,356,135,inf,0.8080808080808081,99.19191919191918,71.91919191919192,27.27272727272727
025T,02,5T,0,475,2,473,318,155,inf,0.42105263157894735,99.57894736842105,66.94736842105263,32.631578947368425
025U,02,5U,0,417,3,414,332,82,inf,0.7194244604316548,99.28057553956835,79.61630695443645,19.664268585131893
025V,02,5V,0,476,8,468,296,172,inf,1.680672268907563,98.31932773109243,62.18487394957983,36.134453781512605
025W,02,5W,0,439,1,438,343,95,inf,0.22779043280182232,99.77220956719817,78.13211845102505,21.64009111617312
025X,02,5X,0,403,3,400,292,108,inf,0.7444168734491315,99.25558312655087,72.45657568238212,26.799007444168733
025Y,02,5Y,0,414,2,412,315,97,inf,0.4830917874396135,99.51690821256038,76.08695652173914,23.42995169082126
025Z,02,5Z,0,375,2,373,308,65,inf,0.5333333333333333,99.46666666666667,82.13333333333334,17.333333333333336
026A,02,6A,0,529,4,525,253,272,inf,0.7561436672967864,99.24385633270322,47.82608695652174,51.417769376181475
026AA,02,6AA,0,748,9,739,558,181,inf,1.2032085561497325,98.79679144385027,74.59893048128342,24.197860962566846
026AB,02,6AB,0,397,5,392,218,174,inf,1.2594458438287155,98.74055415617129,54.91183879093199,43.8287153652393
026B,02,6B,0,359,4,355,198,157,inf,1.1142061281337048,98.88579387186628,55.15320334261838,43.73259052924791
026C,02,6C,0,398,2,396,249,147,inf,0.5025125628140703,99.49748743718592,62.562814070351756,36.93467336683417
026D,02,6D,0,326,6,320,232,88,inf,1.8404907975460123,98.15950920245399,71.16564417177914,26.993865030674847
026E,02,6E,0,449,1,448,341,107,inf,0.22271714922048996,99.77728285077951,75.94654788418708,23.83073496659243
026F,02,6F,0,316,2,314,230,84,inf,0.6329113924050633,99.36708860759494,72.78481012658227,26.582278481012654
026G,02,6G,0,581,9,572,354,218,inf,1.549053356282272,98.45094664371773,60.92943201376936,37.52151462994836
026H,02,6H,0,487,2,485,377,108,inf,0.41067761806981523,99.58932238193019,77.41273100616016,22.176591375770023
026J,02,6J,0,461,6,455,332,123,inf,1.3015184381778742,98.69848156182212,72.0173535791757,26.68112798264642
026K,02,6K,0,482,5,477,377,100,inf,1.0373443983402488,98.96265560165975,78.21576763485477,20.74688796680498
026L,02,6L,0,399,2,397,306,91,inf,0.5012531328320802,99.49874686716792,76.69172932330827,22.807017543859647
026M,02,6M,0,501,5,496,407,89,inf,0.998003992015968,99.00199600798403,81.23752495009981,17.764471057884233
026N,02,6N,0,488,4,484,310,174,inf,0.819672131147541,99.18032786885246,63.52459016393443,35.65573770491803
026P,02,6P,0,312,11,301,192,109,inf,3.5256410256410255,96.47435897435898,61.53846153846154,34.93589743589743
026Q,02,6Q,0,263,2,261,192,69,inf,0.7604562737642585,99.23954372623575,73.00380228136882,26.23574144486692
026R,02,6R,0,445,5,440,336,104,inf,1.1235955056179776,98.87640449438202,75.50561797752809,23.370786516853933
026S,02,6S,0,446,4,442,337,105,inf,0.8968609865470852,99.10313901345292,75.56053811659193,23.54260089686099
026T,02,6T,0,393,5,388,327,61,inf,1.2722646310432568,98.72773536895674,83.20610687022901,15.521628498727736
026U,02,6U,0,336,2,334,239,95,inf,0.5952380952380952,99.40476190476191,71.13095238095238,28.273809523809522
026V,02,6V,0,470,5,465,368,97,inf,1.0638297872340425,98.93617021276596,78.29787234042553,20.638297872340424
026W,02,6W,0,315,3,312,257,55,inf,0.9523809523809524,99.04761904761905,81.58730158730158,17.46031746031746
026X,02,6X,0,429,1,428,252,176,inf,0.2331002331002331,99.76689976689977,58.74125874125874,41.02564102564102
026Y,02,6Y,0,386,3,383,296,87,inf,0.7772020725388601,99.22279792746113,76.68393782383419,22.53886010362694
026Z,02,6Z,0,389,3,386,304,82,inf,0.7712082262210797,99.22879177377892,78.1491002570694,21.079691516709513
03100,03,100,1277,515,14,501,297,204,40.32889584964761,2.7184466019417477,97.28155339805825,57.66990291262136,39.6116504854369
03101,03,101,902,367,5,362,215,147,40.687361419068736,1.3623978201634876,98.63760217983652,58.58310626702997,40.05449591280654
03102,03,102,1677,630,15,615,380,235,37.567084078711986,2.380952380952381,97.61904761904762,60.317460317460316,37.301587301587304
03103,03,103,1534,500,30,470,300,170,32.59452411994785,6.0,94.0,60.0,34.0
03104,03,104,1443,528,19,509,312,197,36.590436590436596,3.5984848484848486,96.40151515151516,59.09090909090909,37.31060606060606
03105,03,105,1059,490,6,484,315,169,46.27006610009443,1.2244897959183674,98.77551020408163,64.28571428571429,34.48979591836735
03106,03,106,1339,531,28,503,340,163,39.65646004480956,5.273069679849341,94.72693032015066,64.030131826742,30.69679849340866
03107,03,107,884,381,19,362,250,112,43.09954751131222,4.986876640419948,95.01312335958005,65.61679790026247,29.396325459317584
03108,03,108,1347,614,31,583,386,197,45.58277654046029,5.048859934853421,94.95114006514657,62.866449511400646,32.08469055374593
03109,03,109,1487,713,34,679,332,347,47.94889038332212,4.768583450210379,95.23141654978961,46.56381486676017,48.66760168302945
03110,03,110,1433,621,22,599,425,174,43.33565945568737,3.542673107890499,96.45732689210949,68.43800322061192,28.019323671497588
03111,03,111,1363,639,14,625,339,286,46.88187820983126,2.190923317683881,97.80907668231612,53.051643192488264,44.75743348982786
03112,03,112,1227,511,17,494,258,236,41.646291768541154,3.326810176125244,96.67318982387475,50.489236790606654,46.1839530332681
03113,03,113,1486,653,22,631,309,322,43.943472409152086,3.3690658499234303,96.63093415007657,47.32006125574272,49.31087289433385
03114,03,114,1007,443,18,425,173,252,43.992055610724925,4.063205417607223,95.93679458239278,39.05191873589165,56.884875846501124
03115,03,115,978,417,10,407,205,202,42.63803680981595,2.3980815347721824,97.60191846522783,49.16067146282973,48.44124700239808
03116,03,116,1544,606,22,584,346,238,39.248704663212436,3.6303630363036308,96.36963696369637,57.0957095709571,39.273927392739274
03117,03,117,1427,619,15,604,411,193,43.377715487035736,2.4232633279483036,97.5767366720517,66.39741518578353,31.179321486268176
03118,03,118,1362,604,12,592,264,328,44.34654919236417,1.9867549668874174,98.01324503311258,43.70860927152318,54.3046357615894
03119,03,119,1384,553,22,531,248,283,39.956647398843934,3.9783001808318263,96.02169981916818,44.846292947558766,51.17540687160941
03120,03,120,1159,507,15,492,210,282,43.744607420189816,2.9585798816568047,97.0414201183432,41.42011834319527,55.62130177514793
03121,03,121,1238,595,19,576,262,314,48.06138933764136,3.1932773109243695,96.80672268907563,44.03361344537815,52.77310924369748
03122,03,122,1271,531,22,509,158,351,41.778127458693945,4.143126177024483,95.85687382297552,29.75517890772128,66.10169491525424
03123,03,123,1255,593,33,560,263,297,47.25099601593625,5.564924114671164,94.43507588532883,44.35075885328836,50.084317032040474
03124,03,124,1127,527,13,514,234,280,46.76131322094055,2.4667931688804554,97.53320683111954,44.4022770398482,53.13092979127134
03125,03,125,1275,578,22,556,263,293,45.33333333333333,3.8062283737024223,96.19377162629758,45.501730103806224,50.69204152249135
03126,03,126,1133,496,14,482,224,258,43.77758164165931,2.82258064516129,97.17741935483872,45.16129032258064,52.016129032258064
03200,03,200,1417,544,14,530,215,315,38.390966831333806,2.5735294117647056,97.42647058823529,39.52205882352941,57.904411764705884
03201,03,201,636,352,19,333,133,200,55.34591194968554,5.3977272727272725,94.60227272727273,37.784090909090914,56.81818181818182
03202,03,202,865,450,25,425,208,217,52.02312138728323,5.555555555555555,94.44444444444444,46.22222222222222,48.22222222222222
03203,03,203,1386,579,11,568,343,225,41.77489177489178,1.8998272884283247,98.10017271157167,59.240069084628665,38.860103626943
03204,03,204,1187,500,31,469,289,180,42.122999157540015,6.2,93.8,57.8,36.0
03205,03,205,1457,589,23,566,278,288,40.42553191489361,3.904923599320883,96.09507640067912,47.198641765704586,48.89643463497453
03206,03,206,1419,640,39,601,275,326,45.10218463706836,6.09375,93.90625,42.96875,50.9375
03207,03,207,1201,529,15,514,271,243,44.0466278101582,2.835538752362949,97.16446124763705,51.22873345935728,45.93572778827977
03208,03,208,1502,626,8,618,355,263,41.67776298268975,1.2779552715654952,98.7220447284345,56.70926517571885,42.01277955271566
03209,03,209,1524,631,14,617,368,249,41.40419947506562,2.218700475435816,97.78129952456418,58.32012678288431,39.461172741679874
03210,03,210,1219,480,11,469,238,231,39.376538146021325,2.2916666666666665,97.70833333333333,49.583333333333336,48.125
03211,03,211,1393,588,15,573,260,313,42.211055276381906,2.5510204081632653,97.44897959183673,44.21768707482993,53.2312925170068
03212,03,212,1437,551,9,542,314,228,38.34377174669451,1.6333938294010888,98.36660617059891,56.98729582577132,41.37931034482759
03213,03,213,1399,595,16,579,324,255,42.53037884203002,2.689075630252101,97.3109243697479,54.45378151260504,42.857142857142854
03214,03,214,1352,515,10,505,296,209,38.09171597633136,1.9417475728155338,98.05825242718447,57.4757281553398,40.58252427184466
03215,03,215,1344,484,8,476,225,251,36.01190476190476,1.6528925619834711,98.34710743801654,46.48760330578512,51.85950413223141
03216,03,216,1539,627,13,614,338,276,40.74074074074074,2.073365231259968,97.92663476874003,53.90749601275917,44.01913875598086
03217,03,217,1375,619,18,601,321,280,45.018181818181816,2.9079159935379644,97.09208400646203,51.8578352180937,45.23424878836833
03218,03,218,1255,500,8,492,257,235,39.8406374501992,1.6,98.4,51.4,47.0
03219,03,219,1477,658,11,647,360,287,44.54976303317535,1.6717325227963524,98.32826747720364,54.7112462006079,43.61702127659575
03220,03,220,1439,608,10,598,300,298,42.25156358582349,1.644736842105263,98.35526315789474,49.34210526315789,49.01315789473684
03221,03,221,1220,458,17,441,221,220,37.540983606557376,3.711790393013101,96.2882096069869,48.25327510917031,48.03493449781659
03222,03,222,1319,502,6,496,305,191,38.05913570887036,1.1952191235059761,98.80478087649402,60.756972111553786,38.047808764940235
03223,03,223,1392,550,18,532,278,254,39.51149425287356,3.272727272727273,96.72727272727273,50.54545454545455,46.18181818181818
03224,03,224,1229,510,14,496,275,221,41.49715215622457,2.7450980392156863,97.25490196078431,53.92156862745098,43.333333333333336
03300,03,300,1313,531,5,526,240,286,40.44173648134044,0.9416195856873822,99.05838041431262,45.19774011299435,53.86064030131826
03301,03,301,1297,494,11,483,216,267,38.08789514263685,2.2267206477732793,97.77327935222672,43.7246963562753,54.04858299595142
03302,03,302,1582,622,27,595,431,164,39.317319848293295,4.340836012861737,95.65916398713826,69.29260450160771,26.366559485530544
03303,03,303,1364,513,18,495,324,171,37.6099706744868,3.508771929824561,96.49122807017544,63.1578947368421,33.33333333333333
03304,03,304,1372,617,18,599,339,260,44.970845481049565,2.9173419773095626,97.08265802269044,54.94327390599676,42.13938411669368
03305,03,305,1505,631,19,612,372,240,41.926910299003325,3.011093502377179,96.98890649762282,58.9540412044374,38.03486529318542
03306,03,306,1793,658,17,641,330,311,36.69827105409927,2.5835866261398177,97.41641337386018,50.15197568389058,47.264437689969604
03307,03,307,1393,643,17,626,410,216,46.15936826992104,2.6438569206842923,97.3561430793157,63.76360808709176,33.592534992223946
03308,03,308,1468,630,12,618,405,213,42.915531335149865,1.9047619047619049,98.09523809523809,64.28571428571429,33.80952380952381
03309,03,309,1353,579,13,566,382,184,42.793791574279375,2.2452504317789295,97.75474956822107,65.97582037996546,31.77892918825561
03310,03,310,1372,620,16,604,427,177,45.18950437317784,2.5806451612903225,97.41935483870968,68.87096774193549,28.548387096774192
03311,03,311,1492,600,9,591,376,215,40.21447721179624,1.5,98.5,62.66666666666667,35.833333333333336
03312,03,312,1364,630,29,601,418,183,46.18768328445748,4.603174603174604,95.3968253968254,66.34920634920634,29.04761904761905
03313,03,313,1445,649,12,637,344,293,44.91349480968858,1.848998459167951,98.15100154083206,53.004622496147924,45.14637904468413
03314,03,314,1418,464,10,454,271,183,32.722143864598024,2.1551724137931036,97.84482758620689,58.4051724137931,39.439655172413794
03315,03,315,1216,582,5,577,417,160,47.86184210526316,0.859106529209622,99.14089347079039,71.64948453608247,27.491408934707906
03316,03,316,1250,598,9,589,390,199,47.839999999999996,1.5050167224080269,98.49498327759197,65.21739130434783,33.27759197324415
03317,03,317,1604,636,13,623,423,200,39.65087281795511,2.044025157232704,97.95597484276729,66.50943396226415,31.446540880503143
03318,03,318,1225,570,3,567,384,183,46.53061224489796,0.5263157894736842,99.47368421052632,67.36842105263158,32.10526315789474
03319,03,319,1418,550,26,524,368,156,38.787023977433,4.7272727272727275,95.27272727272728,66.9090909090909,28.363636363636363
03320,03,320,1327,533,6,527,280,247,40.16578749058026,1.125703564727955,98.87429643527204,52.5328330206379,46.34146341463415
03321,03,321,1247,592,15,577,405,172,47.47393744987971,2.5337837837837838,97.46621621621621,68.41216216216216,29.054054054054053
03322,03,322,1206,540,10,530,364,166,44.776119402985074,1.8518518518518516,98.14814814814815,67.4074074074074,30.74074074074074
03323,03,323,1109,496,7,489,286,203,44.72497745716862,1.411290322580645,98.58870967741935,57.66129032258065,40.92741935483871
03400,03,400,1357,565,13,552,298,254,41.635961680176855,2.3008849557522124,97.69911504424779,52.743362831858406,44.955752212389385
03401,03,401,1480,616,14,602,455,147,41.62162162162162,2.272727272727273,97.72727272727273,73.86363636363636,23.863636363636363
03402,03,402,1455,653,18,635,404,231,44.87972508591066,2.756508422664625,97.24349157733538,61.86830015313936,35.37519142419602
03403,03,403,1527,619,19,600,402,198,40.537000654878845,3.0694668820678515,96.93053311793214,64.94345718901454,31.98707592891761
03404,03,404,1531,568,10,558,333,225,37.09993468321359,1.7605633802816902,98.23943661971832,58.62676056338029,39.61267605633803
03405,03,405,1562,630,26,604,417,187,40.33290653008963,4.1269841269841265,95.87301587301587,66.19047619047619,29.682539682539684
03406,03,406,1729,715,18,697,398,299,41.35338345864661,2.5174825174825175,97.48251748251748,55.66433566433566,41.81818181818181
03407,03,407,1588,663,16,647,418,229,41.750629722921914,2.413273001508296,97.5867269984917,63.04675716440422,34.53996983408748
03408,03,408,1716,713,21,692,359,333,41.55011655011655,2.9453015427769986,97.054698457223,50.350631136044875,46.70406732117812
03409,03,409,1642,673,18,655,368,287,40.98660170523751,2.674591381872214,97.32540861812778,54.68053491827637,42.64487369985141
03410,03,410,1334,554,10,544,364,180,41.52923538230884,1.8050541516245486,98.19494584837545,65.70397111913357,32.49097472924188
03411,03,411,1655,724,30,694,321,373,43.74622356495468,4.143646408839778,95.85635359116023,44.33701657458563,51.51933701657458
03412,03,412,1529,587,10,577,250,327,38.39110529758012,1.7035775127768313,98.29642248722317,42.58943781942078,55.70698466780238
03413,03,413,1473,622,3,619,266,353,42.22674813306178,0.482315112540193,99.51768488745981,42.765273311897104,56.752411575562704
03414,03,414,1517,610,11,599,229,370,40.21094264996704,1.8032786885245904,98.19672131147541,37.540983606557376,60.65573770491803
03415,03,415,1360,621,11,610,273,337,45.661764705882355,1.7713365539452495,98.22866344605475,43.96135265700483,54.267310789049915
03416,03,416,1353,522,13,509,277,232,38.58093126385809,2.490421455938697,97.5095785440613,53.06513409961686,44.44444444444444
03417,03,417,1563,596,25,571,182,389,38.13179782469609,4.194630872483222,95.80536912751678,30.536912751677853,65.26845637583892
03418,03,418,1437,533,12,521,210,311,37.09116214335421,2.25140712945591,97.74859287054409,39.39962476547842,58.348968105065666
03500,03,500,1336,520,7,513,337,176,38.92215568862276,1.3461538461538463,98.65384615384616,64.8076923076923,33.84615384615385
03501,03,501,1608,628,7,621,410,211,39.0547263681592,1.1146496815286624,98.88535031847134,65.28662420382165,33.59872611464968
03502,03,502,1281,623,16,607,430,177,48.63387978142077,2.568218298555377,97.43178170144462,69.02086677367576,28.41091492776886
03503,03,503,1411,606,9,597,372,225,42.94826364280652,1.4851485148514851,98.51485148514851,61.386138613861384,37.12871287128713
03504,03,504,1393,621,22,599,427,172,44.58004307250538,3.542673107890499,96.45732689210949,68.76006441223832,27.697262479871178
03505,03,505,1414,459,9,450,288,162,32.46110325318246,1.9607843137254901,98.0392156862745,62.745098039215684,35.294117647058826
03506,03,506,1744,614,10,604,375,229,35.206422018348626,1.6286644951140066,98.37133550488599,61.07491856677525,37.29641693811075
03507,03,507,1488,573,13,560,347,213,38.50806451612903,2.2687609075043627,97.73123909249564,60.55846422338569,37.17277486910995
03508,03,508,1429,562,18,544,386,158,39.328201539538135,3.202846975088968,96.79715302491103,68.68327402135232,28.11387900355872
03509,03,509,1496,512,21,491,328,163,34.22459893048128,4.1015625,95.8984375,64.0625,31.8359375
03510,03,510,1436,581,22,559,372,187,40.459610027855156,3.7865748709122204,96.21342512908778,64.02753872633392,32.18588640275387
03511,03,511,1332,565,13,552,367,185,42.41741741741742,2.3008849557522124,97.69911504424779,64.95575221238938,32.743362831858406
03512,03,512,1480,630,11,619,433,186,42.567567567567565,1.746031746031746,98.25396825396825,68.73015873015873,29.523809523809526
03513,03,513,1418,665,23,642,389,253,46.897038081805356,3.4586466165413534,96.54135338345866,58.49624060150376,38.045112781954884
03514,03,514,1501,576,26,550,385,165,38.37441705529647,4.513888888888888,95.48611111111111,66.84027777777779,28.645833333333332
03515,03,515,1374,634,10,624,326,298,46.142649199417754,1.5772870662460567,98.42271293375394,51.419558359621455,47.003154574132495
03516,03,516,1639,712,21,691,323,368,43.44112263575351,2.9494382022471908,97.0505617977528,45.36516853932584,51.68539325842697
03517,03,517,1432,614,16,598,297,301,42.877094972067034,2.6058631921824107,97.39413680781759,48.37133550488599,49.0228013029316
03518,03,518,1278,560,11,549,367,182,43.81846635367762,1.9642857142857142,98.03571428571428,65.53571428571429,32.5
03519,03,519,1364,529,11,518,349,169,38.78299120234604,2.0793950850661624,97.92060491493385,65.97353497164461,31.947069943289225
03520,03,520,1366,516,12,504,342,162,37.774524158125914,2.3255813953488373,97.67441860465115,66.27906976744185,31.3953488372093
03600,03,600,1221,505,10,495,339,156,41.35954135954136,1.9801980198019802,98.01980198019803,67.12871287128714,30.89108910891089
03601,03,601,1350,495,9,486,342,144,36.666666666666664,1.8181818181818181,98.18181818181819,69.0909090909091,29.09090909090909
03602,03,602,1527,595,8,587,427,160,38.9652914210871,1.3445378151260505,98.65546218487395,71.76470588235294,26.89075630252101
03603,03,603,1137,515,7,508,367,141,45.294635004397534,1.3592233009708738,98.64077669902913,71.26213592233009,27.378640776699033
03604,03,604,1410,640,10,630,450,180,45.39007092198582,1.5625,98.4375,70.3125,28.125
03605,03,605,1135,505,15,490,386,104,44.49339207048458,2.9702970297029703,97.02970297029702,76.43564356435644,20.594059405940595
03606,03,606,1225,512,6,506,341,165,41.79591836734694,1.171875,98.828125,66.6015625,32.2265625
03607,03,607,1348,569,8,561,386,175,42.210682492581604,1.4059753954305798,98.59402460456941,67.83831282952548,30.755711775043938
03608,03,608,1571,662,11,651,462,189,42.13876511775939,1.6616314199395772,98.33836858006042,69.78851963746223,28.54984894259819
03609,03,609,946,455,11,444,329,115,48.09725158562368,2.417582417582418,97.58241758241758,72.3076923076923,25.274725274725274
03610,03,610,1097,514,10,504,366,138,46.855059252506834,1.9455252918287937,98.0544747081712,71.20622568093385,26.848249027237355
03611,03,611,1213,472,6,466,357,109,38.91178895300907,1.2711864406779663,98.72881355932203,75.63559322033898,23.093220338983052
03612,03,612,1295,533,8,525,360,165,41.15830115830116,1.5009380863039399,98.49906191369607,67.54221388367729,30.95684803001876
03613,03,613,1485,588,12,576,418,158,39.5959595959596,2.0408163265306123,97.95918367346938,71.08843537414967,26.87074829931973
03614,03,614,1216,487,10,477,345,132,40.04934210526316,2.0533880903490758,97.94661190965093,70.84188911704312,27.104722792607806
03615,03,615,873,342,6,336,240,96,39.175257731958766,1.7543859649122806,98.24561403508771,70.17543859649122,28.07017543859649
03616,03,616,772,360,10,350,271,79,46.63212435233161,2.7777777777777777,97.22222222222221,75.27777777777777,21.944444444444443
03617,03,617,1581,642,11,631,448,183,40.60721062618596,1.7133956386292832,98.28660436137072,69.78193146417445,28.504672897196258
03618,03,618,841,361,5,356,236,120,42.92508917954816,1.3850415512465373,98.61495844875347,65.37396121883657,33.2409972299169
03619,03,619,936,387,4,383,297,86,41.34615384615385,1.03359173126615,98.96640826873386,76.74418604651163,22.22222222222222
03620,03,620,1387,550,11,539,389,150,39.65392934390771,2.0,98.0,70.72727272727273,27.27272727272727
03621,03,621,1309,534,12,522,388,134,40.79449961802903,2.247191011235955,97.75280898876404,72.65917602996255,25.0936329588015
03622,03,622,1190,443,10,433,297,136,37.226890756302524,2.2573363431151243,97.74266365688487,67.04288939051919,30.699774266365687
03623,03,623,1202,510,9,501,348,153,42.42928452579035,1.7647058823529411,98.23529411764706,68.23529411764706,30.0
03624,03,624,1354,520,9,511,371,140,38.404726735598224,1.7307692307692308,98.26923076923076,71.34615384615385,26.923076923076923
03700,03,700,1249,562,9,553,364,189,44.99599679743795,1.601423487544484,98.39857651245552,64.76868327402136,33.629893238434164
03701,03,701,1366,536,2,534,384,150,39.23865300146413,0.3731343283582089,99.6268656716418,71.64179104477611,27.985074626865668
03702,03,702,1124,472,9,463,292,171,41.99288256227758,1.9067796610169492,98.09322033898306,61.86440677966102,36.228813559322035
03703,03,703,1381,574,11,563,388,175,41.564083997103545,1.9163763066202089,98.08362369337979,67.59581881533101,30.48780487804878
03704,03,704,1384,550,13,537,381,156,39.73988439306358,2.3636363636363638,97.63636363636363,69.27272727272728,28.363636363636363
03705,03,705,1086,525,16,509,330,179,48.34254143646409,3.0476190476190474,96.95238095238096,62.857142857142854,34.095238095238095
03706,03,706,1351,493,15,478,347,131,36.49148778682457,3.0425963488843815,96.95740365111561,70.38539553752535,26.57200811359026
03707,03,707,1478,517,8,509,356,153,34.979702300405954,1.5473887814313347,98.45261121856866,68.8588007736944,29.593810444874276
03708,03,708,1350,505,12,493,355,138,37.407407407407405,2.376237623762376,97.62376237623762,70.29702970297029,27.32673267326733
03709,03,709,1383,598,11,587,450,137,43.23933477946493,1.839464882943144,98.16053511705685,75.25083612040135,22.909698996655518
03710,03,710,1591,595,15,580,423,157,37.39786297925833,2.5210084033613445,97.47899159663865,71.09243697478992,26.38655462184874
03711,03,711,1482,549,20,529,363,166,37.044534412955464,3.642987249544627,96.35701275045537,66.12021857923497,30.2367941712204
03712,03,712,1505,556,11,545,433,112,36.943521594684384,1.9784172661870503,98.02158273381295,77.87769784172663,20.14388489208633
03713,03,713,1149,497,12,485,302,183,43.2550043516101,2.414486921529175,97.58551307847083,60.7645875251509,36.820925553319924
03714,03,714,1172,474,12,462,297,165,40.44368600682594,2.5316455696202533,97.46835443037975,62.65822784810127,34.810126582278485
03715,03,715,1063,426,15,411,306,105,40.07525870178739,3.5211267605633805,96.47887323943662,71.83098591549296,24.647887323943664
03716,03,716,1331,579,10,569,401,168,43.501126972201355,1.7271157167530224,98.27288428324698,69.2573402417962,29.015544041450774
03717,03,717,1288,506,5,501,352,149,39.285714285714285,0.9881422924901186,99.01185770750988,69.56521739130434,29.446640316205535
03718,03,718,1366,596,10,586,370,216,43.63103953147877,1.6778523489932886,98.3221476510067,62.08053691275168,36.241610738255034
03719,03,719,1297,575,8,567,412,155,44.33307632999229,1.391304347826087,98.60869565217392,71.65217391304348,26.956521739130434
03720,03,720,1334,531,9,522,392,130,39.805097451274364,1.694915254237288,98.30508474576271,73.82297551789078,24.48210922787194
03721,03,721,1133,418,8,410,305,105,36.89320388349515,1.9138755980861244,98.08612440191388,72.96650717703349,25.11961722488038
03722,03,722,996,383,6,377,268,109,38.45381526104418,1.5665796344647518,98.43342036553526,69.9738903394256,28.459530026109658
03800,03,800,1650,684,26,658,482,176,41.45454545454545,3.8011695906432745,96.19883040935673,70.46783625730994,25.730994152046783
03801,03,801,1064,411,8,403,257,146,38.62781954887218,1.9464720194647203,98.05352798053528,62.530413625304135,35.523114355231144
03802,03,802,1125,464,11,453,338,115,41.24444444444445,2.3706896551724137,97.62931034482759,72.84482758620689,24.78448275862069
03803,03,803,1262,498,13,485,351,134,39.461172741679874,2.610441767068273,97.38955823293173,70.48192771084338,26.907630522088354
03804,03,804,765,343,5,338,246,92,44.83660130718955,1.4577259475218658,98.54227405247813,71.7201166180758,26.82215743440233
03805,03,805,813,344,6,338,245,93,42.31242312423124,1.744186046511628,98.25581395348837,71.22093023255815,27.03488372093023
03806,03,806,1334,498,7,491,313,178,37.331334332833585,1.4056224899598393,98.59437751004016,62.85140562248996,35.7429718875502
03807,03,807,1064,405,6,399,266,133,38.06390977443609,1.4814814814814816,98.51851851851852,65.67901234567901,32.839506172839506
03808,03,808,1151,438,7,431,286,145,38.05386620330148,1.5981735159817352,98.40182648401826,65.29680365296804,33.10502283105023
03809,03,809,1214,318,9,309,217,92,26.194398682042834,2.8301886792452833,97.16981132075472,68.23899371069182,28.930817610062892
03810,03,810,1344,509,3,506,346,160,37.87202380952381,0.5893909626719057,99.41060903732809,67.97642436149313,31.43418467583497
03811,03,811,1374,525,10,515,365,150,38.209606986899566,1.9047619047619049,98.09523809523809,69.52380952380952,28.57142857142857
03812,03,812,1130,458,12,446,252,194,40.530973451327434,2.6200873362445414,97.37991266375546,55.021834061135365,42.35807860262008
03813,03,813,1122,435,4,431,286,145,38.770053475935825,0.9195402298850575,99.08045977011494,65.74712643678161,33.33333333333333
03814,03,814,1481,587,9,578,405,173,39.63538149898717,1.5332197614991483,98.46678023850085,68.99488926746167,29.471890971039183
03815,03,815,1580,643,5,638,437,201,40.69620253164557,0.7776049766718507,99.22239502332815,67.96267496111975,31.259720062208395
03816,03,816,1008,444,5,439,316,123,44.047619047619044,1.1261261261261262,98.87387387387388,71.17117117117117,27.7027027027027
03817,03,817,1281,461,6,455,312,143,35.987509758001565,1.3015184381778742,98.69848156182212,67.67895878524945,31.019522776572668
03818,03,818,1298,507,17,490,309,181,39.060092449922955,3.353057199211045,96.64694280078896,60.946745562130175,35.700197238658774
03819,03,819,967,389,7,382,277,105,40.22750775594622,1.7994858611825193,98.20051413881748,71.2082262210797,26.99228791773779
03820,03,820,1151,425,8,417,279,138,36.9244135534318,1.8823529411764703,98.11764705882354,65.64705882352942,32.470588235294116
03821,03,821,1084,395,5,390,289,101,36.43911439114391,1.2658227848101267,98.73417721518987,73.16455696202532,25.569620253164555
03822,03,822,1263,445,10,435,267,168,35.233570863024546,2.247191011235955,97.75280898876404,60.0,37.752808988764045
03823,03,823,1305,496,8,488,340,148,38.00766283524904,1.6129032258064515,98.38709677419355,68.54838709677419,29.838709677419356
03900,03,900,1263,582,14,568,326,242,46.080760095011875,2.405498281786942,97.59450171821305,56.013745704467354,41.580756013745706
03901,03,901,1335,627,5,622,441,181,46.96629213483146,0.7974481658692184,99.20255183413079,70.33492822966507,28.86762360446571
03902,03,902,1398,654,16,638,257,381,46.78111587982833,2.4464831804281344,97.55351681957187,39.296636085626915,58.256880733944946
03903,03,903,1255,539,9,530,334,196,42.94820717131474,1.6697588126159555,98.33024118738405,61.96660482374769,36.36363636363637
03904,03,904,1339,542,11,531,360,171,40.477968633308436,2.029520295202952,97.97047970479706,66.42066420664207,31.54981549815498
03905,03,905,1280,435,14,421,275,146,33.984375,3.218390804597701,96.7816091954023,63.2183908045977,33.5632183908046
03906,03,906,1060,408,16,392,258,134,38.49056603773585,3.9215686274509802,96.07843137254902,63.23529411764706,32.84313725490196
03907,03,907,1102,440,23,417,277,140,39.92740471869328,5.227272727272727,94.77272727272728,62.95454545454545,31.818181818181817
03908,03,908,1499,537,30,507,343,164,35.823882588392266,5.58659217877095,94.41340782122904,63.87337057728119,30.54003724394786
03909,03,909,1008,443,10,433,237,196,43.948412698412696,2.2573363431151243,97.74266365688487,53.49887133182845,44.24379232505643
03910,03,910,1131,391,10,381,280,101,34.57117595048629,2.557544757033248,97.44245524296676,71.61125319693095,25.831202046035806
03911,03,911,1362,509,9,500,367,133,37.37151248164464,1.768172888015717,98.23182711198429,72.10216110019645,26.129666011787815
03912,03,912,1344,477,16,461,335,126,35.49107142857143,3.3542976939203357,96.64570230607966,70.23060796645703,26.41509433962264
03913,03,913,848,340,5,335,243,92,40.09433962264151,1.4705882352941175,98.52941176470588,71.47058823529412,27.058823529411764
03914,03,914,1195,428,2,426,299,127,35.81589958158996,0.46728971962616817,99.53271028037383,69.85981308411215,29.672897196261683
03915,03,915,853,317,5,312,220,92,37.162954279015246,1.5772870662460567,98.42271293375394,69.4006309148265,29.02208201892745
03916,03,916,1270,496,8,488,313,175,39.05511811023622,1.6129032258064515,98.38709677419355,63.10483870967742,35.28225806451613
03917,03,917,1496,528,15,513,330,183,35.294117647058826,2.840909090909091,97.1590909090909,62.5,34.659090909090914
03918,03,918,1426,536,10,526,347,179,37.58765778401122,1.8656716417910446,98.13432835820896,64.73880597014924,33.3955223880597
03919,03,919,1142,466,9,457,315,142,40.80560420315236,1.9313304721030045,98.068669527897,67.59656652360515,30.472103004291846
03920,03,920,1090,435,11,424,287,137,39.908256880733944,2.528735632183908,97.47126436781609,65.97701149425286,31.494252873563216
03921,03,921,1117,450,7,443,313,130,40.286481647269476,1.5555555555555556,98.44444444444444,69.55555555555556,28.888888888888886
03922,03,922,1576,625,11,614,276,338,39.65736040609137,1.76,98.24000000000001,44.16,54.08
03923,03,923,605,107,3,104,77,27,17.68595041322314,2.803738317757009,97.19626168224299,71.96261682242991,25.233644859813083
03924,03,924,1389,506,14,492,360,132,36.42908567314615,2.766798418972332,97.23320158102767,71.14624505928853,26.08695652173913
03925,03,925,1248,486,6,480,262,218,38.94230769230769,1.2345679012345678,98.76543209876543,53.90946502057613,44.8559670781893
03926,03,926,1393,527,10,517,382,135,37.832017229002155,1.8975332068311195,98.10246679316889,72.48576850094877,25.616698292220114
031A,03,1A,0,722,8,714,450,264,inf,1.10803324099723,98.89196675900277,62.32686980609419,36.56509695290859
031B,03,1B,0,597,3,594,348,246,inf,0.5025125628140703,99.49748743718592,58.291457286432156,41.20603015075377
031C,03,1C,0,603,8,595,413,182,inf,1.3266998341625207,98.67330016583747,68.49087893864014,30.18242122719735
031D,03,1D,0,615,5,610,392,218,inf,0.8130081300813009,99.1869918699187,63.739837398373986,35.44715447154472
031E,03,1E,0,398,8,390,276,114,inf,2.0100502512562812,97.98994974874373,69.34673366834171,28.643216080402013
031F,03,1F,0,615,22,593,376,217,inf,3.577235772357724,96.42276422764228,61.138211382113816,35.28455284552845
031G,03,1G,0,754,10,744,496,248,inf,1.3262599469496021,98.6737400530504,65.78249336870027,32.891246684350136
031H,03,1H,0,1255,15,1240,578,662,inf,1.1952191235059761,98.80478087649402,46.05577689243028,52.74900398406375
031I,03,1I,0,751,6,745,401,344,inf,0.7989347536617843,99.20106524633822,53.39547270306259,45.80559254327563
031K,03,1K,0,834,10,824,430,394,inf,1.1990407673860912,98.8009592326139,51.55875299760192,47.24220623501199
031L,03,1L,0,812,9,803,435,368,inf,1.1083743842364533,98.89162561576354,53.57142857142857,45.320197044334975
031M,03,1M,0,942,13,929,451,478,inf,1.3800424628450108,98.61995753715499,47.87685774946922,50.74309978768577
031N,03,1N,0,1142,8,1134,516,618,inf,0.7005253940455342,99.29947460595446,45.18388791593696,54.115586690017516
032A,03,2A,0,323,4,319,189,130,inf,1.238390092879257,98.76160990712074,58.51393188854489,40.24767801857585
032B,03,2B,0,701,10,691,438,253,inf,1.4265335235378032,98.5734664764622,62.48216833095578,36.091298145506414
032C,03,2C,0,829,11,818,484,334,inf,1.3268998793727382,98.67310012062727,58.383594692400486,40.28950542822678
032D,03,2D,0,1062,13,1049,483,566,inf,1.2241054613935969,98.7758945386064,45.48022598870056,53.29566854990584
032E,03,2E,0,931,10,921,509,412,inf,1.0741138560687433,98.92588614393125,54.672395273899035,44.25349087003222
032F,03,2F,0,860,6,854,457,397,inf,0.6976744186046512,99.30232558139535,53.13953488372093,46.16279069767442
032G,03,2G,0,986,9,977,498,479,inf,0.9127789046653144,99.08722109533468,50.50709939148072,48.580121703853955
032H,03,2H,0,1040,19,1021,628,393,inf,1.826923076923077,98.17307692307692,60.38461538461538,37.78846153846154
032I,03,2I,0,988,7,981,630,351,inf,0.708502024291498,99.2914979757085,63.76518218623482,35.526315789473685
032K,03,2K,0,921,9,912,480,432,inf,0.9771986970684038,99.0228013029316,52.11726384364821,46.90553745928339
032L,03,2L,0,965,7,958,553,405,inf,0.7253886010362695,99.27461139896373,57.30569948186528,41.968911917098445
032M,03,2M,0,1037,12,1025,541,484,inf,1.1571841851494697,98.84281581485052,52.169720347155256,46.673095467695276
032N,03,2N,0,548,6,542,299,243,inf,1.094890510948905,98.90510948905109,54.56204379562044,44.34306569343065
033A,03,3A,0,1042,11,1031,516,515,inf,1.055662188099808,98.9443378119002,49.520153550863725,49.424184261036466
033B,03,3B,0,968,14,954,573,381,inf,1.4462809917355373,98.55371900826447,59.19421487603306,39.35950413223141
033C,03,3C,0,822,8,814,544,270,inf,0.9732360097323601,99.02676399026764,66.18004866180048,32.846715328467155
033D,03,3D,0,1304,16,1288,821,467,inf,1.2269938650306749,98.77300613496932,62.9601226993865,35.81288343558282
033E,03,3E,0,913,10,903,642,261,inf,1.095290251916758,98.90470974808323,70.31763417305586,28.58707557502738
033F,03,3F,0,899,8,891,586,305,inf,0.8898776418242491,99.11012235817576,65.18353726362626,33.9265850945495
033G,03,3G,0,1032,11,1021,589,432,inf,1.065891472868217,98.93410852713178,57.07364341085272,41.86046511627907
033H,03,3H,0,1000,4,996,714,282,inf,0.4,99.6,71.39999999999999,28.199999999999996
033I,03,3I,0,882,7,875,604,271,inf,0.7936507936507936,99.20634920634922,68.48072562358276,30.725623582766442
033K,03,3K,0,968,14,954,668,286,inf,1.4462809917355373,98.55371900826447,69.00826446280992,29.545454545454547
033L,03,3L,0,1171,18,1153,745,408,inf,1.5371477369769428,98.46285226302307,63.620836891545686,34.842015371477366
033M,03,3M,0,869,6,863,602,261,inf,0.6904487917146145,99.30955120828538,69.27502876869966,30.034522439585732
034A,03,4A,0,939,5,934,438,496,inf,0.5324813631522897,99.4675186368477,46.64536741214057,52.822151224707135
034B,03,4B,0,1177,15,1162,549,613,inf,1.274426508071368,98.72557349192863,46.644010195412065,52.08156329651656
034C,03,4C,0,915,14,901,540,361,inf,1.530054644808743,98.46994535519126,59.01639344262295,39.45355191256831
034D,03,4D,0,1106,9,1097,608,489,inf,0.81374321880651,99.18625678119349,54.97287522603978,44.21338155515371
034E,03,4E,0,811,14,797,540,257,inf,1.726263871763255,98.27373612823675,66.58446362515413,31.689272503082616
034F,03,4F,0,1113,15,1098,665,433,inf,1.3477088948787064,98.6522911051213,59.74842767295597,38.90386343216532
034G,03,4G,0,860,10,850,587,263,inf,1.1627906976744187,98.83720930232558,68.25581395348837,30.58139534883721
034H,03,4H,0,568,8,560,343,217,inf,1.4084507042253522,98.59154929577466,60.387323943661976,38.20422535211267
034I,03,4I,0,571,14,557,359,198,inf,2.4518388791593697,97.54816112084063,62.87215411558669,34.676007005253936
034K,03,4K,0,860,16,844,468,376,inf,1.8604651162790697,98.13953488372093,54.418604651162795,43.72093023255814
034L,03,4L,0,441,5,436,277,159,inf,1.1337868480725624,98.86621315192744,62.81179138321995,36.054421768707485
035A,03,5A,0,825,5,820,510,310,inf,0.6060606060606061,99.39393939393939,61.81818181818181,37.57575757575757
035B,03,5B,0,1075,17,1058,605,453,inf,1.5813953488372092,98.4186046511628,56.27906976744186,42.13953488372093
035C,03,5C,0,899,9,890,579,311,inf,1.0011123470522802,98.99888765294772,64.40489432703004,34.59399332591769
035D,03,5D,0,989,9,980,689,291,inf,0.910010111223458,99.08998988877654,69.66632962588474,29.42366026289181
035E,03,5E,0,926,2,924,677,247,inf,0.21598272138228944,99.78401727861771,73.11015118790498,26.673866090712746
035F,03,5F,0,1063,9,1054,726,328,inf,0.8466603951081844,99.15333960489181,68.29727187206021,30.85606773283161
035G,03,5G,0,526,7,519,342,177,inf,1.3307984790874523,98.66920152091255,65.0190114068441,33.65019011406844
035H,03,5H,0,1009,9,1000,701,299,inf,0.8919722497522299,99.10802775024777,69.47472745292369,29.633300297324084
035I,03,5I,0,997,14,983,707,276,inf,1.4042126379137412,98.59578736208626,70.91273821464394,27.68304914744233
035K,03,5K,0,1070,9,1061,735,326,inf,0.8411214953271028,99.1588785046729,68.69158878504673,30.467289719626166
035L,03,5L,0,480,5,475,299,176,inf,1.0416666666666665,98.95833333333334,62.291666666666664,36.666666666666664
035M,03,5M,0,726,11,715,466,249,inf,1.5151515151515151,98.48484848484848,64.18732782369146,34.29752066115703
036A,03,6A,0,916,10,906,608,298,inf,1.0917030567685588,98.90829694323145,66.37554585152839,32.532751091703055
036B,03,6B,0,964,4,960,738,222,inf,0.4149377593360996,99.5850622406639,76.55601659751036,23.029045643153527
036C,03,6C,0,954,5,949,682,267,inf,0.5241090146750524,99.47589098532494,71.48846960167715,27.9874213836478
036D,03,6D,0,622,13,609,426,183,inf,2.090032154340836,97.90996784565917,68.48874598070739,29.421221864951768
036E,03,6E,0,1128,13,1115,780,335,inf,1.152482269503546,98.84751773049646,69.14893617021278,29.69858156028369
036F,03,6F,0,552,5,547,389,158,inf,0.9057971014492754,99.09420289855072,70.47101449275362,28.6231884057971
036G,03,6G,0,596,7,589,429,160,inf,1.174496644295302,98.8255033557047,71.97986577181209,26.845637583892618
036H,03,6H,0,844,8,836,582,254,inf,0.9478672985781991,99.0521327014218,68.95734597156398,30.09478672985782
036I,03,6I,0,959,8,951,650,301,inf,0.8342022940563086,99.16579770594369,67.77893639207507,31.386861313868614
036K,03,6K,0,1026,6,1020,758,262,inf,0.5847953216374269,99.41520467836257,73.87914230019493,25.53606237816764
036L,03,6L,0,1047,12,1035,757,278,inf,1.146131805157593,98.8538681948424,72.30181470869151,26.552053486150907
036M,03,6M,0,920,0,920,632,288,inf,0.0,100.0,68.69565217391305,31.30434782608696
036N,03,6N,0,1046,7,1039,717,322,inf,0.6692160611854685,99.33078393881452,68.54684512428298,30.78393881453155
036P,03,6P,0,906,11,895,612,283,inf,1.2141280353200883,98.78587196467991,67.54966887417218,31.236203090507725
037A,03,7A,0,911,8,903,598,305,inf,0.8781558726673985,99.12184412733261,65.64215148188804,33.479692645444565
037B,03,7B,0,958,9,949,643,306,inf,0.9394572025052191,99.06054279749478,67.11899791231733,31.941544885177453
037C,03,7C,0,840,18,822,549,273,inf,2.142857142857143,97.85714285714285,65.35714285714286,32.5
037D,03,7D,0,781,7,774,517,257,inf,0.8962868117797695,99.10371318822023,66.19718309859155,32.90653008962868
037E,03,7E,0,989,11,978,685,293,inf,1.1122345803842264,98.88776541961577,69.26188068756319,29.625884732052576
037F,03,7F,0,1023,20,1003,774,229,inf,1.9550342130987293,98.04496578690127,75.65982404692082,22.385141739980448
037G,03,7G,0,997,16,981,703,278,inf,1.60481444332999,98.39518555667,70.51153460381143,27.883650952858574
037H,03,7H,0,1046,9,1037,732,305,inf,0.8604206500956023,99.1395793499044,69.98087954110899,29.15869980879541
037I,03,7I,0,1005,6,999,716,283,inf,0.5970149253731344,99.40298507462687,71.24378109452736,28.1592039800995
037K,03,7K,0,1009,16,993,728,265,inf,1.5857284440039643,98.41427155599604,72.15064420218039,26.26362735381566
037L,03,7L,0,519,3,516,380,136,inf,0.5780346820809248,99.42196531791907,73.21772639691714,26.204238921001927
037M,03,7M,0,1038,10,1028,766,262,inf,0.9633911368015413,99.03660886319847,73.79576107899807,25.240847784200387
038A,03,8A,0,970,12,958,675,283,inf,1.2371134020618557,98.76288659793815,69.58762886597938,29.175257731958766
038B,03,8B,0,1105,8,1097,681,416,inf,0.7239819004524887,99.27601809954751,61.6289592760181,37.64705882352941
038C,03,8C,0,1029,10,1019,631,388,inf,0.9718172983479106,99.02818270165209,61.32167152575316,37.70651117589893
038D,03,8D,0,668,10,658,429,229,inf,1.4970059880239521,98.50299401197606,64.22155688622755,34.2814371257485
038E,03,8E,0,1019,20,999,631,368,inf,1.9627085377821394,98.03729146221785,61.9234543670265,36.113837095191364
038F,03,8F,0,1066,11,1055,707,348,inf,1.0318949343339587,98.96810506566605,66.32270168855536,32.645403377110696
038G,03,8G,0,619,2,617,410,207,inf,0.32310177705977383,99.67689822294022,66.23586429725363,33.44103392568659
038H,03,8H,0,622,12,610,329,281,inf,1.929260450160772,98.07073954983923,52.89389067524116,45.17684887459807
038I,03,8I,0,924,10,914,676,238,inf,1.0822510822510822,98.91774891774891,73.16017316017316,25.757575757575758
038K,03,8K,0,1016,7,1009,660,349,inf,0.6889763779527559,99.31102362204724,64.96062992125984,34.3503937007874
038L,03,8L,0,999,10,989,684,305,inf,1.001001001001001,98.998998998999,68.46846846846847,30.53053053053053
038M,03,8M,0,938,7,931,616,315,inf,0.7462686567164178,99.25373134328358,65.67164179104478,33.582089552238806
038N,03,8N,0,474,7,467,303,164,inf,1.4767932489451476,98.52320675105484,63.92405063291139,34.59915611814346
038P,03,8P,0,1049,5,1044,675,369,inf,0.47664442326024786,99.52335557673975,64.34699714013345,35.17635843660629
039A,03,9A,0,452,5,447,350,97,inf,1.1061946902654867,98.89380530973452,77.43362831858407,21.460176991150444
039B,03,9B,0,957,5,952,630,322,inf,0.522466039707419,99.47753396029259,65.8307210031348,33.646812957157785
039C,03,9C,0,831,9,822,456,366,inf,1.083032490974729,98.91696750902527,54.87364620938629,44.04332129963899
039D,03,9D,0,587,4,583,384,199,inf,0.6814310051107325,99.31856899488926,65.41737649063032,33.901192504258944
039E,03,9E,0,755,10,745,527,218,inf,1.3245033112582782,98.67549668874173,69.80132450331126,28.874172185430464
039F,03,9F,0,620,7,613,405,208,inf,1.129032258064516,98.87096774193549,65.32258064516128,33.5483870967742
039G,03,9G,0,662,8,654,479,175,inf,1.2084592145015105,98.79154078549848,72.35649546827794,26.435045317220546
039H,03,9H,0,760,5,755,516,239,inf,0.6578947368421052,99.3421052631579,67.89473684210526,31.44736842105263
039I,03,9I,0,913,10,903,656,247,inf,1.095290251916758,98.90470974808323,71.85104052573932,27.053669222343924
039K,03,9K,0,834,9,825,568,257,inf,1.079136690647482,98.92086330935251,68.10551558752998,30.815347721822544
039L,03,9L,0,1091,7,1084,694,390,inf,0.6416131989000917,99.35838680109991,63.61136571952337,35.747021081576534
039M,03,9M,0,1152,12,1140,772,368,inf,1.0416666666666665,98.95833333333334,67.01388888888889,31.944444444444443
039N,03,9N,0,1226,14,1212,771,441,inf,1.1419249592169658,98.85807504078304,62.88743882544862,35.97063621533442
039P,03,9P,0,454,2,452,331,121,inf,0.4405286343612335,99.55947136563876,72.90748898678414,26.651982378854626
039Q,03,9Q,0,741,9,732,359,373,inf,1.214574898785425,98.78542510121457,48.44804318488529,50.337381916329285
04101,04,101,1149,403,28,375,259,116,35.0739773716275,6.9478908188585615,93.05210918114145,64.26799007444168,28.78411910669975
04102,04,102,696,229,19,210,152,58,32.90229885057471,8.296943231441048,91.70305676855895,66.37554585152839,25.327510917030565
04103,04,103,1261,496,17,479,252,227,39.33386201427439,3.4274193548387095,96.57258064516128,50.806451612903224,45.766129032258064
04104,04,104,1021,351,14,337,234,103,34.37806072477963,3.9886039886039883,96.01139601139602,66.66666666666666,29.34472934472934
04105,04,105,1156,411,21,390,275,115,35.55363321799308,5.109489051094891,94.8905109489051,66.90997566909975,27.980535279805352
04106,04,106,1013,384,19,365,251,114,37.90720631786772,4.947916666666666,95.05208333333334,65.36458333333334,29.6875
04107,04,107,1206,441,47,394,224,170,36.56716417910448,10.657596371882086,89.34240362811792,50.79365079365079,38.54875283446712
04108,04,108,454,192,6,186,122,64,42.290748898678416,3.125,96.875,63.541666666666664,33.33333333333333
04109,04,109,1065,360,19,341,242,99,33.80281690140845,5.277777777777778,94.72222222222221,67.22222222222223,27.500000000000004
04110,04,110,1180,459,30,429,257,172,38.89830508474576,6.535947712418301,93.4640522875817,55.99128540305011,37.47276688453159
04111,04,111,980,386,12,374,220,154,39.38775510204081,3.1088082901554404,96.89119170984456,56.994818652849744,39.89637305699482
04112,04,112,1187,495,14,481,340,141,41.70176916596461,2.8282828282828283,97.17171717171718,68.68686868686868,28.484848484848484
04113,04,113,1344,547,27,520,341,179,40.69940476190476,4.93601462522852,95.06398537477148,62.3400365630713,32.72394881170018
04114,04,114,1173,445,13,432,272,160,37.93691389599318,2.9213483146067416,97.07865168539325,61.12359550561798,35.95505617977528
04115,04,115,1141,467,19,448,292,156,40.92900964066608,4.068522483940043,95.93147751605996,62.526766595289075,33.40471092077088
04116,04,116,1272,530,15,515,324,191,41.66666666666667,2.8301886792452833,97.16981132075472,61.13207547169811,36.0377358490566
04117,04,117,1035,411,21,390,219,171,39.710144927536234,5.109489051094891,94.8905109489051,53.284671532846716,41.605839416058394
04118,04,118,1137,401,18,383,248,135,35.26824978012313,4.488778054862843,95.51122194513717,61.84538653366584,33.66583541147132
04119,04,119,1234,465,12,453,293,160,37.68233387358185,2.5806451612903225,97.41935483870968,63.01075268817205,34.40860215053764
04201,04,201,938,340,10,330,136,194,36.247334754797436,2.941176470588235,97.05882352941177,40.0,57.05882352941176
04202,04,202,1103,393,5,388,155,233,35.63009972801451,1.2722646310432568,98.72773536895674,39.44020356234097,59.28753180661578
04203,04,203,981,337,13,324,124,200,34.352701325178394,3.857566765578635,96.14243323442136,36.795252225519285,59.34718100890207
04204,04,204,1332,476,39,437,228,209,35.73573573573574,8.193277310924369,91.80672268907563,47.89915966386555,43.90756302521008
04205,04,205,921,387,14,373,135,238,42.01954397394137,3.6175710594315245,96.38242894056847,34.883720930232556,61.49870801033591
04206,04,206,1185,506,26,480,244,236,42.700421940928265,5.138339920948617,94.86166007905138,48.22134387351779,46.6403162055336
04207,04,207,1180,429,17,412,209,203,36.35593220338983,3.9627039627039626,96.03729603729604,48.717948717948715,47.31934731934732
04208,04,208,1184,312,29,283,203,80,26.351351351351347,9.294871794871796,90.7051282051282,65.06410256410257,25.64102564102564
04209,04,209,991,410,17,393,175,218,41.372351160444,4.146341463414634,95.85365853658536,42.68292682926829,53.170731707317074
04210,04,210,1164,477,20,457,218,239,40.97938144329897,4.1928721174004195,95.80712788259959,45.70230607966457,50.10482180293501
04211,04,211,1075,448,12,436,178,258,41.674418604651166,2.6785714285714284,97.32142857142857,39.732142857142854,57.58928571428571
04212,04,212,1217,448,30,418,185,233,36.81183237469187,6.696428571428571,93.30357142857143,41.294642857142854,52.00892857142857
04213,04,213,832,320,8,312,103,209,38.46153846153847,2.5,97.5,32.1875,65.3125
04214,04,214,1285,497,18,479,263,216,38.677042801556425,3.6217303822937628,96.37826961770624,52.91750503018109,43.460764587525155
04215,04,215,1025,381,13,368,240,128,37.170731707317074,3.4120734908136483,96.58792650918635,62.99212598425197,33.59580052493438
04216,04,216,1304,531,20,511,212,299,40.72085889570552,3.766478342749529,96.23352165725048,39.92467043314501,56.30885122410546
04217,04,217,1271,516,28,488,218,270,40.597954366640444,5.426356589147287,94.57364341085271,42.248062015503876,52.32558139534884
04218,04,218,1226,492,20,472,223,249,40.1305057096248,4.0650406504065035,95.9349593495935,45.32520325203252,50.609756097560975
04219,04,219,1172,475,15,460,244,216,40.529010238907844,3.1578947368421053,96.84210526315789,51.368421052631575,45.473684210526315
04220,04,220,1155,517,11,506,182,324,44.761904761904766,2.127659574468085,97.87234042553192,35.20309477756286,62.66924564796905
04221,04,221,1211,482,13,469,220,249,39.8018166804294,2.6970954356846475,97.30290456431536,45.643153526970956,51.65975103734441
04222,04,222,1225,457,10,447,255,192,37.306122448979586,2.1881838074398248,97.81181619256017,55.798687089715536,42.01312910284464
04223,04,223,1100,417,16,401,221,180,37.90909090909091,3.8369304556354913,96.1630695443645,52.99760191846523,43.16546762589928
04224,04,224,1063,475,13,462,131,331,44.68485418626529,2.736842105263158,97.26315789473684,27.57894736842105,69.6842105263158
04225,04,225,1362,467,21,446,269,177,34.287812041116005,4.496788008565311,95.50321199143468,57.601713062098504,37.901498929336185
04226,04,226,1087,422,21,401,174,227,38.822447102115916,4.976303317535545,95.02369668246445,41.23222748815166,53.79146919431279
04227,04,227,1070,457,11,446,152,294,42.71028037383178,2.4070021881838075,97.59299781181619,33.260393873085334,64.33260393873084
04301,04,301,1236,429,22,407,298,109,34.70873786407767,5.128205128205128,94.87179487179486,69.46386946386947,25.407925407925408
04302,04,302,1055,432,14,418,251,167,40.9478672985782,3.2407407407407405,96.75925925925925,58.10185185185185,38.657407407407405
04303,04,303,1161,497,21,476,272,204,42.80792420327304,4.225352112676056,95.77464788732394,54.72837022132797,41.04627766599598
04304,04,304,1038,431,10,421,226,195,41.52215799614643,2.320185614849188,97.6798143851508,52.43619489559165,45.243619489559165
04305,04,305,952,355,10,345,242,103,37.28991596638656,2.8169014084507045,97.1830985915493,68.16901408450704,29.014084507042252
04306,04,306,1053,502,17,485,334,151,47.673314339981005,3.386454183266932,96.61354581673307,66.53386454183267,30.0796812749004
04307,04,307,1186,535,14,521,347,174,45.10961214165262,2.6168224299065423,97.38317757009347,64.85981308411215,32.52336448598131
04308,04,308,776,313,11,302,167,135,40.33505154639175,3.5143769968051117,96.48562300319489,53.35463258785943,43.13099041533546
04309,04,309,1302,522,20,502,264,238,40.09216589861751,3.8314176245210727,96.16858237547893,50.57471264367817,45.593869731800766
04310,04,310,1167,502,20,482,295,187,43.01628106255356,3.9840637450199203,96.01593625498009,58.76494023904383,37.25099601593625
04311,04,311,973,394,14,380,209,171,40.49331963001028,3.5532994923857872,96.44670050761421,53.045685279187815,43.401015228426395
04312,04,312,806,323,5,318,221,97,40.074441687344915,1.5479876160990713,98.45201238390094,68.42105263157895,30.030959752321984
04313,04,313,1193,460,17,443,234,209,38.558256496228,3.6956521739130435,96.30434782608695,50.8695652173913,45.43478260869565
04314,04,314,1136,413,8,405,252,153,36.3556338028169,1.937046004842615,98.06295399515739,61.016949152542374,37.04600484261501
04315,04,315,1095,456,12,444,259,185,41.64383561643836,2.631578947368421,97.36842105263158,56.79824561403509,40.57017543859649
04316,04,316,1169,477,23,454,215,239,40.804106073567155,4.821802935010482,95.17819706498952,45.073375262054505,50.10482180293501
04317,04,317,990,418,16,402,188,214,42.22222222222222,3.827751196172249,96.17224880382776,44.97607655502392,51.196172248803826
04318,04,318,1127,513,14,499,302,197,45.51907719609583,2.729044834307992,97.270955165692,58.86939571150097,38.40155945419103
04319,04,319,907,364,14,350,194,156,40.132304299889746,3.8461538461538463,96.15384615384616,53.2967032967033,42.857142857142854
04320,04,320,1035,412,12,400,241,159,39.806763285024154,2.912621359223301,97.0873786407767,58.495145631067956,38.592233009708735
04321,04,321,1112,464,23,441,260,181,41.726618705035975,4.956896551724138,95.04310344827587,56.03448275862068,39.008620689655174
04322,04,322,1181,490,10,480,250,230,41.49026248941575,2.0408163265306123,97.95918367346938,51.02040816326531,46.93877551020408
04323,04,323,1102,443,22,421,222,199,40.19963702359347,4.966139954853273,95.03386004514672,50.112866817155755,44.92099322799097
04324,04,324,1091,416,9,407,226,181,38.13015582034831,2.1634615384615383,97.83653846153845,54.32692307692307,43.50961538461539
04325,04,325,678,225,9,216,124,92,33.1858407079646,4.0,96.0,55.111111111111114,40.88888888888889
04326,04,326,932,360,7,353,230,123,38.62660944206009,1.9444444444444444,98.05555555555556,63.888888888888886,34.166666666666664
04327,04,327,1012,414,15,399,276,123,40.909090909090914,3.6231884057971016,96.37681159420289,66.66666666666666,29.71014492753623
04328,04,328,1015,425,16,409,259,150,41.87192118226601,3.7647058823529407,96.23529411764706,60.94117647058823,35.294117647058826
04329,04,329,1193,529,15,514,325,189,44.3419949706622,2.835538752362949,97.16446124763705,61.43667296786389,35.72778827977316
04401,04,401,1326,503,19,484,319,165,37.93363499245852,3.7773359840954273,96.22266401590457,63.41948310139165,32.80318091451292
04402,04,402,1138,441,23,418,276,142,38.752196836555356,5.215419501133787,94.7845804988662,62.585034013605444,32.19954648526077
04403,04,403,532,166,4,162,96,66,31.203007518796994,2.4096385542168677,97.59036144578313,57.831325301204814,39.75903614457831
04404,04,404,1058,448,24,424,262,162,42.34404536862004,5.357142857142857,94.64285714285714,58.48214285714286,36.160714285714285
04405,04,405,1109,466,14,452,264,188,42.019837691614065,3.004291845493562,96.99570815450643,56.65236051502146,40.343347639484975
04406,04,406,1157,458,34,424,288,136,39.58513396715644,7.423580786026202,92.57641921397381,62.882096069869,29.694323144104807
04407,04,407,988,400,40,360,229,131,40.48582995951417,10.0,90.0,57.25,32.75
04408,04,408,1143,408,10,398,254,144,35.69553805774278,2.450980392156863,97.54901960784314,62.254901960784316,35.294117647058826
04409,04,409,1243,454,12,442,256,186,36.52453740949316,2.643171806167401,97.3568281938326,56.38766519823789,40.969162995594715
04410,04,410,1222,511,30,481,313,168,41.81669394435352,5.870841487279844,94.12915851272015,61.25244618395303,32.87671232876712
04411,04,411,1153,464,7,457,238,219,40.24284475281873,1.5086206896551724,98.49137931034483,51.293103448275865,47.19827586206897
04412,04,412,1032,428,12,416,239,177,41.47286821705426,2.803738317757009,97.19626168224299,55.84112149532711,41.35514018691589
04413,04,413,1137,481,11,470,261,209,42.30430958663149,2.2869022869022873,97.71309771309772,54.26195426195426,43.45114345114345
04414,04,414,1007,396,10,386,208,178,39.32472691161867,2.525252525252525,97.47474747474747,52.52525252525253,44.94949494949495
04415,04,415,960,353,12,341,192,149,36.770833333333336,3.39943342776204,96.60056657223795,54.39093484419264,42.20963172804532
04416,04,416,858,325,29,296,199,97,37.878787878787875,8.923076923076923,91.07692307692308,61.23076923076923,29.846153846153843
04417,04,417,1112,439,15,424,226,198,39.47841726618705,3.416856492027335,96.58314350797266,51.48063781321185,45.10250569476082
04418,04,418,846,355,10,345,163,182,41.96217494089834,2.8169014084507045,97.1830985915493,45.91549295774648,51.267605633802816
04419,04,419,1234,467,13,454,247,207,37.84440842787682,2.7837259100642395,97.21627408993577,52.890792291220556,44.3254817987152
04420,04,420,781,287,16,271,139,132,36.74775928297055,5.574912891986063,94.42508710801394,48.43205574912892,45.99303135888502
04421,04,421,942,359,9,350,194,156,38.1104033970276,2.5069637883008355,97.49303621169916,54.038997214484674,43.45403899721448
04422,04,422,1274,466,7,459,211,248,36.57770800627944,1.502145922746781,98.49785407725322,45.27896995708154,53.21888412017167
04423,04,423,837,310,11,299,161,138,37.03703703703704,3.5483870967741935,96.45161290322581,51.935483870967744,44.516129032258064
04424,04,424,1211,500,18,482,232,250,41.28819157720891,3.5999999999999996,96.39999999999999,46.400000000000006,50.0
04425,04,425,1136,416,18,398,179,219,36.61971830985916,4.326923076923077,95.67307692307693,43.02884615384615,52.644230769230774
04426,04,426,1039,426,12,414,215,199,41.000962463907605,2.8169014084507045,97.1830985915493,50.46948356807511,46.71361502347418
04427,04,427,1305,425,21,404,239,165,32.56704980842912,4.941176470588235,95.05882352941177,56.23529411764706,38.82352941176471
04428,04,428,1213,524,27,497,274,223,43.19868095630668,5.152671755725191,94.8473282442748,52.29007633587786,42.55725190839695
04429,04,429,882,393,9,384,202,182,44.5578231292517,2.2900763358778624,97.70992366412213,51.399491094147585,46.31043256997455
04430,04,430,784,303,14,289,145,144,38.64795918367347,4.62046204620462,95.37953795379538,47.85478547854785,47.524752475247524
04501,04,501,1144,480,5,475,127,348,41.95804195804196,1.0416666666666665,98.95833333333334,26.458333333333332,72.5
04502,04,502,1075,401,18,383,92,291,37.30232558139535,4.488778054862843,95.51122194513717,22.942643391521198,72.56857855361596
04503,04,503,1108,435,9,426,135,291,39.25992779783393,2.0689655172413794,97.93103448275862,31.03448275862069,66.89655172413794
04504,04,504,1231,475,25,450,234,216,38.58651502843217,5.263157894736842,94.73684210526315,49.26315789473684,45.473684210526315
04505,04,505,1042,394,14,380,199,181,37.81190019193858,3.5532994923857872,96.44670050761421,50.50761421319797,45.93908629441624
04506,04,506,1139,431,22,409,214,195,37.84021071115013,5.104408352668213,94.89559164733178,49.651972157772626,45.243619489559165
04507,04,507,922,340,14,326,174,152,36.8763557483731,4.117647058823529,95.88235294117648,51.17647058823529,44.70588235294118
04508,04,508,826,385,12,373,195,178,46.61016949152542,3.116883116883117,96.88311688311688,50.649350649350644,46.23376623376623
04509,04,509,1171,430,14,416,207,209,36.72075149444919,3.255813953488372,96.74418604651163,48.13953488372093,48.604651162790695
04510,04,510,1098,421,16,405,208,197,38.342440801457194,3.800475059382423,96.19952494061758,49.4061757719715,46.79334916864608
04511,04,511,1135,381,11,370,165,205,33.56828193832599,2.8871391076115485,97.11286089238845,43.30708661417323,53.805774278215225
04512,04,512,1112,415,21,394,218,176,37.32014388489209,5.0602409638554215,94.93975903614458,52.53012048192771,42.40963855421687
04513,04,513,882,332,12,320,160,160,37.641723356009074,3.614457831325301,96.3855421686747,48.19277108433735,48.19277108433735
04514,04,514,894,292,7,285,129,156,32.662192393736014,2.3972602739726026,97.6027397260274,44.178082191780824,53.42465753424658
04515,04,515,889,308,14,294,179,115,34.645669291338585,4.545454545454546,95.45454545454545,58.11688311688312,37.33766233766234
04516,04,516,972,367,26,341,177,164,37.757201646090536,7.084468664850137,92.91553133514986,48.228882833787466,44.6866485013624
04517,04,517,761,304,11,293,169,124,39.94743758212878,3.618421052631579,96.38157894736842,55.5921052631579,40.78947368421053
04518,04,518,989,335,10,325,183,142,33.872598584428715,2.9850746268656714,97.01492537313433,54.62686567164179,42.38805970149254
04519,04,519,1261,503,23,480,256,224,39.888977002379065,4.572564612326044,95.42743538767395,50.89463220675944,44.53280318091451
04520,04,520,1338,508,31,477,206,271,37.96711509715994,6.102362204724409,93.89763779527559,40.55118110236221,53.34645669291339
04521,04,521,944,361,19,342,129,213,38.24152542372881,5.263157894736842,94.73684210526315,35.73407202216066,59.0027700831025
04522,04,522,1115,454,16,438,109,329,40.71748878923766,3.524229074889868,96.47577092511013,24.008810572687224,72.4669603524229
04523,04,523,1082,445,20,425,174,251,41.1275415896488,4.49438202247191,95.50561797752809,39.10112359550561,56.40449438202248
04524,04,524,1184,395,20,375,77,298,33.361486486486484,5.063291139240507,94.9367088607595,19.49367088607595,75.44303797468355
04525,04,525,1132,358,22,336,103,233,31.62544169611308,6.145251396648044,93.85474860335195,28.77094972067039,65.08379888268156
04526,04,526,1073,330,11,319,147,172,30.75489282385834,3.3333333333333335,96.66666666666667,44.54545454545455,52.121212121212125
04527,04,527,808,353,19,334,205,129,43.68811881188119,5.382436260623229,94.61756373937678,58.07365439093485,36.54390934844193
04528,04,528,802,318,9,309,138,171,39.65087281795511,2.8301886792452833,97.16981132075472,43.39622641509434,53.77358490566038
04529,04,529,1118,363,10,353,185,168,32.46869409660108,2.7548209366391188,97.2451790633609,50.964187327823694,46.28099173553719
04601,04,601,1059,420,8,412,207,205,39.6600566572238,1.9047619047619049,98.09523809523809,49.28571428571429,48.80952380952381
04602,04,602,1039,438,9,429,213,216,42.15591915303176,2.054794520547945,97.94520547945206,48.63013698630137,49.31506849315068
04603,04,603,1133,407,12,395,217,178,35.92233009708738,2.9484029484029484,97.05159705159704,53.31695331695332,43.73464373464373
04604,04,604,1016,384,19,365,207,158,37.79527559055118,4.947916666666666,95.05208333333334,53.90625,41.14583333333333
04605,04,605,1077,418,13,405,226,179,38.81151346332405,3.110047846889952,96.88995215311004,54.066985645933016,42.822966507177036
04606,04,606,1228,518,16,502,275,227,42.18241042345277,3.088803088803089,96.91119691119691,53.0888030888031,43.82239382239382
04607,04,607,1126,415,10,405,209,196,36.85612788632327,2.4096385542168677,97.59036144578313,50.36144578313253,47.2289156626506
04608,04,608,1186,423,19,404,219,185,35.66610455311973,4.491725768321513,95.50827423167848,51.77304964539007,43.73522458628842
04609,04,609,1139,420,12,408,220,188,36.87445127304653,2.857142857142857,97.14285714285714,52.38095238095239,44.761904761904766
04610,04,610,1140,475,9,466,260,206,41.66666666666667,1.8947368421052633,98.10526315789474,54.736842105263165,43.368421052631575
04611,04,611,1038,450,20,430,215,215,43.35260115606936,4.444444444444445,95.55555555555556,47.77777777777778,47.77777777777778
04612,04,612,1356,536,46,490,279,211,39.52802359882006,8.582089552238806,91.4179104477612,52.052238805970156,39.365671641791046
04613,04,613,1267,438,11,427,234,193,34.569850039463304,2.5114155251141552,97.48858447488584,53.42465753424658,44.06392694063927
04614,04,614,1118,435,10,425,220,205,38.9087656529517,2.2988505747126435,97.70114942528735,50.57471264367817,47.12643678160919
04615,04,615,1126,476,21,455,253,202,42.273534635879216,4.411764705882353,95.58823529411765,53.15126050420168,42.436974789915965
04616,04,616,1004,380,8,372,246,126,37.84860557768924,2.1052631578947367,97.89473684210527,64.73684210526316,33.1578947368421
04617,04,617,1313,479,11,468,266,202,36.481340441736485,2.2964509394572024,97.7035490605428,55.53235908141963,42.17118997912318
04618,04,618,1119,430,10,420,236,184,38.42716711349419,2.3255813953488373,97.67441860465115,54.88372093023256,42.7906976744186
04619,04,619,1068,425,12,413,227,186,39.7940074906367,2.823529411764706,97.1764705882353,53.41176470588235,43.76470588235294
04620,04,620,1288,421,12,409,228,181,32.68633540372671,2.8503562945368173,97.14964370546319,54.156769596199524,42.99287410926366
04621,04,621,1246,480,16,464,268,196,38.52327447833066,3.3333333333333335,96.66666666666667,55.833333333333336,40.833333333333336
04622,04,622,1301,517,16,501,299,202,39.73866256725596,3.0947775628626695,96.90522243713733,57.83365570599614,39.071566731141196
04623,04,623,1249,495,31,464,262,202,39.63170536429143,6.262626262626263,93.73737373737374,52.92929292929293,40.80808080808081
04624,04,624,1223,570,12,558,311,247,46.60670482420278,2.1052631578947367,97.89473684210527,54.56140350877193,43.333333333333336
04625,04,625,1217,540,15,525,304,221,44.37140509449466,2.7777777777777777,97.22222222222221,56.2962962962963,40.925925925925924
04626,04,626,1121,453,1,452,302,150,40.41034790365745,0.22075055187637968,99.77924944812362,66.66666666666666,33.11258278145696
04627,04,627,961,371,17,354,225,129,38.60561914672216,4.5822102425876015,95.4177897574124,60.64690026954178,34.77088948787062
04701,04,701,1238,415,18,397,226,171,33.521809369951534,4.337349397590361,95.66265060240964,54.45783132530121,41.204819277108435
04702,04,702,1126,427,21,406,262,144,37.92184724689165,4.918032786885246,95.08196721311475,61.35831381733021,33.723653395784545
04703,04,703,1216,513,14,499,338,161,42.1875,2.729044834307992,97.270955165692,65.8869395711501,31.384015594541907
04704,04,704,1207,456,21,435,241,194,37.77961888980945,4.605263157894736,95.39473684210526,52.85087719298246,42.54385964912281
04705,04,705,1091,417,11,406,232,174,38.221814848762605,2.6378896882494005,97.3621103117506,55.63549160671462,41.726618705035975
04706,04,706,1159,521,11,510,253,257,44.952545297670405,2.111324376199616,97.88867562380038,48.56046065259117,49.32821497120921
04707,04,707,1041,436,26,410,259,151,41.88280499519693,5.963302752293578,94.03669724770643,59.403669724770644,34.63302752293578
04708,04,708,1296,560,14,546,283,263,43.20987654320987,2.5,97.5,50.535714285714285,46.964285714285715
04709,04,709,1302,394,20,374,194,180,30.261136712749614,5.0761421319796955,94.9238578680203,49.23857868020304,45.68527918781726
04710,04,710,1280,470,12,458,211,247,36.71875,2.553191489361702,97.44680851063829,44.8936170212766,52.55319148936171
04711,04,711,1321,439,12,427,204,223,33.23239969719909,2.733485193621868,97.26651480637814,46.46924829157175,50.79726651480638
04712,04,712,1277,521,14,507,270,237,40.798747063429914,2.6871401151631478,97.31285988483685,51.82341650671785,45.489443378119006
04713,04,713,1229,495,32,463,236,227,40.2766476810415,6.4646464646464645,93.53535353535354,47.67676767676768,45.85858585858586
04714,04,714,1292,541,11,530,332,198,41.873065015479874,2.033271719038817,97.96672828096118,61.367837338262476,36.59889094269871
04715,04,715,1235,421,12,409,185,224,34.08906882591093,2.8503562945368173,97.14964370546319,43.942992874109265,53.20665083135392
04716,04,716,1324,525,11,514,345,169,39.65256797583081,2.0952380952380953,97.90476190476191,65.71428571428571,32.19047619047619
04717,04,717,1176,519,12,507,262,245,44.13265306122449,2.312138728323699,97.6878612716763,50.481695568400774,47.20616570327553
04718,04,718,1000,400,12,388,166,222,40.0,3.0,97.0,41.5,55.50000000000001
04719,04,719,1002,352,12,340,188,152,35.12974051896208,3.4090909090909087,96.5909090909091,53.40909090909091,43.18181818181818
04720,04,720,1249,412,17,395,162,233,32.986389111289036,4.12621359223301,95.87378640776699,39.32038834951456,56.55339805825243
04721,04,721,1266,460,18,442,244,198,36.334913112164294,3.91304347826087,96.08695652173913,53.04347826086957,43.04347826086957
04722,04,722,1145,455,13,442,233,209,39.737991266375545,2.857142857142857,97.14285714285714,51.208791208791204,45.934065934065934
04723,04,723,1694,696,18,678,298,380,41.086186540731994,2.586206896551724,97.41379310344827,42.81609195402299,54.59770114942529
04724,04,724,783,289,7,282,123,159,36.90932311621967,2.422145328719723,97.57785467128028,42.56055363321799,55.017301038062286
04725,04,725,1166,526,13,513,295,218,45.1114922813036,2.4714828897338403,97.52851711026615,56.083650190114064,41.44486692015209
04726,04,726,1242,550,21,529,261,268,44.28341384863124,3.8181818181818183,96.18181818181817,47.45454545454545,48.72727272727273
04727,04,727,875,331,4,327,113,214,37.82857142857143,1.2084592145015105,98.79154078549848,34.13897280966767,64.6525679758308
04801,04,801,1027,362,21,341,198,143,35.24829600778968,5.801104972375691,94.1988950276243,54.69613259668509,39.50276243093923
04802,04,802,1315,393,16,377,231,146,29.885931558935365,4.071246819338422,95.92875318066157,58.778625954198475,37.150127226463106
04803,04,803,1162,400,12,388,257,131,34.42340791738382,3.0,97.0,64.25,32.75
04804,04,804,1043,451,18,433,260,173,43.240651965484176,3.9911308203991127,96.0088691796009,57.64966740576497,38.35920177383592
04805,04,805,973,341,23,318,216,102,35.04624871531347,6.744868035190615,93.25513196480938,63.34310850439883,29.91202346041056
04806,04,806,1267,428,14,414,268,146,33.78058405682715,3.2710280373831773,96.72897196261682,62.616822429906534,34.112149532710276
04807,04,807,1128,375,8,367,246,121,33.244680851063826,2.1333333333333333,97.86666666666667,65.60000000000001,32.266666666666666
041A,04,1A,0,333,3,330,245,85,inf,0.9009009009009009,99.09909909909909,73.57357357357357,25.525525525525527
041B,04,1B,0,186,4,182,115,67,inf,2.1505376344086025,97.84946236559139,61.82795698924731,36.02150537634409
041C,04,1C,0,362,6,356,165,191,inf,1.6574585635359116,98.34254143646409,45.58011049723757,52.762430939226526
041D,04,1D,0,201,4,197,107,90,inf,1.9900497512437811,98.00995024875621,53.233830845771145,44.776119402985074
041E,04,1E,0,241,7,234,150,84,inf,2.904564315352697,97.0954356846473,62.24066390041494,34.85477178423236
041F,04,1F,0,247,3,244,130,114,inf,1.214574898785425,98.78542510121457,52.63157894736842,46.15384615384615
041G,04,1G,0,251,6,245,148,97,inf,2.3904382470119523,97.60956175298804,58.964143426294825,38.645418326693225
041H,04,1H,0,306,2,304,169,135,inf,0.6535947712418301,99.34640522875817,55.22875816993464,44.11764705882353
041I,04,1I,0,232,7,225,141,84,inf,3.0172413793103448,96.98275862068965,60.775862068965516,36.206896551724135
041J,04,1J,0,309,3,306,181,125,inf,0.9708737864077669,99.02912621359224,58.57605177993528,40.45307443365696
041K,04,1K,0,348,1,347,232,115,inf,0.28735632183908044,99.71264367816092,66.66666666666666,33.04597701149425
041L,04,1L,0,449,7,442,278,164,inf,1.55902004454343,98.44097995545657,61.915367483296215,36.525612472160354
041M,04,1M,0,440,7,433,256,177,inf,1.5909090909090908,98.4090909090909,58.18181818181818,40.22727272727273
041N,04,1N,0,446,2,444,287,157,inf,0.4484304932735426,99.55156950672645,64.34977578475336,35.2017937219731
041P,04,1P,0,466,6,460,305,155,inf,1.2875536480686696,98.71244635193133,65.45064377682404,33.261802575107296
041Q,04,1Q,0,372,3,369,170,199,inf,0.8064516129032258,99.19354838709677,45.69892473118279,53.494623655913976
041R,04,1R,0,417,6,411,242,169,inf,1.4388489208633095,98.56115107913669,58.033573141486805,40.52757793764988
041S,04,1S,0,408,9,399,248,151,inf,2.2058823529411766,97.79411764705883,60.78431372549019,37.00980392156863
042A,04,2A,0,850,8,842,306,536,inf,0.9411764705882352,99.05882352941177,36.0,63.05882352941177
042B,04,2B,0,854,14,840,321,519,inf,1.639344262295082,98.36065573770492,37.58782201405152,60.7728337236534
042C,04,2C,0,504,3,501,278,223,inf,0.5952380952380952,99.40476190476191,55.158730158730165,44.24603174603175
042D,04,2D,0,406,1,405,202,203,inf,0.24630541871921183,99.75369458128078,49.75369458128079,50.0
042E,04,2E,0,477,6,471,222,249,inf,1.257861635220126,98.74213836477988,46.540880503144656,52.20125786163522
042F,04,2F,0,401,7,394,259,135,inf,1.7456359102244388,98.25436408977556,64.58852867830423,33.66583541147132
042G,04,2G,0,394,6,388,166,222,inf,1.5228426395939088,98.47715736040608,42.13197969543147,56.34517766497462
042H,04,2H,0,458,2,456,201,255,inf,0.43668122270742354,99.56331877729258,43.88646288209607,55.67685589519651
042I,04,2I,0,871,16,855,378,477,inf,1.8369690011481057,98.1630309988519,43.398392652123995,54.7646383467279
042J,04,2J,0,557,0,557,214,343,inf,0.0,100.0,38.42010771992819,61.57989228007181
042K,04,2K,0,325,4,321,101,220,inf,1.2307692307692308,98.76923076923076,31.076923076923073,67.6923076923077
042L,04,2L,0,482,3,479,252,227,inf,0.6224066390041494,99.37759336099586,52.282157676348554,47.0954356846473
042M,04,2M,0,356,4,352,244,108,inf,1.1235955056179776,98.87640449438202,68.53932584269663,30.337078651685395
042N,04,2N,0,497,9,488,180,308,inf,1.8108651911468814,98.18913480885311,36.21730382293762,61.97183098591549
042P,04,2P,0,544,5,539,210,329,inf,0.9191176470588236,99.08088235294117,38.60294117647059,60.47794117647059
042Q,04,2Q,0,459,7,452,184,268,inf,1.5250544662309369,98.47494553376906,40.08714596949891,58.387799564270146
042R,04,2R,0,418,11,407,196,211,inf,2.631578947368421,97.36842105263158,46.889952153110045,50.47846889952153
042S,04,2S,0,466,3,463,141,322,inf,0.6437768240343348,99.35622317596567,30.257510729613735,69.09871244635193
042T,04,2T,0,484,6,478,204,274,inf,1.2396694214876034,98.7603305785124,42.14876033057851,56.611570247933884
042U,04,2U,0,497,4,493,295,198,inf,0.8048289738430584,99.19517102615694,59.356136820925556,39.839034205231385
042V,04,2V,0,389,6,383,183,200,inf,1.5424164524421593,98.45758354755783,47.04370179948586,51.41388174807198
042W,04,2W,0,462,9,453,154,299,inf,1.948051948051948,98.05194805194806,33.33333333333333,64.71861471861472
042X,04,2X,0,480,0,480,291,189,inf,0.0,100.0,60.62499999999999,39.375
042Y,04,2Y,0,469,5,464,172,292,inf,1.0660980810234542,98.93390191897655,36.67377398720683,62.26012793176972
043A,04,3A,0,436,9,427,299,128,inf,2.064220183486239,97.93577981651376,68.57798165137615,29.357798165137616
043B,04,3B,0,366,6,360,213,147,inf,1.639344262295082,98.36065573770492,58.19672131147541,40.16393442622951
043C,04,3C,0,402,5,397,214,183,inf,1.2437810945273633,98.75621890547264,53.233830845771145,45.52238805970149
043D,04,3D,0,780,6,774,442,332,inf,0.7692307692307693,99.23076923076923,56.666666666666664,42.56410256410256
043E,04,3E,0,659,3,656,426,230,inf,0.4552352048558422,99.54476479514416,64.64339908952958,34.901365705614566
043F,04,3F,0,338,5,333,239,94,inf,1.4792899408284024,98.5207100591716,70.71005917159763,27.810650887573964
043G,04,3G,0,409,3,406,254,152,inf,0.7334963325183375,99.26650366748166,62.10268948655256,37.163814180929094
043H,04,3H,0,674,3,671,326,345,inf,0.44510385756676557,99.55489614243324,48.367952522255194,51.18694362017804
043I,04,3I,0,509,0,509,266,243,inf,0.0,100.0,52.25933202357563,47.74066797642436
043J,04,3J,0,408,2,406,216,190,inf,0.49019607843137253,99.50980392156863,52.94117647058824,46.568627450980394
043K,04,3K,0,787,7,780,339,441,inf,0.8894536213468869,99.11054637865311,43.07496823379924,56.03557814485387
043L,04,3L,0,497,2,495,264,231,inf,0.4024144869215292,99.59758551307847,53.118712273641854,46.478873239436616
043M,04,3M,0,508,2,506,303,203,inf,0.39370078740157477,99.60629921259843,59.645669291338585,39.960629921259844
043N,04,3N,0,431,7,424,241,183,inf,1.6241299303944314,98.37587006960557,55.91647331786543,42.459396751740144
043P,04,3P,0,454,2,452,208,244,inf,0.4405286343612335,99.55947136563876,45.81497797356828,53.74449339207048
043Q,04,3Q,0,453,3,450,274,176,inf,0.6622516556291391,99.33774834437085,60.48565121412803,38.852097130242825
043R,04,3R,0,629,10,619,377,242,inf,1.5898251192368837,98.41017488076311,59.93640699523053,38.47376788553259
043S,04,3S,0,763,15,748,462,286,inf,1.9659239842726082,98.0340760157274,60.550458715596335,37.48361730013106
043T,04,3T,0,378,4,374,194,180,inf,1.0582010582010581,98.94179894179894,51.32275132275132,47.61904761904761
043U,04,3U,0,504,5,499,275,224,inf,0.992063492063492,99.0079365079365,54.563492063492056,44.44444444444444
043V,04,3V,0,822,5,817,403,414,inf,0.6082725060827251,99.39172749391727,49.02676399026764,50.36496350364964
043W,04,3W,0,437,6,431,263,168,inf,1.3729977116704806,98.62700228832952,60.18306636155606,38.443935926773456
044A,04,4A,0,489,12,477,298,179,inf,2.4539877300613497,97.54601226993866,60.940695296523515,36.60531697341513
044B,04,4B,0,396,9,387,217,170,inf,2.272727272727273,97.72727272727273,54.7979797979798,42.92929292929293
044C,04,4C,0,546,3,543,276,267,inf,0.5494505494505495,99.45054945054946,50.54945054945055,48.9010989010989
044D,04,4D,0,684,8,676,382,294,inf,1.1695906432748537,98.83040935672514,55.84795321637427,42.98245614035088
044E,04,4E,0,434,11,423,228,195,inf,2.5345622119815667,97.46543778801843,52.53456221198156,44.93087557603687
044F,04,4F,0,354,8,346,209,137,inf,2.2598870056497176,97.74011299435028,59.03954802259888,38.70056497175141
044G,04,4G,0,375,6,369,211,158,inf,1.6,98.4,56.266666666666666,42.13333333333333
044H,04,4H,0,527,15,512,268,244,inf,2.846299810246679,97.15370018975332,50.853889943074,46.29981024667932
044I,04,4I,0,363,4,359,230,129,inf,1.1019283746556474,98.89807162534436,63.36088154269972,35.53719008264463
044J,04,4J,0,444,7,437,217,220,inf,1.5765765765765765,98.42342342342343,48.873873873873876,49.549549549549546
044K,04,4K,0,643,6,637,386,251,inf,0.9331259720062209,99.06687402799378,60.031104199066874,39.0357698289269
044L,04,4L,0,426,3,423,228,195,inf,0.7042253521126761,99.29577464788733,53.52112676056338,45.774647887323944
044M,04,4M,0,422,3,419,234,185,inf,0.7109004739336493,99.28909952606635,55.45023696682464,43.838862559241704
044N,04,4N,0,660,4,656,355,301,inf,0.6060606060606061,99.39393939393939,53.78787878787878,45.60606060606061
044P,04,4P,0,429,5,424,220,204,inf,1.1655011655011656,98.83449883449883,51.28205128205128,47.55244755244755
044Q,04,4Q,0,711,7,704,381,323,inf,0.9845288326300985,99.01547116736991,53.58649789029536,45.42897327707454
044R,04,4R,0,512,2,510,254,256,inf,0.390625,99.609375,49.609375,50.0
044S,04,4S,0,613,6,607,281,326,inf,0.9787928221859705,99.02120717781403,45.840130505709624,53.181076672104396
044T,04,4T,0,551,4,547,241,306,inf,0.7259528130671506,99.27404718693285,43.738656987295826,55.53539019963702
044U,04,4U,0,287,2,285,111,174,inf,0.6968641114982579,99.30313588850174,38.67595818815331,60.62717770034843
044V,04,4V,0,420,3,417,180,237,inf,0.7142857142857143,99.28571428571429,42.857142857142854,56.42857142857143
044W,04,4W,0,457,4,453,178,275,inf,0.87527352297593,99.12472647702407,38.949671772428886,60.17505470459519
044X,04,4X,0,511,9,502,282,220,inf,1.761252446183953,98.23874755381604,55.18590998043052,43.05283757338552
044Y,04,4Y,0,455,13,442,228,214,inf,2.857142857142857,97.14285714285714,50.10989010989011,47.03296703296703
045A,04,5A,0,413,1,412,117,295,inf,0.24213075060532688,99.75786924939467,28.329297820823246,71.42857142857143
045B,04,5B,0,805,11,794,249,545,inf,1.3664596273291925,98.63354037267081,30.93167701863354,67.70186335403726
045C,04,5C,0,405,6,399,107,292,inf,1.4814814814814816,98.51851851851852,26.41975308641975,72.09876543209876
045D,04,5D,0,391,4,387,180,207,inf,1.0230179028132993,98.9769820971867,46.03580562659847,52.94117647058824
045E,04,5E,0,783,11,772,401,371,inf,1.40485312899106,98.59514687100895,51.213282247765,47.381864623243935
045F,04,5F,0,448,4,444,222,222,inf,0.8928571428571428,99.10714285714286,49.55357142857143,49.55357142857143
045G,04,5G,0,627,8,619,317,302,inf,1.2759170653907497,98.72408293460924,50.558213716108455,48.165869218500795
045H,04,5H,0,473,7,466,219,247,inf,1.4799154334038054,98.5200845665962,46.30021141649049,52.21987315010571
045I,04,5I,0,427,8,419,206,213,inf,1.873536299765808,98.12646370023418,48.24355971896955,49.88290398126464
045J,04,5J,0,795,3,792,370,422,inf,0.37735849056603776,99.62264150943396,46.540880503144656,53.081761006289305
045K,04,5K,0,378,1,377,191,186,inf,0.26455026455026454,99.73544973544973,50.52910052910053,49.2063492063492
045L,04,5L,0,860,12,848,434,414,inf,1.3953488372093024,98.6046511627907,50.46511627906977,48.13953488372093
045M,04,5M,0,760,3,757,389,368,inf,0.39473684210526316,99.60526315789474,51.18421052631579,48.421052631578945
045N,04,5N,0,507,2,505,263,242,inf,0.39447731755424065,99.60552268244575,51.87376725838264,47.73175542406312
045P,04,5P,0,415,4,411,242,169,inf,0.9638554216867471,99.03614457831326,58.31325301204819,40.72289156626506
045Q,04,5Q,0,532,3,529,225,304,inf,0.5639097744360901,99.43609022556392,42.29323308270676,57.14285714285714
045R,04,5R,0,412,5,407,87,320,inf,1.2135922330097086,98.7864077669903,21.11650485436893,77.66990291262135
045S,04,5S,0,432,10,422,159,263,inf,2.314814814814815,97.68518518518519,36.80555555555556,60.879629629629626
045T,04,5T,0,533,6,527,91,436,inf,1.125703564727955,98.87429643527204,17.073170731707318,81.80112570356472
045U,04,5U,0,514,4,510,138,372,inf,0.7782101167315175,99.22178988326849,26.848249027237355,72.37354085603113
045V,04,5V,0,445,5,440,192,248,inf,1.1235955056179776,98.87640449438202,43.146067415730336,55.73033707865168
045W,04,5W,0,317,0,317,122,195,inf,0.0,100.0,38.48580441640379,61.51419558359621
046A,04,6A,0,836,9,827,390,437,inf,1.076555023923445,98.92344497607655,46.65071770334928,52.27272727272727
046B,04,6B,0,812,4,808,391,417,inf,0.49261083743842365,99.50738916256158,48.15270935960591,51.35467980295566
046C,04,6C,0,359,5,354,127,227,inf,1.392757660167131,98.60724233983287,35.37604456824512,63.231197771587745
046D,04,6D,0,746,12,734,392,342,inf,1.6085790884718498,98.39142091152814,52.54691689008043,45.84450402144772
046E,04,6E,0,415,4,411,194,217,inf,0.9638554216867471,99.03614457831326,46.74698795180723,52.28915662650603
046F,04,6F,0,460,6,454,221,233,inf,1.3043478260869565,98.69565217391305,48.04347826086956,50.65217391304348
046G,04,6G,0,474,7,467,245,222,inf,1.4767932489451476,98.52320675105484,51.68776371308017,46.835443037974684
046H,04,6H,0,420,6,414,197,217,inf,1.4285714285714286,98.57142857142858,46.904761904761905,51.66666666666667
046I,04,6I,0,479,9,470,233,237,inf,1.8789144050104383,98.12108559498957,48.643006263048015,49.478079331941544
046J,04,6J,0,584,8,576,289,287,inf,1.36986301369863,98.63013698630137,49.486301369863014,49.14383561643836
046K,04,6K,0,430,7,423,205,218,inf,1.627906976744186,98.37209302325581,47.674418604651166,50.697674418604656
046L,04,6L,0,409,3,406,210,196,inf,0.7334963325183375,99.26650366748166,51.34474327628362,47.92176039119804
046M,04,6M,0,463,7,456,250,206,inf,1.511879049676026,98.48812095032397,53.99568034557235,44.49244060475162
046N,04,6N,0,510,9,501,294,207,inf,1.7647058823529411,98.23529411764706,57.647058823529406,40.588235294117645
046P,04,6P,0,441,1,440,243,197,inf,0.22675736961451248,99.77324263038548,55.10204081632652,44.67120181405896
046Q,04,6Q,0,363,10,353,198,155,inf,2.7548209366391188,97.2451790633609,54.54545454545454,42.69972451790633
046R,04,6R,0,528,6,522,300,222,inf,1.1363636363636365,98.86363636363636,56.81818181818182,42.04545454545455
046S,04,6S,0,469,8,461,254,207,inf,1.7057569296375266,98.29424307036247,54.15778251599147,44.136460554371006
046T,04,6T,0,505,10,495,277,218,inf,1.9801980198019802,98.01980198019803,54.851485148514854,43.16831683168317
046U,04,6U,0,455,5,450,237,213,inf,1.098901098901099,98.9010989010989,52.087912087912095,46.81318681318681
046V,04,6V,0,471,3,468,282,186,inf,0.6369426751592357,99.36305732484077,59.87261146496815,39.490445859872615
046W,04,6W,0,415,7,408,213,195,inf,1.6867469879518073,98.3132530120482,51.325301204819276,46.98795180722892
046X,04,6X,0,371,2,369,234,135,inf,0.5390835579514826,99.46091644204851,63.07277628032345,36.38814016172507
046Y,04,6Y,0,280,1,279,170,109,inf,0.35714285714285715,99.64285714285714,60.71428571428571,38.92857142857143
047A,04,7A,0,500,10,490,285,205,inf,2.0,98.0,56.99999999999999,41.0
047B,04,7B,0,409,5,404,232,172,inf,1.2224938875305624,98.77750611246944,56.723716381418086,42.053789731051346
047C,04,7C,0,386,4,382,248,134,inf,1.0362694300518136,98.96373056994818,64.24870466321244,34.715025906735754
047D,04,7D,0,448,10,438,236,202,inf,2.232142857142857,97.76785714285714,52.67857142857143,45.089285714285715
047E,04,7E,0,479,0,479,269,210,inf,0.0,100.0,56.158663883089766,43.84133611691023
047F,04,7F,0,456,4,452,229,223,inf,0.8771929824561403,99.12280701754386,50.21929824561403,48.90350877192983
047G,04,7G,0,353,8,345,234,111,inf,2.26628895184136,97.73371104815864,66.28895184135978,31.444759206798867
047H,04,7H,0,434,3,431,223,208,inf,0.6912442396313364,99.30875576036865,51.382488479262676,47.926267281105986
047I,04,7I,0,438,1,437,212,225,inf,0.228310502283105,99.77168949771689,48.401826484018265,51.369863013698634
047J,04,7J,0,599,2,597,276,321,inf,0.333889816360601,99.6661101836394,46.07679465776294,53.58931552587646
047K,04,7K,0,565,7,558,280,278,inf,1.238938053097345,98.76106194690266,49.557522123893804,49.20353982300885
047L,04,7L,0,530,4,526,261,265,inf,0.7547169811320755,99.24528301886792,49.24528301886792,50.0
047M,04,7M,0,490,6,484,193,291,inf,1.2244897959183674,98.77551020408163,39.38775510204081,59.38775510204082
047N,04,7N,0,489,4,485,285,200,inf,0.81799591002045,99.18200408997954,58.282208588957054,40.899795501022496
047P,04,7P,0,461,3,458,203,255,inf,0.6507592190889371,99.34924078091106,44.03470715835141,55.31453362255966
047Q,04,7Q,0,527,1,526,346,180,inf,0.18975332068311196,99.81024667931689,65.65464895635674,34.15559772296015
047R,04,7R,0,486,9,477,229,248,inf,1.8518518518518516,98.14814814814815,47.11934156378601,51.028806584362144
047S,04,7S,0,746,0,746,297,449,inf,0.0,100.0,39.812332439678286,60.187667560321714
047T,04,7T,0,526,8,518,192,326,inf,1.520912547528517,98.47908745247148,36.50190114068441,61.97718631178707
047U,04,7U,0,457,3,454,215,239,inf,0.6564551422319475,99.34354485776805,47.04595185995623,52.29759299781181
047V,04,7V,0,484,9,475,218,257,inf,1.859504132231405,98.14049586776859,45.04132231404959,53.099173553719005
047W,04,7W,0,672,4,668,287,381,inf,0.5952380952380952,99.40476190476191,42.70833333333333,56.69642857142857
047X,04,7X,0,707,3,704,242,462,inf,0.4243281471004243,99.57567185289957,34.22913719943423,65.34653465346535
047Y,04,7Y,0,377,1,376,208,168,inf,0.2652519893899204,99.73474801061008,55.172413793103445,44.56233421750663
047Z,04,7Z,0,472,3,469,218,251,inf,0.6355932203389831,99.36440677966102,46.186440677966104,53.17796610169492
048A,04,8A,0,438,6,432,245,187,inf,1.36986301369863,98.63013698630137,55.93607305936074,42.69406392694064
048B,04,8B,0,590,17,573,316,257,inf,2.8813559322033897,97.11864406779661,53.559322033898304,43.559322033898304
048C,04,8C,0,435,21,414,243,171,inf,4.827586206896552,95.17241379310344,55.86206896551724,39.310344827586206
048D,04,8D,0,347,4,343,194,149,inf,1.1527377521613833,98.84726224783861,55.907780979827095,42.93948126801153
048E,04,8E,0,324,4,320,197,123,inf,1.2345679012345678,98.76543209876543,60.802469135802475,37.96296296296296
048F,04,8F,0,522,6,516,292,224,inf,1.1494252873563218,98.85057471264368,55.938697318007655,42.911877394636015
048G,04,8G,0,454,4,450,296,154,inf,0.881057268722467,99.11894273127754,65.19823788546255,33.92070484581498
05101,05,101,785,291,20,271,167,104,37.07006369426751,6.872852233676976,93.12714776632302,57.388316151202744,35.738831615120276
05102,05,102,1029,399,16,383,195,188,38.775510204081634,4.010025062656641,95.98997493734336,48.87218045112782,47.11779448621554
05103,05,103,1048,460,15,445,196,249,43.89312977099237,3.260869565217391,96.73913043478261,42.608695652173914,54.130434782608695
05104,05,104,963,389,19,370,219,151,40.39460020768432,4.884318766066838,95.11568123393316,56.29820051413882,38.81748071979435
05105,05,105,1030,442,18,424,166,258,42.9126213592233,4.072398190045249,95.92760180995475,37.55656108597285,58.371040723981906
05106,05,106,1101,395,16,379,170,209,35.87647593097184,4.050632911392405,95.9493670886076,43.037974683544306,52.911392405063296
05107,05,107,828,351,29,322,184,138,42.391304347826086,8.262108262108262,91.73789173789174,52.42165242165242,39.31623931623932
05108,05,108,997,298,19,279,169,110,29.889669007021062,6.375838926174497,93.6241610738255,56.711409395973156,36.91275167785235
05109,05,109,669,78,2,76,28,48,11.659192825112108,2.564102564102564,97.43589743589743,35.8974358974359,61.53846153846154
05110,05,110,865,330,13,317,176,141,38.15028901734104,3.939393939393939,96.06060606060606,53.333333333333336,42.72727272727273
05111,05,111,1223,490,11,479,248,231,40.06541291905151,2.2448979591836733,97.75510204081633,50.61224489795918,47.14285714285714
05112,05,112,1042,444,11,433,232,201,42.61036468330134,2.4774774774774775,97.52252252252252,52.25225225225225,45.27027027027027
05113,05,113,992,404,14,390,182,208,40.725806451612904,3.4653465346534658,96.53465346534654,45.04950495049505,51.48514851485149
05114,05,114,889,364,13,351,181,170,40.94488188976378,3.571428571428571,96.42857142857143,49.72527472527473,46.7032967032967
05115,05,115,1013,465,27,438,296,142,45.90325765054294,5.806451612903226,94.19354838709677,63.655913978494624,30.53763440860215
05116,05,116,775,324,17,307,182,125,41.80645161290323,5.246913580246913,94.75308641975309,56.17283950617284,38.58024691358025
05117,05,117,973,414,23,391,304,87,42.54881808838643,5.555555555555555,94.44444444444444,73.42995169082126,21.014492753623188
05118,05,118,1195,382,12,370,238,132,31.966527196652724,3.1413612565445024,96.8586387434555,62.30366492146597,34.55497382198953
05119,05,119,1226,460,14,446,263,183,37.52039151712888,3.0434782608695654,96.95652173913044,57.173913043478265,39.78260869565217
05120,05,120,1243,492,29,463,280,183,39.581657280772326,5.894308943089431,94.10569105691057,56.91056910569105,37.19512195121951
05121,05,121,1084,509,47,462,272,190,46.95571955719557,9.233791748526523,90.76620825147347,53.43811394891945,37.32809430255403
05122,05,122,903,281,17,264,175,89,31.118493909191585,6.049822064056939,93.95017793594306,62.27758007117438,31.672597864768683
05123,05,123,741,301,14,287,172,115,40.62078272604588,4.651162790697675,95.34883720930233,57.14285714285714,38.205980066445186
05124,05,124,1321,547,15,532,355,177,41.40802422407267,2.742230347349177,97.25776965265082,64.89945155393053,32.35831809872029
05125,05,125,1024,408,26,382,298,84,39.84375,6.372549019607843,93.62745098039215,73.0392156862745,20.588235294117645
05126,05,126,1161,412,3,409,287,122,35.48664944013781,0.7281553398058253,99.27184466019418,69.66019417475728,29.61165048543689
05127,05,127,920,384,25,359,260,99,41.73913043478261,6.510416666666667,93.48958333333334,67.70833333333334,25.78125
05128,05,128,879,209,15,194,131,63,23.77701934015927,7.177033492822966,92.82296650717703,62.67942583732058,30.14354066985646
05129,05,129,996,439,21,418,297,121,44.07630522088353,4.783599088838269,95.21640091116174,67.65375854214123,27.5626423690205
05130,05,130,1060,456,34,422,264,158,43.0188679245283,7.456140350877193,92.54385964912281,57.89473684210527,34.64912280701755
05131,05,131,418,196,10,186,127,59,46.889952153110045,5.1020408163265305,94.89795918367348,64.79591836734694,30.102040816326532
05132,05,132,1195,482,31,451,308,143,40.33472803347281,6.431535269709543,93.56846473029046,63.90041493775933,29.66804979253112
05133,05,133,1203,394,18,376,228,148,32.75145469659185,4.568527918781726,95.43147208121827,57.868020304568525,37.56345177664975
05134,05,134,1131,419,17,402,251,151,37.04686118479222,4.05727923627685,95.94272076372316,59.90453460620525,36.0381861575179
05201,05,201,1230,477,31,446,248,198,38.78048780487805,6.498951781970649,93.50104821802935,51.99161425576519,41.509433962264154
05202,05,202,1154,411,38,373,248,125,35.61525129982669,9.245742092457421,90.75425790754258,60.34063260340633,30.413625304136254
05203,05,203,1180,487,24,463,314,149,41.271186440677965,4.9281314168377826,95.07186858316223,64.47638603696099,30.59548254620123
05204,05,204,909,338,7,331,231,100,37.18371837183718,2.0710059171597637,97.92899408284023,68.34319526627219,29.585798816568047
05205,05,205,1007,342,15,327,208,119,33.9622641509434,4.385964912280701,95.6140350877193,60.81871345029239,34.7953216374269
05206,05,206,677,260,17,243,156,87,38.404726735598224,6.538461538461539,93.46153846153847,60.0,33.46153846153846
05207,05,207,1027,327,36,291,202,89,31.84031158714703,11.009174311926607,88.9908256880734,61.773700305810394,27.217125382262996
05208,05,208,1057,395,14,381,266,115,37.36991485335856,3.5443037974683547,96.45569620253166,67.34177215189874,29.11392405063291
05209,05,209,988,394,17,377,207,170,39.878542510121456,4.314720812182741,95.68527918781726,52.53807106598985,43.14720812182741
05210,05,210,1096,426,23,403,275,128,38.86861313868613,5.39906103286385,94.60093896713614,64.55399061032864,30.046948356807512
05211,05,211,807,366,11,355,230,125,45.353159851301115,3.0054644808743167,96.99453551912568,62.841530054644814,34.15300546448087
05212,05,212,862,378,31,347,216,131,43.851508120649655,8.201058201058201,91.7989417989418,57.14285714285714,34.65608465608466
05213,05,213,996,473,21,452,196,256,47.48995983935743,4.439746300211417,95.56025369978859,41.43763213530655,54.12262156448203
05214,05,214,1151,418,24,394,256,138,36.31624674196351,5.741626794258373,94.25837320574163,61.24401913875598,33.014354066985646
05215,05,215,1018,357,13,344,226,118,35.06876227897839,3.6414565826330536,96.35854341736695,63.305322128851536,33.0532212885154
05216,05,216,948,354,12,342,213,129,37.34177215189873,3.389830508474576,96.61016949152543,60.16949152542372,36.440677966101696
05217,05,217,739,301,15,286,176,110,40.73071718538566,4.983388704318937,95.01661129568106,58.4717607973422,36.544850498338874
05218,05,218,939,447,23,424,254,170,47.6038338658147,5.1454138702460845,94.85458612975391,56.82326621923938,38.03131991051455
05219,05,219,1215,515,26,489,301,188,42.38683127572017,5.048543689320388,94.95145631067962,58.44660194174758,36.50485436893204
05220,05,220,994,392,30,362,221,141,39.436619718309856,7.653061224489796,92.3469387755102,56.37755102040817,35.96938775510204
05221,05,221,824,369,12,357,231,126,44.78155339805826,3.2520325203252036,96.7479674796748,62.601626016260155,34.146341463414636
05222,05,222,878,359,17,342,205,137,40.888382687927106,4.735376044568245,95.26462395543176,57.10306406685237,38.16155988857939
05223,05,223,1064,428,21,407,269,138,40.225563909774436,4.906542056074766,95.09345794392523,62.850467289719624,32.242990654205606
05224,05,224,897,369,7,362,241,121,41.1371237458194,1.8970189701897018,98.1029810298103,65.31165311653116,32.79132791327913
05225,05,225,926,410,22,388,271,117,44.27645788336933,5.365853658536586,94.6341463414634,66.09756097560975,28.536585365853657
05226,05,226,1005,393,23,370,213,157,39.1044776119403,5.852417302798982,94.14758269720102,54.19847328244275,39.94910941475827
05227,05,227,1259,415,18,397,298,99,32.9626687847498,4.337349397590361,95.66265060240964,71.80722891566265,23.85542168674699
05228,05,228,722,285,0,285,128,157,39.473684210526315,0.0,100.0,44.91228070175438,55.08771929824562
05229,05,229,981,314,17,297,200,97,32.008154943934755,5.414012738853503,94.5859872611465,63.69426751592356,30.89171974522293
05230,05,230,652,289,7,282,196,86,44.325153374233125,2.422145328719723,97.57785467128028,67.82006920415225,29.757785467128027
05301,05,301,1183,497,39,458,267,191,42.01183431952663,7.847082494969819,92.15291750503019,53.72233400402414,38.43058350100604
05302,05,302,921,374,18,356,263,93,40.60803474484256,4.81283422459893,95.18716577540107,70.32085561497327,24.86631016042781
05303,05,303,935,376,14,362,190,172,40.21390374331551,3.723404255319149,96.27659574468085,50.53191489361703,45.744680851063826
05304,05,304,994,438,26,412,185,227,44.06438631790744,5.93607305936073,94.06392694063926,42.23744292237443,51.82648401826484
05305,05,305,1188,506,18,488,343,145,42.592592592592595,3.557312252964427,96.44268774703558,67.78656126482213,28.65612648221344
05306,05,306,813,269,14,255,150,105,33.08733087330874,5.204460966542751,94.79553903345726,55.762081784386616,39.03345724907063
05307,05,307,1251,418,21,397,245,152,33.41326938449241,5.023923444976076,94.97607655502392,58.61244019138756,36.36363636363637
05308,05,308,1182,511,34,477,303,174,43.23181049069374,6.653620352250488,93.34637964774952,59.295499021526425,34.05088062622309
05309,05,309,1298,418,21,397,274,123,32.20338983050847,5.023923444976076,94.97607655502392,65.55023923444976,29.42583732057416
05310,05,310,1162,428,19,409,260,149,36.83304647160069,4.439252336448598,95.56074766355141,60.747663551401864,34.81308411214953
05311,05,311,1162,490,10,480,323,157,42.168674698795186,2.0408163265306123,97.95918367346938,65.91836734693878,32.04081632653061
05312,05,312,915,378,28,350,192,158,41.31147540983607,7.4074074074074066,92.5925925925926,50.79365079365079,41.7989417989418
05313,05,313,1319,548,27,521,346,175,41.54662623199393,4.927007299270073,95.07299270072993,63.138686131386855,31.934306569343068
05314,05,314,1162,504,17,487,291,196,43.373493975903614,3.373015873015873,96.62698412698413,57.738095238095234,38.88888888888889
05315,05,315,1126,491,12,479,248,231,43.6056838365897,2.4439918533604885,97.5560081466395,50.509164969450104,47.04684317718941
05316,05,316,1307,522,31,491,306,185,39.938791124713084,5.938697318007663,94.06130268199234,58.620689655172406,35.440613026819925
05317,05,317,1071,416,21,395,265,130,38.842203548085905,5.048076923076923,94.95192307692307,63.70192307692307,31.25
05318,05,318,1186,445,20,425,263,162,37.52107925801012,4.49438202247191,95.50561797752809,59.10112359550562,36.40449438202247
05319,05,319,646,248,9,239,179,60,38.39009287925697,3.6290322580645165,96.37096774193549,72.17741935483872,24.193548387096776
05320,05,320,916,368,19,349,235,114,40.174672489082965,5.163043478260869,94.83695652173914,63.858695652173914,30.978260869565215
05321,05,321,1139,424,19,405,293,112,37.22563652326602,4.481132075471698,95.51886792452831,69.10377358490565,26.41509433962264
05322,05,322,1111,421,17,404,240,164,37.89378937893789,4.038004750593824,95.96199524940617,57.00712589073634,38.95486935866984
05323,05,323,757,231,2,229,154,75,30.515191545574638,0.8658008658008658,99.13419913419914,66.66666666666666,32.467532467532465
05324,05,324,1118,431,26,405,268,137,38.55098389982111,6.0324825986078885,93.96751740139212,62.18097447795824,31.786542923433874
05325,05,325,1233,537,15,522,327,195,43.552311435523116,2.793296089385475,97.20670391061452,60.893854748603346,36.312849162011176
05326,05,326,1068,362,17,345,215,130,33.89513108614232,4.696132596685083,95.30386740331491,59.392265193370164,35.91160220994475
05327,05,327,1068,461,18,443,280,163,43.164794007490634,3.9045553145336225,96.09544468546638,60.73752711496746,35.35791757049891
05328,05,328,1202,495,21,474,278,196,41.18136439267887,4.242424242424243,95.75757575757575,56.16161616161616,39.5959595959596
05329,05,329,943,354,9,345,239,106,37.53976670201485,2.5423728813559325,97.45762711864407,67.51412429378531,29.943502824858758
05330,05,330,420,166,8,158,95,63,39.523809523809526,4.819277108433735,95.18072289156626,57.22891566265061,37.95180722891566
05331,05,331,496,206,6,200,98,102,41.53225806451613,2.912621359223301,97.0873786407767,47.57281553398058,49.51456310679612
05332,05,332,0,0,0,0,0,0,0.0,0.0,0.0,0.0,0.0
05401,05,401,1352,490,5,485,222,263,36.24260355029586,1.0204081632653061,98.9795918367347,45.30612244897959,53.673469387755105
05402,05,402,698,263,7,256,122,134,37.67908309455588,2.6615969581749046,97.33840304182509,46.38783269961977,50.950570342205324
05403,05,403,944,387,22,365,157,208,40.99576271186441,5.684754521963824,94.31524547803618,40.56847545219638,53.746770025839794
05404,05,404,1047,472,14,458,206,252,45.08118433619867,2.9661016949152543,97.03389830508475,43.64406779661017,53.38983050847458
05405,05,405,1072,450,30,420,191,229,41.97761194029851,6.666666666666667,93.33333333333333,42.44444444444444,50.888888888888886
05406,05,406,1032,378,22,356,201,155,36.627906976744185,5.82010582010582,94.17989417989418,53.17460317460318,41.00529100529101
05407,05,407,998,410,10,400,147,253,41.08216432865731,2.4390243902439024,97.5609756097561,35.853658536585364,61.70731707317073
05408,05,408,836,299,20,279,202,77,35.76555023923445,6.688963210702341,93.31103678929766,67.55852842809364,25.75250836120401
05409,05,409,1093,500,14,486,235,251,45.74565416285453,2.8000000000000003,97.2,47.0,50.2
05410,05,410,1328,483,19,464,280,184,36.37048192771085,3.9337474120082816,96.06625258799171,57.971014492753625,38.095238095238095
05411,05,411,1044,448,20,428,284,144,42.911877394636015,4.464285714285714,95.53571428571429,63.39285714285714,32.142857142857146
05412,05,412,1325,534,63,471,300,171,40.30188679245283,11.797752808988763,88.20224719101124,56.17977528089888,32.02247191011236
05413,05,413,1383,503,29,474,254,220,36.370209689081705,5.7654075546719685,94.23459244532803,50.49701789264414,43.737574552683895
05414,05,414,773,323,21,302,212,90,41.785252263906855,6.5015479876160995,93.49845201238391,65.63467492260062,27.86377708978328
05415,05,415,1273,471,28,443,283,160,36.99921445404556,5.9447983014862,94.0552016985138,60.08492569002123,33.97027600849257
05416,05,416,1210,406,10,396,165,231,33.553719008264466,2.4630541871921183,97.53694581280789,40.64039408866995,56.896551724137936
05417,05,417,926,413,9,404,179,225,44.600431965442766,2.1791767554479415,97.82082324455206,43.341404358353515,54.47941888619855
05418,05,418,724,231,6,225,133,92,31.906077348066297,2.5974025974025974,97.40259740259741,57.57575757575758,39.82683982683983
05419,05,419,1083,476,11,465,205,260,43.95198522622346,2.3109243697478994,97.68907563025209,43.0672268907563,54.621848739495796
05420,05,420,1071,414,15,399,160,239,38.655462184873954,3.6231884057971016,96.37681159420289,38.64734299516908,57.729468599033815
05421,05,421,1224,517,43,474,336,138,42.23856209150327,8.317214700193423,91.68278529980658,64.99032882011605,26.692456479690524
05422,05,422,1005,363,26,337,227,110,36.11940298507463,7.162534435261708,92.8374655647383,62.53443526170799,30.303030303030305
05423,05,423,839,312,22,290,156,134,37.18712753277711,7.051282051282051,92.94871794871796,50.0,42.94871794871795
05424,05,424,1218,478,20,458,245,213,39.24466338259442,4.184100418410042,95.81589958158996,51.25523012552301,44.56066945606695
05425,05,425,966,382,13,369,168,201,39.54451345755693,3.4031413612565444,96.59685863874346,43.97905759162304,52.617801047120416
05426,05,426,1139,567,30,537,288,249,49.78050921861282,5.291005291005291,94.70899470899471,50.79365079365079,43.91534391534391
05427,05,427,772,318,24,294,193,101,41.19170984455959,7.547169811320755,92.45283018867924,60.691823899371066,31.761006289308174
05428,05,428,1092,518,21,497,252,245,47.43589743589743,4.054054054054054,95.94594594594594,48.64864864864865,47.2972972972973
05429,05,429,943,411,18,393,183,210,43.584305408271476,4.37956204379562,95.62043795620438,44.52554744525548,51.09489051094891
05430,05,430,1012,468,23,445,224,221,46.24505928853755,4.914529914529915,95.08547008547008,47.863247863247864,47.22222222222222
05501,05,501,1013,387,14,373,226,147,38.20335636722606,3.6175710594315245,96.38242894056847,58.39793281653747,37.98449612403101
05502,05,502,1193,525,29,496,281,215,44.006705783738475,5.523809523809524,94.47619047619048,53.52380952380953,40.95238095238095
05503,05,503,814,368,22,346,105,241,45.20884520884521,5.978260869565218,94.02173913043478,28.532608695652172,65.48913043478261
05504,05,504,919,357,9,348,223,125,38.84657236126225,2.5210084033613445,97.47899159663865,62.46498599439776,35.01400560224089
05505,05,505,1129,373,9,364,151,213,33.03808680248007,2.4128686327077746,97.58713136729223,40.48257372654155,57.10455764075068
05506,05,506,1057,494,17,477,201,276,46.7360454115421,3.4412955465587043,96.5587044534413,40.688259109311744,55.87044534412956
05507,05,507,984,469,13,456,164,292,47.66260162601626,2.771855010660981,97.22814498933901,34.9680170575693,62.26012793176972
05508,05,508,954,405,10,395,165,230,42.45283018867924,2.4691358024691357,97.53086419753086,40.74074074074074,56.79012345679012
05509,05,509,703,255,5,250,83,167,36.273115220483646,1.9607843137254901,98.0392156862745,32.549019607843135,65.49019607843137
05510,05,510,961,409,8,401,143,258,42.55983350676379,1.9559902200488997,98.0440097799511,34.96332518337408,63.08068459657702
05511,05,511,905,370,13,357,121,236,40.88397790055249,3.5135135135135136,96.48648648648648,32.7027027027027,63.78378378378379
05512,05,512,884,325,5,320,102,218,36.76470588235294,1.5384615384615385,98.46153846153847,31.384615384615383,67.07692307692308
05513,05,513,954,474,13,461,163,298,49.685534591194966,2.7426160337552745,97.25738396624473,34.38818565400844,62.869198312236286
05514,05,514,1010,326,20,306,206,100,32.27722772277228,6.134969325153374,93.86503067484662,63.190184049079754,30.67484662576687
05515,05,515,1093,412,11,401,190,211,37.69441903019214,2.669902912621359,97.33009708737865,46.116504854368934,51.213592233009706
05516,05,516,1200,489,20,469,208,261,40.75,4.08997955010225,95.91002044989774,42.535787321063395,53.37423312883436
05517,05,517,1019,436,38,398,233,165,42.78704612365064,8.715596330275229,91.28440366972477,53.44036697247706,37.84403669724771
05518,05,518,931,360,13,347,90,257,38.66809881847476,3.6111111111111107,96.38888888888889,25.0,71.38888888888889
05519,05,519,987,385,34,351,174,177,39.00709219858156,8.831168831168831,91.16883116883116,45.19480519480519,45.97402597402597
05520,05,520,1139,433,19,414,235,179,38.01580333625988,4.387990762124711,95.61200923787528,54.27251732101617,41.339491916859124
05521,05,521,1131,405,18,387,245,142,35.80901856763926,4.444444444444445,95.55555555555556,60.49382716049383,35.06172839506173
05522,05,522,957,402,12,390,176,214,42.00626959247649,2.9850746268656714,97.01492537313433,43.78109452736319,53.233830845771145
05523,05,523,1004,402,10,392,135,257,40.0398406374502,2.4875621890547266,97.51243781094527,33.582089552238806,63.93034825870647
05524,05,524,990,418,13,405,159,246,42.22222222222222,3.110047846889952,96.88995215311004,38.038277511961724,58.85167464114832
05525,05,525,770,353,15,338,117,221,45.84415584415584,4.2492917847025495,95.75070821529745,33.14447592067989,62.606232294617556
05526,05,526,1148,498,36,462,190,272,43.37979094076655,7.228915662650602,92.7710843373494,38.152610441767074,54.61847389558233
05527,05,527,1419,429,29,400,307,93,30.23255813953488,6.75990675990676,93.24009324009323,71.56177156177156,21.678321678321677
05528,05,528,905,415,12,403,152,251,45.85635359116022,2.891566265060241,97.10843373493975,36.626506024096386,60.48192771084337
05529,05,529,925,363,7,356,111,245,39.24324324324324,1.9283746556473829,98.07162534435263,30.57851239669421,67.4931129476584
05530,05,530,971,406,33,373,255,118,41.81256436663234,8.12807881773399,91.87192118226602,62.80788177339901,29.064039408866993
05531,05,531,785,364,6,358,205,153,46.36942675159236,1.6483516483516485,98.35164835164835,56.31868131868132,42.032967032967036
05532,05,532,1004,531,15,516,169,347,52.88844621513944,2.824858757062147,97.17514124293785,31.826741996233523,65.34839924670433
051A,05,1A,0,625,24,601,340,261,inf,3.84,96.16,54.400000000000006,41.760000000000005
051B,05,1B,0,584,8,576,317,259,inf,1.36986301369863,98.63013698630137,54.28082191780822,44.34931506849315
051C,05,1C,0,642,16,626,349,277,inf,2.4922118380062304,97.50778816199377,54.361370716510905,43.14641744548287
051D,05,1D,0,245,4,241,128,113,inf,1.6326530612244898,98.36734693877551,52.244897959183675,46.12244897959184
051E,05,1E,0,614,18,596,286,310,inf,2.9315960912052117,97.06840390879479,46.579804560260584,50.4885993485342
051F,05,1F,0,239,7,232,127,105,inf,2.928870292887029,97.07112970711297,53.13807531380753,43.93305439330544
051G,05,1G,0,762,20,742,437,305,inf,2.6246719160104988,97.3753280839895,57.3490813648294,40.0262467191601
051H,05,1H,0,342,6,336,213,123,inf,1.7543859649122806,98.24561403508771,62.28070175438597,35.96491228070175
051J,05,1J,0,607,12,595,300,295,inf,1.9769357495881383,98.02306425041186,49.42339373970346,48.59967051070841
051K,05,1K,0,375,7,368,191,177,inf,1.866666666666667,98.13333333333333,50.93333333333333,47.199999999999996
051L,05,1L,0,742,17,725,363,362,inf,2.2911051212938007,97.7088948787062,48.921832884097036,48.78706199460917
051M,05,1M,0,657,12,645,280,365,inf,1.82648401826484,98.17351598173516,42.6179604261796,55.55555555555556
051N,05,1N,0,646,16,630,274,356,inf,2.476780185758514,97.52321981424149,42.414860681114554,55.10835913312694
051P,05,1P,0,603,11,592,400,192,inf,1.8242122719734661,98.17578772802653,66.33499170812604,31.8407960199005
051Q,05,1Q,0,565,16,549,351,198,inf,2.831858407079646,97.16814159292035,62.123893805309734,35.04424778761062
051R,05,1R,0,481,9,472,279,193,inf,1.8711018711018712,98.12889812889813,58.004158004158,40.12474012474013
051S,05,1S,0,526,8,518,323,195,inf,1.520912547528517,98.47908745247148,61.40684410646388,37.0722433460076
052A,05,2A,0,454,14,440,240,200,inf,3.0837004405286343,96.91629955947137,52.863436123348016,44.052863436123346
052B,05,2B,0,352,3,349,215,134,inf,0.8522727272727272,99.14772727272727,61.07954545454546,38.06818181818182
052C,05,2C,0,507,15,492,317,175,inf,2.9585798816568047,97.0414201183432,62.52465483234714,34.51676528599605
052D,05,2D,0,807,18,789,501,288,inf,2.2304832713754648,97.76951672862454,62.0817843866171,35.687732342007436
052E,05,2E,0,546,11,535,303,232,inf,2.0146520146520146,97.98534798534799,55.494505494505496,42.49084249084249
052F,05,2F,0,699,21,678,426,252,inf,3.004291845493562,96.99570815450643,60.94420600858369,36.05150214592275
052G,05,2G,0,279,8,271,180,91,inf,2.867383512544803,97.1326164874552,64.51612903225806,32.61648745519714
052H,05,2H,0,233,15,218,146,72,inf,6.437768240343347,93.56223175965665,62.66094420600859,30.90128755364807
052J,05,2J,0,464,5,459,293,166,inf,1.0775862068965518,98.92241379310344,63.146551724137936,35.775862068965516
052K,05,2K,0,210,6,204,119,85,inf,2.857142857142857,97.14285714285714,56.666666666666664,40.476190476190474
052L,05,2L,0,653,10,643,328,315,inf,1.5313935681470139,98.46860643185299,50.22970903522205,48.23889739663094
052M,05,2M,0,683,14,669,393,276,inf,2.049780380673499,97.9502196193265,57.540263543191806,40.4099560761347
052N,05,2N,0,321,6,315,166,149,inf,1.8691588785046727,98.13084112149532,51.71339563862928,46.41744548286604
052P,05,2P,0,168,2,166,95,71,inf,1.1904761904761905,98.80952380952381,56.547619047619044,42.26190476190476
052Q,05,2Q,0,422,14,408,207,201,inf,3.3175355450236967,96.6824644549763,49.052132701421804,47.6303317535545
052R,05,2R,0,454,7,447,263,184,inf,1.5418502202643172,98.45814977973568,57.9295154185022,40.52863436123348
053A,05,3A,0,742,21,721,453,268,inf,2.8301886792452833,97.16981132075472,61.05121293800539,36.118598382749326
053B,05,3B,0,709,15,694,415,279,inf,2.1156558533145273,97.88434414668548,58.53314527503526,39.35119887165021
053C,05,3C,0,653,9,644,409,235,inf,1.3782542113323124,98.6217457886677,62.63399693721286,35.987748851454825
053D,05,3D,0,609,16,593,330,263,inf,2.6272577996715927,97.37274220032842,54.187192118226605,43.18555008210181
053E,05,3E,0,575,0,575,342,233,inf,0.0,100.0,59.47826086956521,40.52173913043478
053F,05,3F,0,544,10,534,300,234,inf,1.8382352941176472,98.16176470588235,55.14705882352941,43.01470588235294
053G,05,3G,0,339,9,330,187,143,inf,2.6548672566371683,97.34513274336283,55.16224188790561,42.18289085545723
053H,05,3H,0,582,10,572,371,201,inf,1.718213058419244,98.28178694158075,63.745704467353946,34.5360824742268
053J,05,3J,0,594,15,579,346,233,inf,2.525252525252525,97.47474747474747,58.24915824915825,39.225589225589225
053K,05,3K,0,535,13,522,286,236,inf,2.4299065420560746,97.57009345794393,53.45794392523364,44.11214953271028
053L,05,3L,0,249,4,245,153,92,inf,1.6064257028112447,98.39357429718876,61.44578313253012,36.94779116465863
053M,05,3M,0,194,2,192,112,80,inf,1.0309278350515463,98.96907216494846,57.73195876288659,41.23711340206185
053N,05,3N,0,316,5,311,190,121,inf,1.5822784810126582,98.41772151898735,60.12658227848101,38.291139240506325
053P,05,3P,0,206,9,197,115,82,inf,4.368932038834951,95.63106796116504,55.8252427184466,39.80582524271845
053Q,05,3Q,0,450,5,445,270,175,inf,1.1111111111111112,98.88888888888889,60.0,38.88888888888889
053R,05,3R,0,671,10,661,373,288,inf,1.4903129657228018,98.50968703427719,55.58867362146051,42.92101341281669
053S,05,3S,0,337,2,335,203,132,inf,0.5934718100890208,99.40652818991099,60.23738872403561,39.16913946587537
053T,05,3T,0,120,0,120,51,69,inf,0.0,100.0,42.5,57.49999999999999
053U,05,3U,0,117,1,116,76,40,inf,0.8547008547008548,99.14529914529915,64.95726495726495,34.18803418803419
053V,05,3V,0,237,1,236,143,93,inf,0.42194092827004215,99.57805907172997,60.337552742616026,39.24050632911392
054A,05,4A,0,404,3,401,216,185,inf,0.7425742574257426,99.25742574257426,53.46534653465347,45.79207920792079
054B,05,4B,0,678,9,669,317,352,inf,1.3274336283185841,98.67256637168141,46.7551622418879,51.91740412979351
054C,05,4C,0,859,24,835,353,482,inf,2.7939464493597206,97.20605355064028,41.09429569266589,56.11175785797439
054D,05,4D,0,647,10,637,294,343,inf,1.545595054095827,98.45440494590417,45.440494590417316,53.01391035548686
054E,05,4E,0,417,9,408,218,190,inf,2.158273381294964,97.84172661870504,52.27817745803357,45.563549160671464
054F,05,4F,0,425,7,418,193,225,inf,1.647058823529412,98.3529411764706,45.41176470588235,52.94117647058824
054G,05,4G,0,509,5,504,324,180,inf,0.9823182711198428,99.01768172888016,63.654223968565816,35.36345776031434
054H,05,4H,0,365,7,358,121,237,inf,1.9178082191780823,98.08219178082192,33.15068493150685,64.93150684931507
054J,05,4J,0,474,16,458,287,171,inf,3.375527426160337,96.62447257383965,60.54852320675106,36.075949367088604
054K,05,4K,0,553,12,541,293,248,inf,2.1699819168173597,97.83001808318264,52.98372513562387,44.846292947558766
054L,05,4L,0,638,11,627,360,267,inf,1.7241379310344827,98.27586206896551,56.42633228840125,41.84952978056427
054M,05,4M,0,327,5,322,166,156,inf,1.529051987767584,98.47094801223241,50.764525993883794,47.706422018348626
054N,05,4N,0,321,4,317,176,141,inf,1.2461059190031152,98.75389408099689,54.82866043613706,43.925233644859816
054P,05,4P,0,310,5,305,149,156,inf,1.6129032258064515,98.38709677419355,48.064516129032256,50.32258064516129
054Q,05,4Q,0,321,5,316,127,189,inf,1.557632398753894,98.4423676012461,39.56386292834891,58.87850467289719
054R,05,4R,0,341,3,338,173,165,inf,0.8797653958944283,99.12023460410558,50.733137829912025,48.38709677419355
054S,05,4S,0,733,13,720,362,358,inf,1.7735334242837655,98.22646657571623,49.38608458390178,48.84038199181446
054T,05,4T,0,470,11,459,190,269,inf,2.3404255319148937,97.65957446808511,40.42553191489361,57.234042553191486
054U,05,4U,0,509,15,494,196,298,inf,2.9469548133595285,97.05304518664047,38.50687622789784,58.546168958742626
055A,05,5A,0,401,7,394,127,267,inf,1.7456359102244388,98.25436408977556,31.67082294264339,66.58354114713218
055B,05,5B,0,578,13,565,312,253,inf,2.249134948096886,97.75086505190312,53.979238754325266,43.77162629757785
055C,05,5C,0,379,5,374,148,226,inf,1.3192612137203166,98.68073878627969,39.050131926121374,59.63060686015831
055D,05,5D,0,629,12,617,371,246,inf,1.9077901430842605,98.09220985691573,58.9825119236884,39.109697933227345
055E,05,5E,0,560,7,553,339,214,inf,1.25,98.75,60.535714285714285,38.21428571428571
055F,05,5F,0,589,19,570,302,268,inf,3.225806451612903,96.7741935483871,51.273344651952456,45.50084889643464
055G,05,5G,0,455,10,445,177,268,inf,2.197802197802198,97.8021978021978,38.901098901098905,58.901098901098905
055H,05,5H,0,507,6,501,185,316,inf,1.183431952662722,98.81656804733728,36.489151873767256,62.327416173570015
055J,05,5J,0,718,11,707,245,462,inf,1.532033426183844,98.46796657381616,34.12256267409471,64.34540389972145
055K,05,5K,0,408,7,401,129,272,inf,1.715686274509804,98.2843137254902,31.61764705882353,66.66666666666666
055L,05,5L,0,664,13,651,216,435,inf,1.957831325301205,98.04216867469879,32.53012048192771,65.51204819277109
055M,05,5M,0,402,22,380,145,235,inf,5.472636815920398,94.5273631840796,36.069651741293534,58.457711442786064
055N,05,5N,0,301,0,301,173,128,inf,0.0,100.0,57.475083056478404,42.524916943521596
055P,05,5P,0,313,2,311,135,176,inf,0.6389776357827476,99.36102236421725,43.13099041533546,56.23003194888179
055Q,05,5Q,0,384,5,379,151,228,inf,1.3020833333333335,98.69791666666666,39.32291666666667,59.375
055R,05,5R,0,663,13,650,253,397,inf,1.9607843137254901,98.0392156862745,38.159879336349924,59.879336349924586
055S,05,5S,0,436,6,430,129,301,inf,1.3761467889908259,98.62385321100918,29.587155963302752,69.03669724770643
055T,05,5T,0,468,7,461,161,300,inf,1.4957264957264957,98.50427350427351,34.401709401709404,64.1025641025641
055U,05,5U,0,395,4,391,126,265,inf,1.0126582278481013,98.9873417721519,31.89873417721519,67.08860759493672
055V,05,5V,0,409,5,404,121,283,inf,1.2224938875305624,98.77750611246944,29.584352078239608,69.19315403422983
055W,05,5W,0,419,8,411,167,244,inf,1.9093078758949882,98.09069212410502,39.856801909307876,58.233890214797135
055X,05,5X,0,357,25,332,114,218,inf,7.002801120448179,92.99719887955182,31.932773109243694,61.06442577030813
055Y,05,5Y,0,334,4,330,106,224,inf,1.1976047904191618,98.80239520958084,31.736526946107784,67.06586826347305
055Z,05,5Z,0,445,5,440,116,324,inf,1.1235955056179776,98.87640449438202,26.06741573033708,72.80898876404494
06101,06,101,1283,459,15,444,167,277,35.77552611067809,3.2679738562091507,96.73202614379085,36.38344226579521,60.348583877995644
06102,06,102,1303,465,15,450,233,217,35.68687643898695,3.225806451612903,96.7741935483871,50.10752688172043,46.666666666666664
06103,06,103,1256,511,13,498,315,183,40.68471337579618,2.5440313111545985,97.4559686888454,61.64383561643836,35.81213307240704
06104,06,104,1288,496,17,479,259,220,38.50931677018634,3.4274193548387095,96.57258064516128,52.21774193548387,44.354838709677416
06105,06,105,1185,452,16,436,242,194,38.143459915611814,3.5398230088495577,96.46017699115043,53.53982300884957,42.92035398230089
06106,06,106,1150,427,20,407,245,162,37.130434782608695,4.683840749414521,95.31615925058547,57.377049180327866,37.93911007025761
06107,06,107,1205,493,26,467,258,209,40.912863070539416,5.273833671399594,94.7261663286004,52.33265720081136,42.393509127789045
06108,06,108,1267,449,16,433,206,227,35.43804262036306,3.5634743875278394,96.43652561247215,45.87973273942094,50.55679287305123
06109,06,109,1314,486,26,460,248,212,36.986301369863014,5.349794238683128,94.65020576131687,51.028806584362144,43.62139917695473
06110,06,110,1167,450,14,436,251,185,38.56041131105398,3.111111111111111,96.88888888888889,55.77777777777778,41.11111111111111
06111,06,111,1126,461,19,442,236,206,40.94138543516873,4.121475054229935,95.87852494577007,51.19305856832972,44.68546637744035
06112,06,112,1245,494,15,479,278,201,39.678714859437754,3.0364372469635628,96.96356275303644,56.2753036437247,40.688259109311744
06113,06,113,1156,402,8,394,233,161,34.77508650519031,1.9900497512437811,98.00995024875621,57.960199004975124,40.049751243781095
06114,06,114,1240,432,10,422,182,240,34.83870967741935,2.314814814814815,97.68518518518519,42.129629629629626,55.55555555555556
06115,06,115,1208,463,8,455,251,204,38.32781456953642,1.7278617710583155,98.27213822894169,54.21166306695464,44.06047516198704
06116,06,116,1224,512,6,506,264,242,41.830065359477125,1.171875,98.828125,51.5625,47.265625
06117,06,117,1180,421,10,411,200,211,35.67796610169491,2.375296912114014,97.62470308788599,47.50593824228028,50.1187648456057
06118,06,118,1224,476,15,461,225,236,38.88888888888889,3.1512605042016806,96.84873949579831,47.26890756302521,49.57983193277311
06119,06,119,1224,465,15,450,243,207,37.99019607843137,3.225806451612903,96.7741935483871,52.25806451612903,44.516129032258064
06120,06,120,1141,473,14,459,280,179,41.45486415425066,2.9598308668076108,97.04016913319239,59.19661733615222,37.84355179704017
06121,06,121,1207,467,15,452,257,195,38.690969345484675,3.2119914346895073,96.78800856531049,55.0321199143469,41.7558886509636
06122,06,122,1308,538,16,522,297,225,41.13149847094802,2.973977695167286,97.02602230483272,55.20446096654275,41.82156133828997
06123,06,123,1185,446,7,439,228,211,37.63713080168776,1.5695067264573992,98.4304932735426,51.12107623318386,47.309417040358746
06124,06,124,1257,496,12,484,298,186,39.45902943516308,2.4193548387096775,97.58064516129032,60.08064516129033,37.5
06125,06,125,1260,480,12,468,272,196,38.095238095238095,2.5,97.5,56.666666666666664,40.833333333333336
06126,06,126,1136,485,16,469,274,195,42.693661971830984,3.2989690721649487,96.70103092783505,56.49484536082474,40.20618556701031
06201,06,201,1225,515,12,503,289,214,42.04081632653061,2.3300970873786406,97.66990291262137,56.116504854368934,41.55339805825243
06202,06,202,1356,538,22,516,292,224,39.67551622418879,4.089219330855019,95.91078066914498,54.27509293680297,41.63568773234201
06203,06,203,1211,464,20,444,254,190,38.31544178364988,4.310344827586207,95.6896551724138,54.741379310344826,40.94827586206897
06204,06,204,1261,556,26,530,281,249,44.09199048374306,4.676258992805756,95.32374100719424,50.53956834532374,44.7841726618705
06205,06,205,1133,440,21,419,228,191,38.83495145631068,4.772727272727273,95.22727272727273,51.81818181818182,43.40909090909091
06206,06,206,1262,554,17,537,238,299,43.89857369255151,3.068592057761733,96.93140794223827,42.96028880866426,53.97111913357401
06207,06,207,1167,383,21,362,225,137,32.819194515852615,5.483028720626632,94.51697127937337,58.7467362924282,35.77023498694517
06208,06,208,1264,506,23,483,266,217,40.03164556962025,4.545454545454546,95.45454545454545,52.569169960474305,42.88537549407115
06209,06,209,1314,465,17,448,249,199,35.38812785388128,3.655913978494624,96.34408602150538,53.5483870967742,42.795698924731184
06210,06,210,1295,525,16,509,239,270,40.54054054054054,3.0476190476190474,96.95238095238096,45.52380952380952,51.42857142857142
06211,06,211,1353,522,13,509,248,261,38.58093126385809,2.490421455938697,97.5095785440613,47.509578544061306,50.0
06212,06,212,1292,459,7,452,261,191,35.526315789473685,1.5250544662309369,98.47494553376906,56.86274509803921,41.61220043572985
06213,06,213,1329,434,2,432,277,155,32.6561324303988,0.4608294930875576,99.53917050691244,63.824884792626726,35.714285714285715
06214,06,214,1149,483,9,474,274,200,42.03655352480418,1.8633540372670807,98.13664596273291,56.7287784679089,41.40786749482402
06215,06,215,1287,481,12,469,255,214,37.37373737373738,2.494802494802495,97.5051975051975,53.01455301455301,44.49064449064449
06216,06,216,1245,476,16,460,248,212,38.23293172690763,3.361344537815126,96.63865546218487,52.10084033613446,44.537815126050425
06217,06,217,1307,535,14,521,274,247,40.93343534812548,2.6168224299065423,97.38317757009347,51.214953271028044,46.16822429906542
06218,06,218,1200,382,9,373,226,147,31.833333333333336,2.356020942408377,97.64397905759162,59.16230366492147,38.481675392670155
06219,06,219,1182,458,16,442,272,170,38.74788494077834,3.4934497816593884,96.50655021834062,59.388646288209614,37.117903930131
06220,06,220,1239,483,19,464,282,182,38.983050847457626,3.9337474120082816,96.06625258799171,58.38509316770186,37.68115942028986
06221,06,221,1313,541,16,525,249,276,41.2033511043412,2.957486136783734,97.04251386321626,46.02587800369686,51.01663585951941
06222,06,222,1102,426,18,408,259,149,38.65698729582577,4.225352112676056,95.77464788732394,60.798122065727696,34.97652582159624
06223,06,223,1101,435,13,422,240,182,39.509536784741144,2.9885057471264367,97.01149425287356,55.172413793103445,41.839080459770116
06224,06,224,1264,523,21,502,289,213,41.37658227848101,4.015296367112811,95.98470363288719,55.25812619502868,40.72657743785851
06225,06,225,1181,419,16,403,222,181,35.47840812870449,3.8186157517899764,96.18138424821002,52.98329355608592,43.198090692124104
06301,06,301,1344,474,16,458,208,250,35.267857142857146,3.375527426160337,96.62447257383965,43.88185654008439,52.742616033755276
06302,06,302,1291,481,7,474,225,249,37.2579395817196,1.4553014553014554,98.54469854469855,46.77754677754678,51.767151767151766
06303,06,303,1131,529,12,517,272,245,46.772767462422635,2.2684310018903595,97.73156899810964,51.417769376181475,46.31379962192816
06304,06,304,1289,474,23,451,144,307,36.772692009309544,4.852320675105485,95.14767932489451,30.37974683544304,64.76793248945147
06305,06,305,1166,502,16,486,238,248,43.05317324185249,3.187250996015936,96.81274900398407,47.410358565737056,49.40239043824701
06306,06,306,1319,459,19,440,185,255,34.79909021986353,4.139433551198257,95.86056644880175,40.305010893246184,55.55555555555556
06307,06,307,1196,444,21,423,166,257,37.12374581939799,4.72972972972973,95.27027027027027,37.38738738738739,57.88288288288288
06308,06,308,1185,474,14,460,150,310,40.0,2.9535864978902953,97.0464135021097,31.645569620253166,65.40084388185655
06309,06,309,1322,441,14,427,158,269,33.35854765506808,3.1746031746031744,96.82539682539682,35.827664399092974,60.997732426303855
06310,06,310,1277,507,9,498,211,287,39.70242756460454,1.7751479289940828,98.22485207100591,41.61735700197239,56.60749506903353
06311,06,311,1098,394,13,381,147,234,35.88342440801457,3.2994923857868024,96.7005076142132,37.309644670050766,59.390862944162436
06312,06,312,1165,435,18,417,122,295,37.33905579399141,4.137931034482759,95.86206896551724,28.045977011494255,67.81609195402298
06313,06,313,1195,470,10,460,203,257,39.33054393305439,2.127659574468085,97.87234042553192,43.19148936170213,54.680851063829785
06314,06,314,1267,450,3,447,175,272,35.51696921862668,0.6666666666666667,99.33333333333333,38.88888888888889,60.44444444444444
06315,06,315,1211,439,15,424,148,276,36.25103220478943,3.416856492027335,96.58314350797266,33.712984054669704,62.87015945330297
06316,06,316,1277,459,20,439,246,193,35.94361785434612,4.357298474945534,95.64270152505446,53.59477124183007,42.0479302832244
06317,06,317,1274,462,30,432,225,207,36.26373626373626,6.493506493506493,93.5064935064935,48.701298701298704,44.8051948051948
06318,06,318,1295,498,23,475,255,220,38.455598455598455,4.618473895582329,95.38152610441767,51.204819277108435,44.17670682730924
06319,06,319,1139,455,11,444,205,239,39.94732221246708,2.417582417582418,97.58241758241758,45.05494505494506,52.52747252747253
06320,06,320,1242,514,15,499,207,292,41.38486312399356,2.9182879377431905,97.08171206225681,40.27237354085603,56.809338521400775
06321,06,321,1270,466,27,439,213,226,36.69291338582677,5.793991416309012,94.20600858369099,45.70815450643777,48.497854077253216
06322,06,322,1299,477,15,462,232,230,36.72055427251732,3.1446540880503147,96.85534591194968,48.63731656184486,48.21802935010482
06323,06,323,1221,452,9,443,155,288,37.01883701883702,1.991150442477876,98.00884955752213,34.292035398230084,63.716814159292035
06324,06,324,1181,511,6,505,167,338,43.268416596105,1.1741682974559686,98.82583170254404,32.68101761252446,66.14481409001957
06325,06,325,1298,481,18,463,185,278,37.057010785824346,3.7422037422037424,96.25779625779626,38.46153846153847,57.7962577962578
06326,06,326,1240,481,16,465,212,253,38.79032258064516,3.3264033264033266,96.67359667359668,44.07484407484408,52.5987525987526
06327,06,327,1189,472,17,455,207,248,39.69722455845248,3.6016949152542375,96.39830508474576,43.85593220338983,52.54237288135594
06401,06,401,1199,529,15,514,219,295,44.12010008340283,2.835538752362949,97.16446124763705,41.39886578449906,55.765595463138
06402,06,402,1315,555,22,533,240,293,42.20532319391635,3.963963963963964,96.03603603603604,43.24324324324324,52.792792792792795
06403,06,403,1322,461,13,448,226,222,34.8714069591528,2.8199566160520604,97.18004338394793,49.0238611713666,48.15618221258134
06404,06,404,1163,460,26,434,164,270,39.55288048151333,5.6521739130434785,94.34782608695652,35.65217391304348,58.69565217391305
06405,06,405,1279,561,20,541,181,360,43.862392494136046,3.5650623885918007,96.4349376114082,32.263814616755795,64.1711229946524
06406,06,406,1268,430,13,417,225,192,33.91167192429022,3.0232558139534884,96.97674418604652,52.32558139534884,44.651162790697676
06407,06,407,1359,477,10,467,246,221,35.099337748344375,2.0964360587002098,97.9035639412998,51.57232704402516,46.331236897274636
06408,06,408,1336,412,16,396,125,271,30.83832335329341,3.8834951456310676,96.11650485436894,30.339805825242717,65.77669902912622
06409,06,409,1199,449,21,428,197,231,37.44787322768974,4.67706013363029,95.32293986636972,43.87527839643652,51.44766146993318
06410,06,410,1275,506,32,474,250,224,39.68627450980392,6.324110671936759,93.67588932806325,49.40711462450593,44.26877470355731
06411,06,411,1589,684,33,651,282,369,43.04594084329767,4.824561403508771,95.17543859649122,41.228070175438596,53.94736842105263
06412,06,412,1256,562,25,537,263,274,44.745222929936304,4.448398576512456,95.55160142348754,46.79715302491103,48.754448398576514
06413,06,413,1283,451,33,418,231,187,35.15198752922837,7.317073170731707,92.6829268292683,51.21951219512195,41.46341463414634
06414,06,414,1202,505,18,487,381,106,42.01331114808652,3.564356435643564,96.43564356435644,75.44554455445545,20.99009900990099
06415,06,415,1067,399,20,379,240,139,37.39456419868791,5.012531328320802,94.9874686716792,60.150375939849624,34.83709273182957
06416,06,416,1300,459,17,442,181,261,35.30769230769231,3.7037037037037033,96.29629629629629,39.433551198257085,56.86274509803921
06417,06,417,1278,454,27,427,173,254,35.52425665101722,5.947136563876652,94.05286343612335,38.1057268722467,55.947136563876654
06418,06,418,1212,501,18,483,197,286,41.336633663366335,3.592814371257485,96.40718562874252,39.321357285429144,57.08582834331337
06419,06,419,1186,440,27,413,199,214,37.09949409780776,6.136363636363637,93.86363636363636,45.22727272727273,48.63636363636364
06420,06,420,1169,487,10,477,298,179,41.6595380667237,2.0533880903490758,97.94661190965093,61.19096509240246,36.75564681724846
06421,06,421,1280,470,13,457,216,241,36.71875,2.7659574468085104,97.23404255319149,45.95744680851064,51.276595744680854
06422,06,422,1237,499,10,489,229,260,40.33953112368634,2.004008016032064,97.99599198396794,45.89178356713427,52.104208416833664
06423,06,423,1277,474,13,461,162,299,37.11824588880188,2.7426160337552745,97.25738396624473,34.177215189873415,63.0801687763713
06501,06,501,1181,443,13,430,234,196,37.510584250635056,2.9345372460496613,97.06546275395034,52.82167042889391,44.24379232505643
06502,06,502,1316,458,13,445,237,208,34.80243161094225,2.8384279475982535,97.16157205240175,51.7467248908297,45.414847161572055
06503,06,503,1250,449,24,425,195,230,35.92,5.3452115812917596,94.65478841870824,43.42984409799555,51.224944320712694
06504,06,504,1105,467,27,440,182,258,42.262443438914026,5.781584582441114,94.21841541755889,38.97216274089936,55.24625267665952
06505,06,505,1251,499,19,480,209,271,39.88808952837729,3.807615230460922,96.19238476953907,41.883767535070135,54.30861723446894
06506,06,506,1218,421,16,405,239,166,34.56486042692939,3.800475059382423,96.19952494061758,56.76959619952494,39.42992874109264
06507,06,507,1190,487,26,461,257,204,40.924369747899156,5.338809034907597,94.6611909650924,52.772073921971256,41.889117043121146
06508,06,508,1314,463,15,448,249,199,35.23592085235921,3.2397408207343417,96.76025917926566,53.77969762419006,42.98056155507559
06509,06,509,1322,506,20,486,213,273,38.27534039334342,3.9525691699604746,96.04743083003953,42.094861660079054,53.952569169960476
06510,06,510,1278,560,18,542,256,286,43.81846635367762,3.214285714285714,96.78571428571429,45.714285714285715,51.07142857142857
06511,06,511,1136,381,26,355,157,198,33.5387323943662,6.824146981627297,93.1758530183727,41.20734908136483,51.96850393700787
06512,06,512,1217,469,18,451,261,190,38.53738701725555,3.8379530916844353,96.16204690831557,55.65031982942431,40.511727078891255
06513,06,513,1161,472,29,443,262,181,40.654608096468564,6.1440677966101696,93.85593220338984,55.50847457627118,38.347457627118644
06514,06,514,1260,511,11,500,173,327,40.55555555555556,2.152641878669276,97.84735812133071,33.85518590998043,63.992172211350294
06515,06,515,1248,526,15,511,255,256,42.1474358974359,2.8517110266159698,97.14828897338404,48.47908745247148,48.669201520912544
06516,06,516,1087,394,16,378,230,148,36.24655013799448,4.060913705583756,95.93908629441624,58.37563451776649,37.56345177664975
06517,06,517,1240,493,22,471,267,204,39.75806451612903,4.462474645030426,95.53752535496957,54.15821501014199,41.37931034482759
06518,06,518,1044,428,22,406,227,179,40.99616858237548,5.14018691588785,94.85981308411215,53.0373831775701,41.822429906542055
06519,06,519,1021,363,19,344,170,174,35.553379040156706,5.234159779614325,94.76584022038568,46.83195592286501,47.93388429752066
06520,06,520,1103,431,10,421,171,250,39.075249320036264,2.320185614849188,97.6798143851508,39.675174013921115,58.0046403712297
06521,06,521,1105,434,18,416,171,245,39.276018099547514,4.147465437788019,95.85253456221197,39.40092165898618,56.451612903225815
06522,06,522,1286,477,24,453,254,199,37.09175738724728,5.031446540880504,94.9685534591195,53.24947589098532,41.719077568134175
06523,06,523,1322,551,17,534,365,169,41.67927382753404,3.0852994555353903,96.91470054446461,66.2431941923775,30.671506352087114
06524,06,524,1000,384,21,363,230,133,38.4,5.46875,94.53125,59.895833333333336,34.63541666666667
06525,06,525,981,366,20,346,220,126,37.308868501529055,5.46448087431694,94.53551912568307,60.10928961748634,34.42622950819672
06601,06,601,1211,392,13,379,164,215,32.369942196531795,3.316326530612245,96.68367346938776,41.83673469387755,54.8469387755102
06602,06,602,1204,535,16,519,259,260,44.435215946843854,2.990654205607477,97.00934579439252,48.41121495327103,48.598130841121495
06603,06,603,1189,459,12,447,164,283,38.603868797308664,2.6143790849673203,97.38562091503267,35.72984749455338,61.6557734204793
06604,06,604,1171,545,14,531,239,292,46.54141759180188,2.5688073394495414,97.43119266055047,43.853211009174316,53.57798165137615
06605,06,605,1302,634,9,625,314,311,48.694316436251924,1.4195583596214512,98.58044164037855,49.52681388012618,49.05362776025237
06606,06,606,1206,475,13,462,100,362,39.38640132669983,2.736842105263158,97.26315789473684,21.052631578947366,76.21052631578948
06607,06,607,1212,459,17,442,124,318,37.87128712871287,3.7037037037037033,96.29629629629629,27.01525054466231,69.28104575163398
06608,06,608,1398,501,14,487,196,291,35.836909871244636,2.7944111776447107,97.2055888223553,39.12175648702595,58.08383233532935
06609,06,609,1151,434,8,426,161,265,37.706342311033886,1.8433179723502304,98.15668202764977,37.096774193548384,61.05990783410138
06610,06,610,1145,477,7,470,148,322,41.65938864628821,1.4675052410901468,98.53249475890985,31.027253668763105,67.50524109014675
06611,06,611,1261,489,11,478,237,241,38.77874702616971,2.2494887525562373,97.75051124744377,48.466257668711656,49.284253578732105
06612,06,612,1136,473,18,455,205,250,41.63732394366197,3.8054968287526427,96.19450317124736,43.34038054968288,52.85412262156448
06613,06,613,1145,434,15,419,149,270,37.903930131004365,3.4562211981566824,96.54377880184332,34.331797235023046,62.21198156682027
06614,06,614,1205,519,4,515,163,352,43.07053941908714,0.7707129094412332,99.22928709055877,31.406551059730248,67.82273603082851
06615,06,615,1284,461,14,447,250,197,35.90342679127726,3.036876355748373,96.96312364425162,54.229934924078094,42.73318872017354
06616,06,616,1286,604,14,590,255,335,46.96734059097978,2.3178807947019866,97.68211920529801,42.21854304635762,55.4635761589404
06617,06,617,1257,391,17,374,156,218,31.105807478122514,4.3478260869565215,95.65217391304348,39.89769820971867,55.754475703324815
06618,06,618,1344,535,10,525,272,253,39.80654761904761,1.8691588785046727,98.13084112149532,50.8411214953271,47.28971962616823
06619,06,619,1295,577,22,555,283,272,44.55598455598456,3.8128249566724435,96.18717504332756,49.04679376083189,47.14038128249567
06620,06,620,1321,510,16,494,240,254,38.60711582134746,3.1372549019607843,96.86274509803921,47.05882352941176,49.80392156862745
06621,06,621,1311,504,15,489,234,255,38.443935926773456,2.976190476190476,97.02380952380952,46.42857142857143,50.595238095238095
06622,06,622,1327,522,18,504,293,211,39.33685003767898,3.4482758620689653,96.55172413793103,56.13026819923371,40.42145593869732
06623,06,623,1362,511,17,494,253,241,37.518355359765046,3.326810176125244,96.67318982387475,49.510763209393346,47.162426614481404
06624,06,624,1263,463,22,441,214,227,36.65874901029295,4.751619870410368,95.24838012958963,46.220302375809936,49.0280777537797
06625,06,625,1288,478,5,473,136,337,37.11180124223603,1.0460251046025104,98.9539748953975,28.451882845188287,70.50209205020921
06701,06,701,1159,447,12,435,142,293,38.56773080241588,2.684563758389262,97.31543624161074,31.767337807606268,65.54809843400447
06702,06,702,1230,471,13,458,147,311,38.29268292682927,2.7600849256900215,97.23991507430998,31.210191082802545,66.02972399150742
06703,06,703,1130,446,12,434,151,283,39.469026548672566,2.690582959641256,97.30941704035875,33.856502242152466,63.45291479820629
06704,06,704,1258,367,7,360,170,190,29.17329093799682,1.9073569482288828,98.09264305177112,46.321525885558586,51.771117166212534
06705,06,705,1104,386,16,370,168,202,34.96376811594203,4.145077720207254,95.85492227979275,43.523316062176164,52.331606217616574
06706,06,706,1387,549,12,537,157,380,39.58183129055515,2.185792349726776,97.81420765027322,28.59744990892532,69.2167577413479
06707,06,707,1373,460,15,445,158,287,33.50327749453751,3.260869565217391,96.73913043478261,34.34782608695652,62.39130434782608
06708,06,708,1144,465,5,460,217,243,40.64685314685315,1.0752688172043012,98.9247311827957,46.666666666666664,52.25806451612903
06709,06,709,1088,426,18,408,123,285,39.154411764705884,4.225352112676056,95.77464788732394,28.87323943661972,66.90140845070422
06710,06,710,1185,483,19,464,185,279,40.75949367088608,3.9337474120082816,96.06625258799171,38.302277432712216,57.7639751552795
06711,06,711,1173,326,14,312,103,209,27.791986359761296,4.294478527607362,95.70552147239265,31.595092024539877,64.11042944785275
06712,06,712,1100,446,28,418,204,214,40.54545454545455,6.278026905829597,93.72197309417041,45.73991031390135,47.98206278026906
06713,06,713,1217,462,1,461,154,307,37.96220213640098,0.21645021645021645,99.78354978354979,33.33333333333333,66.45021645021644
06714,06,714,1198,508,17,491,246,245,42.40400667779633,3.346456692913386,96.65354330708661,48.4251968503937,48.22834645669291
06715,06,715,1060,391,12,379,149,230,36.886792452830186,3.0690537084398977,96.9309462915601,38.107416879795394,58.82352941176471
06716,06,716,1160,474,9,465,142,323,40.86206896551724,1.89873417721519,98.10126582278481,29.957805907172997,68.14345991561181
06717,06,717,1115,477,7,470,226,244,42.780269058295964,1.4675052410901468,98.53249475890985,47.37945492662474,51.15303983228512
06718,06,718,1253,486,14,472,169,303,38.78691141260974,2.880658436213992,97.11934156378601,34.77366255144033,62.34567901234568
06719,06,719,1209,489,19,470,211,259,40.44665012406948,3.885480572597137,96.11451942740287,43.149284253578735,52.965235173824134
06720,06,720,1219,530,16,514,186,328,43.47826086956522,3.018867924528302,96.98113207547169,35.094339622641506,61.886792452830186
06721,06,721,1188,486,21,465,169,296,40.909090909090914,4.320987654320987,95.67901234567901,34.77366255144033,60.90534979423868
06722,06,722,1345,451,18,433,141,292,33.531598513011154,3.9911308203991127,96.0088691796009,31.263858093126384,64.7450110864745
06723,06,723,1196,440,10,430,131,299,36.78929765886287,2.272727272727273,97.72727272727273,29.772727272727273,67.95454545454545
06724,06,724,1144,505,24,481,249,232,44.14335664335665,4.752475247524752,95.24752475247524,49.306930693069305,45.940594059405946
06725,06,725,1077,427,18,409,197,212,39.647168059424324,4.215456674473068,95.78454332552693,46.13583138173302,49.64871194379391
061A,06,1A,0,667,6,661,303,358,inf,0.8995502248875562,99.10044977511244,45.42728635682159,53.67316341829086
061AA,06,1AA,0,519,7,512,311,201,inf,1.348747591522158,98.65125240847784,59.92292870905588,38.72832369942196
061AB,06,1AB,0,414,2,412,265,147,inf,0.4830917874396135,99.51690821256038,64.00966183574879,35.507246376811594
061B,06,1B,0,610,6,604,279,325,inf,0.9836065573770493,99.01639344262296,45.73770491803278,53.278688524590166
061C,06,1C,0,469,4,465,273,192,inf,0.8528784648187633,99.14712153518124,58.2089552238806,40.93816631130064
061D,06,1D,0,586,10,576,323,253,inf,1.7064846416382253,98.29351535836177,55.11945392491467,43.1740614334471
061E,06,1E,0,443,8,435,230,205,inf,1.805869074492099,98.1941309255079,51.91873589164786,46.27539503386004
061F,06,1F,0,407,4,403,213,190,inf,0.9828009828009828,99.01719901719902,52.33415233415234,46.68304668304668
061G,06,1G,0,457,8,449,216,233,inf,1.75054704595186,98.24945295404814,47.26477024070022,50.984682713347915
061H,06,1H,0,629,4,625,277,348,inf,0.6359300476947536,99.36406995230524,44.03815580286168,55.325914149443555
061J,06,1J,0,539,11,528,264,264,inf,2.0408163265306123,97.95918367346938,48.97959183673469,48.97959183673469
061K,06,1K,0,490,13,477,266,211,inf,2.6530612244897958,97.34693877551021,54.285714285714285,43.06122448979592
061L,06,1L,0,439,9,430,212,218,inf,2.050113895216401,97.9498861047836,48.29157175398633,49.65831435079727
061M,06,1M,0,428,7,421,230,191,inf,1.6355140186915886,98.36448598130842,53.73831775700935,44.626168224299064
061N,06,1N,0,407,15,392,229,163,inf,3.6855036855036856,96.31449631449631,56.26535626535627,40.04914004914005
061P,06,1P,0,555,9,546,268,278,inf,1.6216216216216217,98.37837837837839,48.28828828828829,50.09009009009009
061Q,06,1Q,0,439,8,431,243,188,inf,1.8223234624145785,98.17767653758543,55.35307517084283,42.8246013667426
061R,06,1R,0,527,6,521,291,230,inf,1.1385199240986716,98.86148007590133,55.21821631878557,43.643263757115754
061S,06,1S,0,527,9,518,224,294,inf,1.7077798861480076,98.292220113852,42.50474383301708,55.787476280834916
061T,06,1T,0,548,7,541,242,299,inf,1.2773722627737227,98.72262773722628,44.16058394160584,54.56204379562044
061U,06,1U,0,501,10,491,262,229,inf,1.996007984031936,98.00399201596807,52.29540918163673,45.70858283433134
061V,06,1V,0,476,7,469,270,199,inf,1.4705882352941175,98.52941176470588,56.72268907563025,41.806722689075634
061W,06,1W,0,485,8,477,243,234,inf,1.6494845360824744,98.35051546391752,50.103092783505154,48.24742268041237
061X,06,1X,0,530,9,521,270,251,inf,1.6981132075471699,98.30188679245283,50.943396226415096,47.35849056603774
061Y,06,1Y,0,505,4,501,248,253,inf,0.7920792079207921,99.20792079207921,49.10891089108911,50.0990099009901
061Z,06,1Z,0,505,4,501,276,225,inf,0.7920792079207921,99.20792079207921,54.65346534653466,44.554455445544555
062A,06,2A,0,465,11,454,255,199,inf,2.3655913978494625,97.63440860215053,54.83870967741935,42.795698924731184
062AA,06,2AA,0,516,16,500,243,257,inf,3.10077519379845,96.89922480620154,47.093023255813954,49.8062015503876
062B,06,2B,0,520,12,508,250,258,inf,2.307692307692308,97.6923076923077,48.07692307692308,49.61538461538461
062C,06,2C,0,440,4,436,239,197,inf,0.9090909090909091,99.0909090909091,54.31818181818182,44.77272727272727
062D,06,2D,0,424,4,420,198,222,inf,0.9433962264150944,99.05660377358491,46.69811320754717,52.358490566037744
062E,06,2E,0,420,8,412,228,184,inf,1.9047619047619049,98.09523809523809,54.285714285714285,43.80952380952381
062F,06,2F,0,481,3,478,216,262,inf,0.6237006237006237,99.37629937629939,44.90644490644491,54.469854469854475
062G,06,2G,0,471,6,465,264,201,inf,1.2738853503184715,98.72611464968153,56.05095541401274,42.675159235668794
062H,06,2H,0,461,9,452,249,203,inf,1.9522776572668112,98.0477223427332,54.01301518438177,44.03470715835141
062J,06,2J,0,547,6,541,280,261,inf,1.0968921389396709,98.90310786106032,51.18829981718464,47.714808043875685
062K,06,2K,0,538,11,527,252,275,inf,2.0446096654275094,97.95539033457248,46.84014869888476,51.11524163568774
062L,06,2L,0,544,7,537,280,257,inf,1.2867647058823528,98.71323529411765,51.470588235294116,47.24264705882353
062M,06,2M,0,572,8,564,325,239,inf,1.3986013986013985,98.6013986013986,56.81818181818182,41.78321678321678
062N,06,2N,0,510,31,479,280,199,inf,6.078431372549019,93.92156862745098,54.90196078431373,39.01960784313726
062P,06,2P,0,494,8,486,296,190,inf,1.6194331983805668,98.38056680161942,59.91902834008097,38.46153846153847
062Q,06,2Q,0,509,0,509,267,242,inf,0.0,100.0,52.455795677799614,47.54420432220039
062R,06,2R,0,484,11,473,261,212,inf,2.272727272727273,97.72727272727273,53.925619834710744,43.80165289256198
062S,06,2S,0,516,6,510,286,224,inf,1.1627906976744187,98.83720930232558,55.42635658914728,43.41085271317829
062T,06,2T,0,429,0,429,243,186,inf,0.0,100.0,56.64335664335665,43.35664335664335
062U,06,2U,0,481,2,479,270,209,inf,0.4158004158004158,99.58419958419958,56.13305613305614,43.45114345114345
062V,06,2V,0,491,7,484,284,200,inf,1.4256619144602851,98.57433808553971,57.841140529531565,40.73319755600815
062W,06,2W,0,481,14,467,223,244,inf,2.9106029106029108,97.0893970893971,46.36174636174636,50.72765072765073
062X,06,2X,0,382,9,373,218,155,inf,2.356020942408377,97.64397905759162,57.06806282722513,40.575916230366495
062Y,06,2Y,0,411,7,404,236,168,inf,1.70316301703163,98.29683698296837,57.420924574209245,40.87591240875913
062Z,06,2Z,0,445,7,438,246,192,inf,1.5730337078651686,98.42696629213484,55.28089887640449,43.146067415730336
063A,06,3A,0,652,12,640,282,358,inf,1.8404907975460123,98.15950920245399,43.25153374233129,54.90797546012271
063AA,06,3AA,0,573,8,565,253,312,inf,1.3961605584642234,98.60383944153578,44.153577661431065,54.45026178010471
063AB,06,3AB,0,559,6,553,256,297,inf,1.073345259391771,98.92665474060823,45.796064400715565,53.13059033989267
063AC,06,3AC,0,537,7,530,208,322,inf,1.303538175046555,98.69646182495345,38.733705772811916,59.96275605214153
063B,06,3B,0,602,9,593,254,339,inf,1.495016611295681,98.50498338870432,42.19269102990033,56.31229235880399
063C,06,3C,0,391,4,387,212,175,inf,1.0230179028132993,98.9769820971867,54.21994884910486,44.75703324808184
063D,06,3D,0,624,5,619,205,414,inf,0.8012820512820512,99.19871794871796,32.8525641025641,66.34615384615384
063E,06,3E,0,408,7,401,194,207,inf,1.715686274509804,98.2843137254902,47.549019607843135,50.73529411764706
063F,06,3F,0,538,11,527,230,297,inf,2.0446096654275094,97.95539033457248,42.75092936802974,55.20446096654275
063G,06,3G,0,568,9,559,212,347,inf,1.584507042253521,98.41549295774648,37.32394366197183,61.09154929577465
063H,06,3H,0,526,4,522,173,349,inf,0.7604562737642585,99.23954372623575,32.88973384030418,66.34980988593155
063J,06,3J,0,600,7,593,186,407,inf,1.1666666666666667,98.83333333333333,31.0,67.83333333333333
063K,06,3K,0,584,9,575,208,367,inf,1.5410958904109588,98.45890410958904,35.61643835616438,62.84246575342466
063L,06,3L,0,505,10,495,193,302,inf,1.9801980198019802,98.01980198019803,38.21782178217822,59.8019801980198
063M,06,3M,0,568,6,562,201,361,inf,1.056338028169014,98.94366197183099,35.38732394366197,63.556338028169016
063N,06,3N,0,512,11,501,172,329,inf,2.1484375,97.8515625,33.59375,64.2578125
063P,06,3P,0,514,11,503,171,332,inf,2.140077821011673,97.85992217898833,33.26848249027237,64.59143968871595
063Q,06,3Q,0,553,8,545,164,381,inf,1.4466546112115732,98.55334538878843,29.65641952983725,68.89692585895118
063R,06,3R,0,473,19,454,265,189,inf,4.0169133192389,95.9830866807611,56.02536997885835,39.95771670190275
063S,06,3S,0,460,6,454,234,220,inf,1.3043478260869565,98.69565217391305,50.8695652173913,47.82608695652174
063T,06,3T,0,475,9,466,243,223,inf,1.8947368421052633,98.10526315789474,51.1578947368421,46.94736842105263
063U,06,3U,0,472,7,465,199,266,inf,1.4830508474576272,98.51694915254238,42.16101694915254,56.355932203389834
063V,06,3V,0,563,2,561,196,365,inf,0.3552397868561279,99.64476021314387,34.81349911190053,64.83126110124334
063W,06,3W,0,438,7,431,194,237,inf,1.5981735159817352,98.40182648401826,44.29223744292237,54.109589041095894
063X,06,3X,0,558,7,551,205,346,inf,1.2544802867383513,98.74551971326166,36.73835125448029,62.00716845878136
063Y,06,3Y,0,562,2,560,172,388,inf,0.3558718861209964,99.644128113879,30.604982206405694,69.03914590747331
063Z,06,3Z,0,466,5,461,171,290,inf,1.0729613733905579,98.92703862660944,36.69527896995708,62.231759656652365
064A,06,4A,0,467,3,464,191,273,inf,0.6423982869379015,99.3576017130621,40.899357601713064,58.45824411134903
064B,06,4B,0,473,11,462,198,264,inf,2.3255813953488373,97.67441860465115,41.86046511627907,55.81395348837209
064C,06,4C,0,546,7,539,250,289,inf,1.282051282051282,98.71794871794873,45.78754578754579,52.930402930402934
064D,06,4D,0,488,11,477,181,296,inf,2.2540983606557377,97.74590163934425,37.09016393442623,60.65573770491803
064E,06,4E,0,508,9,499,162,337,inf,1.7716535433070866,98.22834645669292,31.88976377952756,66.33858267716536
064F,06,4F,0,520,0,520,235,285,inf,0.0,100.0,45.19230769230769,54.807692307692314
064G,06,4G,0,493,3,490,245,245,inf,0.6085192697768762,99.39148073022312,49.69574036511156,49.69574036511156
064H,06,4H,0,630,7,623,235,388,inf,1.1111111111111112,98.88888888888889,37.301587301587304,61.58730158730159
064J,06,4J,0,521,6,515,239,276,inf,1.1516314779270633,98.84836852207293,45.87332053742802,52.97504798464492
064K,06,4K,0,348,5,343,173,170,inf,1.4367816091954022,98.5632183908046,49.712643678160916,48.85057471264368
064L,06,4L,0,532,4,528,287,241,inf,0.7518796992481203,99.24812030075188,53.94736842105263,45.30075187969925
064M,06,4M,0,385,6,379,177,202,inf,1.5584415584415585,98.44155844155844,45.97402597402597,52.467532467532465
064N,06,4N,0,426,1,425,190,235,inf,0.2347417840375587,99.76525821596243,44.60093896713615,55.16431924882629
064P,06,4P,0,207,4,203,137,66,inf,1.932367149758454,98.06763285024155,66.18357487922705,31.88405797101449
064Q,06,4Q,0,314,4,310,172,138,inf,1.2738853503184715,98.72611464968153,54.77707006369427,43.94904458598726
064R,06,4R,0,615,13,602,210,392,inf,2.113821138211382,97.88617886178862,34.146341463414636,63.739837398373986
064S,06,4S,0,555,7,548,238,310,inf,1.2612612612612613,98.73873873873875,42.88288288288288,55.85585585585585
064T,06,4T,0,517,10,507,190,317,inf,1.9342359767891684,98.06576402321083,36.7504835589942,61.315280464216634
064U,06,4U,0,421,6,415,196,219,inf,1.4251781472684086,98.57482185273159,46.55581947743468,52.01900237529691
064V,06,4V,0,389,7,382,214,168,inf,1.7994858611825193,98.20051413881748,55.012853470437015,43.18766066838046
064W,06,4W,0,515,6,509,218,291,inf,1.1650485436893203,98.83495145631068,42.33009708737864,56.50485436893204
064X,06,4X,0,515,13,502,228,274,inf,2.524271844660194,97.47572815533981,44.271844660194176,53.20388349514563
064Y,06,4Y,0,619,4,615,226,389,inf,0.6462035541195477,99.35379644588045,36.51050080775444,62.84329563812601
065A,06,5A,0,447,6,441,232,209,inf,1.342281879194631,98.65771812080537,51.90156599552572,46.75615212527964
065AA,06,5AA,0,217,2,215,133,82,inf,0.9216589861751152,99.07834101382488,61.29032258064516,37.78801843317972
065B,06,5B,0,427,12,415,199,216,inf,2.810304449648712,97.18969555035129,46.604215456674474,50.585480093676814
065C,06,5C,0,475,10,465,240,225,inf,2.1052631578947367,97.89473684210527,50.526315789473685,47.368421052631575
065D,06,5D,0,461,5,456,176,280,inf,1.0845986984815619,98.91540130151843,38.17787418655097,60.73752711496746
065E,06,5E,0,547,9,538,223,315,inf,1.6453382084095063,98.35466179159049,40.76782449725777,57.586837294332724
065F,06,5F,0,447,6,441,232,209,inf,1.342281879194631,98.65771812080537,51.90156599552572,46.75615212527964
065G,06,5G,0,346,4,342,188,154,inf,1.1560693641618496,98.84393063583815,54.33526011560693,44.50867052023121
065H,06,5H,0,444,5,439,220,219,inf,1.1261261261261262,98.87387387387388,49.549549549549546,49.32432432432432
065J,06,5J,0,544,15,529,224,305,inf,2.7573529411764706,97.24264705882352,41.17647058823529,56.06617647058824
065K,06,5K,0,420,5,415,209,206,inf,1.1904761904761905,98.80952380952381,49.76190476190476,49.047619047619044
065L,06,5L,0,470,9,461,219,242,inf,1.9148936170212765,98.08510638297872,46.59574468085106,51.48936170212765
065M,06,5M,0,359,8,351,204,147,inf,2.2284122562674096,97.7715877437326,56.824512534818936,40.947075208913645
065N,06,5N,0,328,4,324,154,170,inf,1.2195121951219512,98.78048780487805,46.95121951219512,51.829268292682926
065P,06,5P,0,532,8,524,194,330,inf,1.5037593984962405,98.49624060150376,36.46616541353384,62.03007518796993
065Q,06,5Q,0,429,6,423,208,215,inf,1.3986013986013985,98.6013986013986,48.484848484848484,50.116550116550115
065R,06,5R,0,348,5,343,201,142,inf,1.4367816091954022,98.5632183908046,57.758620689655174,40.804597701149426
065S,06,5S,0,333,6,327,166,161,inf,1.8018018018018018,98.1981981981982,49.849849849849846,48.348348348348345
065T,06,5T,0,307,6,301,147,154,inf,1.9543973941368076,98.0456026058632,47.88273615635179,50.1628664495114
065U,06,5U,0,372,6,366,169,197,inf,1.6129032258064515,98.38709677419355,45.43010752688172,52.956989247311824
065V,06,5V,0,491,7,484,189,295,inf,1.4256619144602851,98.57433808553971,38.4928716904277,60.08146639511202
065W,06,5W,0,498,3,495,188,307,inf,0.6024096385542169,99.3975903614458,37.75100401606426,61.64658634538153
065X,06,5X,0,430,6,424,223,201,inf,1.3953488372093024,98.6046511627907,51.86046511627907,46.74418604651163
065Y,06,5Y,0,353,2,351,225,126,inf,0.56657223796034,99.43342776203966,63.73937677053825,35.69405099150141
065Z,06,5Z,0,286,3,283,166,117,inf,1.048951048951049,98.95104895104895,58.04195804195804,40.909090909090914
066A,06,6A,0,673,6,667,296,371,inf,0.8915304606240713,99.10846953937593,43.98216939078752,55.12630014858841
066AA,06,6AA,0,609,3,606,119,487,inf,0.49261083743842365,99.50738916256158,19.54022988505747,79.96715927750411
066B,06,6B,0,473,6,467,214,253,inf,1.2684989429175475,98.73150105708245,45.243128964059196,53.48837209302325
066C,06,6C,0,592,3,589,205,384,inf,0.5067567567567568,99.49324324324324,34.62837837837838,64.86486486486487
066D,06,6D,0,459,7,452,196,256,inf,1.5250544662309369,98.47494553376906,42.70152505446623,55.773420479302835
066E,06,6E,0,442,7,435,224,211,inf,1.583710407239819,98.41628959276018,50.678733031674206,47.737556561085974
066F,06,6F,0,493,6,487,117,370,inf,1.2170385395537524,98.78296146044624,23.732251521298174,75.05070993914808
066G,06,6G,0,539,2,537,127,410,inf,0.3710575139146568,99.62894248608535,23.562152133580703,76.06679035250464
066H,06,6H,0,637,9,628,205,423,inf,1.4128728414442702,98.58712715855573,32.18210361067504,66.40502354788069
066J,06,6J,0,532,10,522,182,340,inf,1.8796992481203008,98.1203007518797,34.21052631578947,63.90977443609023
066K,06,6K,0,534,6,528,132,396,inf,1.1235955056179776,98.87640449438202,24.719101123595504,74.15730337078652
066L,06,6L,0,521,13,508,232,276,inf,2.495201535508637,97.50479846449136,44.52975047984645,52.97504798464492
066M,06,6M,0,470,6,464,214,250,inf,1.276595744680851,98.72340425531915,45.53191489361702,53.191489361702125
066N,06,6N,0,577,10,567,180,387,inf,1.733102253032929,98.26689774696708,31.195840554592717,67.07105719237435
066P,06,6P,0,516,6,510,173,337,inf,1.1627906976744187,98.83720930232558,33.52713178294574,65.31007751937985
066Q,06,6Q,0,508,9,499,264,235,inf,1.7716535433070866,98.22834645669292,51.96850393700787,46.25984251968504
066R,06,6R,0,450,6,444,233,211,inf,1.3333333333333335,98.66666666666667,51.77777777777778,46.88888888888889
066S,06,6S,0,541,13,528,210,318,inf,2.4029574861367835,97.59704251386322,38.817005545286506,58.78003696857671
066T,06,6T,0,557,7,550,275,275,inf,1.2567324955116697,98.74326750448833,49.371633752244165,49.371633752244165
066U,06,6U,0,487,5,482,198,284,inf,1.0266940451745379,98.97330595482546,40.6570841889117,58.31622176591375
066V,06,6V,0,544,9,535,233,302,inf,1.6544117647058825,98.34558823529412,42.830882352941174,55.51470588235294
066W,06,6W,0,504,6,498,252,246,inf,1.1904761904761905,98.80952380952381,50.0,48.80952380952381
066X,06,6X,0,558,10,548,299,249,inf,1.7921146953405016,98.2078853046595,53.584229390681,44.623655913978496
066Y,06,6Y,0,601,12,589,306,283,inf,1.9966722129783694,98.00332778702163,50.91514143094842,47.088186356073216
066Z,06,6Z,0,553,12,541,254,287,inf,2.1699819168173597,97.83001808318264,45.931283905967454,51.89873417721519
067A,06,7A,0,584,9,575,187,388,inf,1.5410958904109588,98.45890410958904,32.02054794520548,66.43835616438356
067AA,06,7AA,0,409,10,399,185,214,inf,2.444987775061125,97.55501222493888,45.2322738386308,52.32273838630807
067B,06,7B,0,519,3,516,149,367,inf,0.5780346820809248,99.42196531791907,28.709055876685934,70.71290944123314
067C,06,7C,0,444,6,438,171,267,inf,1.3513513513513513,98.64864864864865,38.513513513513516,60.13513513513513
067D,06,7D,0,519,5,514,165,349,inf,0.9633911368015413,99.03660886319847,31.79190751445087,67.2447013487476
067E,06,7E,0,531,7,524,227,297,inf,1.3182674199623352,98.68173258003766,42.749529190207156,55.932203389830505
067F,06,7F,0,661,14,647,203,444,inf,2.118003025718608,97.88199697428139,30.71104387291982,67.17095310136158
067G,06,7G,0,696,10,686,213,473,inf,1.4367816091954022,98.5632183908046,30.603448275862068,67.95977011494253
067H,06,7H,0,448,7,441,171,270,inf,1.5625,98.4375,38.169642857142854,60.26785714285714
067J,06,7J,0,516,1,515,182,333,inf,0.1937984496124031,99.8062015503876,35.27131782945737,64.53488372093024
067K,06,7K,0,501,5,496,190,306,inf,0.998003992015968,99.00199600798403,37.924151696606785,61.07784431137725
067L,06,7L,0,618,10,608,238,370,inf,1.6181229773462782,98.38187702265373,38.51132686084142,59.8705501618123
067M,06,7M,0,495,11,484,230,254,inf,2.2222222222222223,97.77777777777777,46.464646464646464,51.31313131313131
067N,06,7N,0,594,5,589,190,399,inf,0.8417508417508417,99.15824915824916,31.986531986531986,67.17171717171718
067P,06,7P,0,464,5,459,226,233,inf,1.0775862068965518,98.92241379310344,48.706896551724135,50.21551724137932
067Q,06,7Q,0,483,3,480,177,303,inf,0.6211180124223602,99.37888198757764,36.64596273291926,62.732919254658384
067R,06,7R,0,546,8,538,166,372,inf,1.465201465201465,98.53479853479854,30.4029304029304,68.13186813186813
067S,06,7S,0,459,9,450,205,245,inf,1.9607843137254901,98.0392156862745,44.66230936819172,53.37690631808278
067T,06,7T,0,570,9,561,206,355,inf,1.5789473684210527,98.42105263157895,36.140350877192986,62.28070175438597
067U,06,7U,0,567,11,556,257,299,inf,1.9400352733686066,98.05996472663139,45.326278659611994,52.733686067019406
067V,06,7V,0,501,9,492,196,296,inf,1.7964071856287425,98.20359281437125,39.12175648702595,59.08183632734531
067W,06,7W,0,488,7,481,132,349,inf,1.4344262295081966,98.5655737704918,27.049180327868854,71.51639344262296
067X,06,7X,0,696,5,691,194,497,inf,0.7183908045977011,99.2816091954023,27.873563218390807,71.4080459770115
067Y,06,7Y,0,607,12,595,178,417,inf,1.9769357495881383,98.02306425041186,29.32454695222405,68.69851729818781
067Z,06,7Z,0,456,12,444,244,200,inf,2.631578947368421,97.36842105263158,53.50877192982456,43.859649122807014
07101,07,101,1145,344,11,333,183,150,30.043668122270745,3.1976744186046515,96.80232558139535,53.19767441860465,43.604651162790695
07102,07,102,1216,439,14,425,235,190,36.10197368421053,3.189066059225513,96.81093394077449,53.53075170842825,43.28018223234624
07103,07,103,1104,434,18,416,213,203,39.311594202898554,4.147465437788019,95.85253456221197,49.07834101382488,46.774193548387096
07104,07,104,1326,508,11,497,320,177,38.3107088989442,2.1653543307086616,97.83464566929135,62.99212598425197,34.84251968503937
07105,07,105,1190,441,9,432,299,133,37.05882352941177,2.0408163265306123,97.95918367346938,67.80045351473923,30.158730158730158
07106,07,106,1116,442,13,429,318,111,39.60573476702509,2.941176470588235,97.05882352941177,71.94570135746606,25.1131221719457
07107,07,107,1268,496,8,488,351,137,39.11671924290221,1.6129032258064515,98.38709677419355,70.76612903225806,27.62096774193548
07108,07,108,1226,509,13,496,372,124,41.517128874388256,2.5540275049115913,97.44597249508841,73.0844793713163,24.361493123772103
07109,07,109,1002,392,16,376,245,131,39.12175648702595,4.081632653061225,95.91836734693877,62.5,33.41836734693878
07110,07,110,1237,517,9,508,338,170,41.7946645109135,1.7408123791102514,98.25918762088975,65.37717601547389,32.88201160541586
07111,07,111,1225,470,9,461,291,170,38.36734693877551,1.9148936170212765,98.08510638297872,61.91489361702127,36.17021276595745
07112,07,112,1152,460,8,452,335,117,39.93055555555556,1.7391304347826086,98.26086956521739,72.82608695652173,25.43478260869565
07113,07,113,1237,513,15,498,296,202,41.47130153597413,2.923976608187134,97.07602339181285,57.69980506822612,39.37621832358674
07114,07,114,1333,525,16,509,327,182,39.38484621155289,3.0476190476190474,96.95238095238096,62.28571428571429,34.66666666666667
07115,07,115,1124,395,10,385,256,129,35.1423487544484,2.5316455696202533,97.46835443037975,64.81012658227849,32.65822784810127
07116,07,116,1104,410,10,400,252,148,37.13768115942029,2.4390243902439024,97.5609756097561,61.46341463414634,36.09756097560975
07117,07,117,1160,424,10,414,221,193,36.55172413793103,2.358490566037736,97.64150943396226,52.12264150943396,45.5188679245283
07118,07,118,639,231,7,224,134,90,36.15023474178404,3.0303030303030303,96.96969696969697,58.00865800865801,38.961038961038966
07119,07,119,1153,378,26,352,231,121,32.78404163052905,6.878306878306878,93.12169312169311,61.111111111111114,32.01058201058201
07120,07,120,1150,459,10,449,296,153,39.91304347826087,2.178649237472767,97.82135076252723,64.4880174291939,33.33333333333333
07121,07,121,1215,456,13,443,277,166,37.53086419753087,2.850877192982456,97.14912280701753,60.74561403508771,36.40350877192983
07122,07,122,1324,477,22,455,237,218,36.027190332326285,4.612159329140461,95.38784067085953,49.685534591194966,45.70230607966457
07123,07,123,1113,426,11,415,299,116,38.274932614555254,2.5821596244131455,97.41784037558685,70.18779342723005,27.230046948356808
07124,07,124,1166,468,18,450,319,131,40.13722126929674,3.8461538461538463,96.15384615384616,68.16239316239316,27.99145299145299
07125,07,125,1120,449,29,420,309,111,40.089285714285715,6.45879732739421,93.54120267260579,68.8195991091314,24.721603563474385
07126,07,126,1158,433,21,412,317,95,37.392055267702936,4.849884526558892,95.1501154734411,73.21016166281755,21.939953810623557
07127,07,127,1154,439,24,415,325,90,38.04159445407279,5.466970387243736,94.53302961275627,74.03189066059225,20.50113895216401
07128,07,128,1188,488,7,481,351,130,41.07744107744108,1.4344262295081966,98.5655737704918,71.92622950819673,26.639344262295083
07129,07,129,1228,445,9,436,302,134,36.237785016286644,2.0224719101123596,97.97752808988764,67.86516853932584,30.112359550561795
07201,07,201,1226,465,8,457,273,184,37.92822185970636,1.7204301075268817,98.27956989247312,58.70967741935483,39.56989247311828
07202,07,202,1107,357,4,353,236,117,32.24932249322493,1.1204481792717087,98.8795518207283,66.1064425770308,32.773109243697476
07203,07,203,1128,415,7,408,225,183,36.79078014184397,1.6867469879518073,98.3132530120482,54.21686746987952,44.096385542168676
07204,07,204,1158,517,13,504,333,171,44.645941278065635,2.5145067698259185,97.48549323017409,64.41005802707932,33.07543520309478
07205,07,205,1363,578,14,564,396,168,42.40645634629494,2.422145328719723,97.57785467128028,68.5121107266436,29.06574394463668
07206,07,206,1045,426,8,418,265,153,40.76555023923445,1.8779342723004695,98.12206572769952,62.20657276995305,35.91549295774648
07207,07,207,1254,454,14,440,265,175,36.20414673046252,3.0837004405286343,96.91629955947137,58.370044052863435,38.54625550660793
07208,07,208,1120,334,12,322,215,107,29.82142857142857,3.592814371257485,96.40718562874252,64.37125748502994,32.035928143712574
07209,07,209,1009,372,5,367,236,131,36.868186323092175,1.3440860215053763,98.65591397849462,63.44086021505376,35.215053763440864
07210,07,210,1083,451,12,439,302,137,41.64358264081256,2.6607538802660753,97.33924611973393,66.96230598669624,30.376940133037696
07211,07,211,1129,463,14,449,316,133,41.00974313551816,3.023758099352052,96.97624190064795,68.25053995680346,28.725701943844495
07212,07,212,1199,422,6,416,326,90,35.19599666388657,1.4218009478672986,98.5781990521327,77.25118483412322,21.32701421800948
07213,07,213,1124,397,24,373,260,113,35.320284697508896,6.045340050377834,93.95465994962217,65.4911838790932,28.463476070528966
07214,07,214,1123,450,14,436,309,127,40.07123775601069,3.111111111111111,96.88888888888889,68.66666666666667,28.22222222222222
07215,07,215,1113,459,17,442,336,106,41.23989218328841,3.7037037037037033,96.29629629629629,73.20261437908496,23.093681917211327
07216,07,216,1215,422,13,409,278,131,34.732510288065846,3.080568720379147,96.91943127962085,65.87677725118483,31.04265402843602
07217,07,217,1227,471,10,461,328,133,38.386308068459655,2.1231422505307855,97.87685774946921,69.63906581740976,28.237791932059448
07218,07,218,1149,409,10,399,275,124,35.59617058311576,2.444987775061125,97.55501222493888,67.23716381418093,30.317848410757946
07219,07,219,1006,399,14,385,295,90,39.662027833001986,3.508771929824561,96.49122807017544,73.93483709273183,22.55639097744361
07220,07,220,1179,464,13,451,328,123,39.35538592027142,2.8017241379310347,97.19827586206897,70.6896551724138,26.50862068965517
07221,07,221,1044,420,14,406,288,118,40.229885057471265,3.3333333333333335,96.66666666666667,68.57142857142857,28.095238095238095
07222,07,222,1226,443,9,434,252,182,36.133768352365415,2.0316027088036117,97.96839729119638,56.884875846501124,41.08352144469526
07223,07,223,1079,401,15,386,275,111,37.16404077849861,3.7406483790523692,96.25935162094763,68.5785536159601,27.680798004987533
07224,07,224,1560,584,12,572,425,147,37.43589743589744,2.054794520547945,97.94520547945206,72.77397260273972,25.17123287671233
07225,07,225,1290,575,18,557,415,142,44.57364341085272,3.130434782608696,96.86956521739131,72.17391304347827,24.695652173913043
07226,07,226,1111,428,13,415,279,136,38.52385238523852,3.0373831775700935,96.96261682242991,65.18691588785047,31.775700934579437
07227,07,227,1102,389,7,382,287,95,35.2994555353902,1.7994858611825193,98.20051413881748,73.7789203084833,24.42159383033419
07228,07,228,1173,457,8,449,339,110,38.95993179880648,1.75054704595186,98.24945295404814,74.17943107221006,24.070021881838073
07301,07,301,1087,458,14,444,270,174,42.1343146274149,3.056768558951965,96.94323144104804,58.951965065502186,37.99126637554585
07302,07,302,1177,476,11,465,265,200,40.44180118946474,2.3109243697478994,97.68907563025209,55.67226890756303,42.016806722689076
07303,07,303,1178,521,14,507,300,207,44.227504244482176,2.6871401151631478,97.31285988483685,57.58157389635316,39.731285988483684
07304,07,304,1196,471,21,450,244,206,39.381270903010034,4.45859872611465,95.54140127388536,51.80467091295117,43.73673036093418
07305,07,305,1089,414,11,403,213,190,38.01652892561984,2.657004830917874,97.34299516908213,51.449275362318836,45.893719806763286
07306,07,306,1112,425,12,413,213,200,38.219424460431654,2.823529411764706,97.1764705882353,50.117647058823536,47.05882352941176
07307,07,307,1125,432,7,425,250,175,38.4,1.6203703703703702,98.37962962962963,57.870370370370374,40.50925925925926
07308,07,308,1041,408,14,394,222,172,39.19308357348703,3.431372549019608,96.56862745098039,54.41176470588235,42.15686274509804
07309,07,309,1117,490,18,472,268,204,43.86750223813787,3.6734693877551026,96.3265306122449,54.69387755102041,41.63265306122449
07310,07,310,1129,465,12,453,237,216,41.18689105403012,2.5806451612903225,97.41935483870968,50.967741935483865,46.45161290322581
07311,07,311,1249,502,15,487,265,222,40.19215372297838,2.9880478087649402,97.01195219123507,52.788844621513945,44.223107569721115
07312,07,312,1124,437,7,430,253,177,38.879003558718864,1.6018306636155606,98.39816933638444,57.89473684210527,40.503432494279174
07313,07,313,1000,363,12,351,197,154,36.3,3.3057851239669422,96.69421487603306,54.269972451790636,42.42424242424242
07314,07,314,1197,470,15,455,275,180,39.264828738512946,3.1914893617021276,96.80851063829788,58.51063829787234,38.297872340425535
07315,07,315,1115,416,8,408,211,197,37.309417040358746,1.9230769230769231,98.07692307692307,50.72115384615385,47.355769230769226
07316,07,316,1139,436,13,423,239,184,38.279192273924494,2.981651376146789,97.01834862385321,54.81651376146789,42.201834862385326
07317,07,317,1185,465,14,451,277,174,39.24050632911392,3.010752688172043,96.98924731182795,59.56989247311828,37.41935483870968
07318,07,318,1185,511,13,498,301,197,43.12236286919831,2.5440313111545985,97.4559686888454,58.9041095890411,38.551859099804304
07319,07,319,1190,438,11,427,229,198,36.806722689075634,2.5114155251141552,97.48858447488584,52.28310502283106,45.20547945205479
07320,07,320,1098,406,17,389,199,190,36.97632058287796,4.1871921182266005,95.8128078817734,49.01477832512315,46.79802955665024
07321,07,321,1233,466,22,444,277,167,37.793998377939985,4.721030042918455,95.27896995708154,59.442060085836914,35.836909871244636
07322,07,322,1089,491,17,474,327,147,45.08723599632691,3.462321792260693,96.5376782077393,66.59877800407332,29.938900203665987
07323,07,323,1219,530,5,525,329,196,43.47826086956522,0.9433962264150944,99.05660377358491,62.075471698113205,36.9811320754717
07324,07,324,1149,486,19,467,318,149,42.297650130548305,3.909465020576132,96.09053497942386,65.4320987654321,30.65843621399177
07325,07,325,1056,435,17,418,273,145,41.19318181818182,3.9080459770114944,96.0919540229885,62.758620689655174,33.33333333333333
07326,07,326,1246,477,17,460,338,122,38.28250401284109,3.563941299790356,96.43605870020964,70.85953878406708,25.57651991614256
07327,07,327,1194,502,26,476,294,182,42.04355108877722,5.179282868525896,94.82071713147411,58.56573705179283,36.254980079681275
07328,07,328,1212,429,17,412,240,172,35.396039603960396,3.9627039627039626,96.03729603729604,55.94405594405595,40.0932400932401
07329,07,329,1267,375,11,364,164,200,29.597474348855563,2.933333333333333,97.06666666666666,43.733333333333334,53.333333333333336
07401,07,401,1209,529,12,517,329,188,43.75516956162117,2.2684310018903595,97.73156899810964,62.19281663516069,35.53875236294896
07402,07,402,1105,416,17,399,238,161,37.64705882352941,4.086538461538462,95.91346153846155,57.21153846153846,38.70192307692308
07403,07,403,1201,436,14,422,254,168,36.30308076602831,3.211009174311927,96.78899082568807,58.256880733944946,38.53211009174312
07404,07,404,1223,478,13,465,303,162,39.08421913327882,2.7196652719665275,97.28033472803347,63.38912133891213,33.89121338912134
07405,07,405,1137,496,6,490,310,180,43.6235708003518,1.2096774193548387,98.79032258064517,62.5,36.29032258064516
07406,07,406,1174,486,16,470,271,199,41.396933560477,3.292181069958848,96.70781893004116,55.76131687242798,40.94650205761317
07407,07,407,1134,416,10,406,241,165,36.68430335097001,2.403846153846154,97.59615384615384,57.932692307692314,39.66346153846153
07408,07,408,1139,459,19,440,304,136,40.298507462686565,4.139433551198257,95.86056644880175,66.23093681917211,29.629629629629626
07409,07,409,1219,397,19,378,223,155,32.56767842493847,4.785894206549118,95.21410579345087,56.17128463476071,39.042821158690174
07410,07,410,1048,340,8,332,215,117,32.44274809160305,2.3529411764705883,97.6470588235294,63.23529411764706,34.411764705882355
07411,07,411,1124,373,12,361,218,143,33.18505338078292,3.2171581769436997,96.7828418230563,58.4450402144772,38.337801608579085
07412,07,412,1054,446,17,429,240,189,42.314990512333964,3.811659192825112,96.18834080717488,53.81165919282511,42.37668161434978
07413,07,413,1228,448,24,424,256,168,36.48208469055375,5.357142857142857,94.64285714285714,57.14285714285714,37.5
07414,07,414,1066,369,14,355,197,158,34.61538461538461,3.7940379403794036,96.2059620596206,53.387533875338754,42.81842818428184
07415,07,415,1126,345,15,330,175,155,30.639431616341028,4.3478260869565215,95.65217391304348,50.72463768115942,44.927536231884055
07416,07,416,1237,500,14,486,329,157,40.42037186742118,2.8000000000000003,97.2,65.8,31.4
07417,07,417,1109,432,8,424,241,183,38.95401262398558,1.8518518518518516,98.14814814814815,55.78703703703704,42.36111111111111
07418,07,418,1129,415,17,398,249,149,36.75819309123118,4.096385542168675,95.90361445783132,60.0,35.903614457831324
07419,07,419,1101,424,13,411,276,135,38.51044504995459,3.0660377358490565,96.93396226415094,65.09433962264151,31.839622641509436
07420,07,420,1124,453,9,444,280,164,40.30249110320285,1.9867549668874174,98.01324503311258,61.81015452538632,36.20309050772627
07421,07,421,1115,447,8,439,293,146,40.08968609865471,1.7897091722595078,98.2102908277405,65.54809843400447,32.662192393736014
07422,07,422,1243,522,15,507,341,166,41.995172968624296,2.8735632183908044,97.12643678160919,65.32567049808429,31.800766283524908
07423,07,423,1250,482,16,466,313,153,38.56,3.319502074688797,96.6804979253112,64.93775933609959,31.742738589211616
07424,07,424,1251,458,22,436,339,97,36.61071143085531,4.8034934497816595,95.19650655021834,74.0174672489083,21.17903930131004
07425,07,425,1182,396,15,381,226,155,33.50253807106599,3.787878787878788,96.21212121212122,57.07070707070707,39.141414141414145
07426,07,426,1204,451,13,438,273,165,37.45847176079734,2.882483370288248,97.11751662971176,60.532150776053214,36.58536585365854
07427,07,427,1211,445,11,434,258,176,36.74649050371594,2.4719101123595504,97.52808988764045,57.97752808988764,39.550561797752806
07428,07,428,1157,432,15,417,260,157,37.33794295592048,3.4722222222222223,96.52777777777779,60.18518518518518,36.342592592592595
07501,07,501,1199,443,22,421,248,173,36.94745621351126,4.966139954853273,95.03386004514672,55.98194130925508,39.05191873589165
07502,07,502,1268,471,15,456,257,199,37.14511041009464,3.1847133757961785,96.81528662420382,54.56475583864119,42.25053078556263
07503,07,503,1148,469,21,448,250,198,40.853658536585364,4.477611940298507,95.52238805970148,53.304904051172706,42.217484008528785
07504,07,504,1203,483,21,462,259,203,40.14962593516209,4.3478260869565215,95.65217391304348,53.62318840579711,42.028985507246375
07505,07,505,1225,474,17,457,283,174,38.69387755102041,3.5864978902953584,96.41350210970464,59.70464135021098,36.708860759493675
07506,07,506,1131,421,22,399,225,174,37.2236958443855,5.225653206650831,94.77434679334917,53.44418052256532,41.33016627078385
07507,07,507,1214,473,22,451,235,216,38.96210873146623,4.651162790697675,95.34883720930233,49.68287526427061,45.66596194503171
07508,07,508,1255,504,16,488,263,225,40.1593625498008,3.1746031746031744,96.82539682539682,52.182539682539684,44.642857142857146
07509,07,509,1191,462,26,436,244,192,38.79093198992443,5.627705627705628,94.37229437229438,52.81385281385281,41.55844155844156
07510,07,510,1147,388,20,368,210,158,33.82737576285963,5.154639175257731,94.84536082474226,54.123711340206185,40.72164948453608
07511,07,511,1244,464,23,441,252,189,37.29903536977492,4.956896551724138,95.04310344827587,54.310344827586206,40.73275862068966
07512,07,512,1099,451,17,434,249,185,41.037306642402186,3.7694013303769403,96.23059866962306,55.210643015521065,41.019955654102
07513,07,513,1123,403,22,381,219,162,35.8860195903829,5.459057071960298,94.54094292803971,54.3424317617866,40.198511166253105
07514,07,514,1192,333,13,320,192,128,27.936241610738254,3.903903903903904,96.09609609609609,57.65765765765766,38.43843843843844
07515,07,515,1264,422,12,410,250,160,33.38607594936709,2.843601895734597,97.1563981042654,59.241706161137444,37.91469194312796
07516,07,516,1162,469,24,445,252,193,40.36144578313253,5.11727078891258,94.88272921108742,53.73134328358209,41.15138592750533
07517,07,517,1248,486,24,462,254,208,38.94230769230769,4.938271604938271,95.06172839506173,52.2633744855967,42.79835390946502
07518,07,518,1093,402,25,377,196,181,36.779505946935046,6.218905472636816,93.78109452736318,48.756218905472636,45.024875621890544
07519,07,519,1096,401,14,387,279,108,36.58759124087591,3.4912718204488775,96.50872817955111,69.57605985037407,26.932668329177055
07520,07,520,1039,397,15,382,277,105,38.209817131857555,3.7783375314861463,96.22166246851386,69.77329974811083,26.448362720403022
07521,07,521,1232,501,24,477,262,215,40.66558441558442,4.790419161676647,95.20958083832335,52.29540918163673,42.91417165668663
07522,07,522,1273,467,10,457,242,215,36.68499607227022,2.141327623126338,97.85867237687366,51.82012847965739,46.03854389721627
07523,07,523,1289,539,26,513,295,218,41.81536074476338,4.823747680890538,95.17625231910947,54.73098330241187,40.44526901669759
07524,07,524,1073,433,13,420,240,180,40.35414725069897,3.0023094688221708,96.99769053117782,55.42725173210161,41.570438799076214
07525,07,525,1139,400,13,387,154,233,35.118525021949075,3.25,96.75,38.5,58.25
07526,07,526,1103,416,8,408,150,258,37.71532184950136,1.9230769230769231,98.07692307692307,36.05769230769231,62.019230769230774
07527,07,527,1187,344,20,324,152,172,28.98062342038753,5.813953488372093,94.18604651162791,44.18604651162791,50.0
07528,07,528,1006,381,15,366,143,223,37.8727634194831,3.937007874015748,96.06299212598425,37.53280839895013,58.53018372703412
07601,07,601,1184,401,34,367,188,179,33.86824324324324,8.478802992518704,91.52119700748129,46.88279301745636,44.63840399002494
07602,07,602,1120,378,8,370,195,175,33.75,2.1164021164021163,97.88359788359789,51.587301587301596,46.2962962962963
07603,07,603,1281,547,16,531,317,214,42.70101483216237,2.9250457038391224,97.07495429616088,57.95246800731262,39.122486288848265
07604,07,604,994,425,17,408,282,126,42.756539235412475,4.0,96.0,66.3529411764706,29.64705882352941
07605,07,605,1267,445,19,426,270,156,35.1223362273086,4.269662921348314,95.73033707865169,60.67415730337079,35.056179775280896
07606,07,606,1253,458,10,448,232,216,36.55227454110136,2.1834061135371177,97.81659388646288,50.65502183406113,47.161572052401745
07607,07,607,1125,381,25,356,195,161,33.86666666666667,6.561679790026247,93.43832020997375,51.181102362204726,42.25721784776903
07608,07,608,1200,419,15,404,239,165,34.91666666666667,3.579952267303103,96.4200477326969,57.04057279236277,39.37947494033413
07609,07,609,1213,465,30,435,254,181,38.33470733718055,6.451612903225806,93.54838709677419,54.623655913978496,38.924731182795696
07610,07,610,1182,496,34,462,264,198,41.96277495769882,6.854838709677419,93.14516129032258,53.2258064516129,39.91935483870967
07611,07,611,1080,299,15,284,162,122,27.685185185185183,5.016722408026756,94.98327759197325,54.18060200668896,40.802675585284284
07612,07,612,1248,490,17,473,216,257,39.26282051282051,3.4693877551020407,96.53061224489797,44.08163265306123,52.44897959183673
07613,07,613,1134,498,48,450,177,273,43.91534391534391,9.63855421686747,90.36144578313254,35.54216867469879,54.81927710843374
07614,07,614,1184,400,38,362,236,126,33.78378378378378,9.5,90.5,59.0,31.5
07615,07,615,1200,496,22,474,156,318,41.333333333333336,4.435483870967742,95.56451612903226,31.451612903225808,64.11290322580645
07616,07,616,1202,392,18,374,146,228,32.61231281198003,4.591836734693878,95.40816326530613,37.244897959183675,58.16326530612245
07617,07,617,1244,447,19,428,167,261,35.932475884244376,4.250559284116331,95.74944071588367,37.360178970917225,58.38926174496645
07618,07,618,1148,449,35,414,249,165,39.11149825783972,7.795100222717149,92.20489977728286,55.45657015590201,36.74832962138085
07619,07,619,1197,424,7,417,224,193,35.421888053467,1.650943396226415,98.34905660377359,52.83018867924528,45.5188679245283
07620,07,620,1182,472,29,443,200,243,39.93231810490694,6.1440677966101696,93.85593220338984,42.3728813559322,51.483050847457626
07621,07,621,1104,448,6,442,128,314,40.57971014492754,1.3392857142857142,98.66071428571429,28.57142857142857,70.08928571428571
07622,07,622,1003,357,13,344,176,168,35.59322033898305,3.6414565826330536,96.35854341736695,49.299719887955185,47.05882352941176
07623,07,623,1197,482,16,466,228,238,40.267335004177106,3.319502074688797,96.6804979253112,47.30290456431535,49.37759336099585
07624,07,624,1094,392,17,375,165,210,35.831809872029254,4.336734693877551,95.66326530612244,42.09183673469388,53.57142857142857
07625,07,625,1105,406,26,380,138,242,36.742081447963805,6.403940886699508,93.59605911330048,33.99014778325123,59.60591133004927
07626,07,626,1169,391,11,380,151,229,33.44739093242087,2.813299232736573,97.18670076726342,38.61892583120204,58.567774936061376
07627,07,627,597,253,14,239,78,161,42.3785594639866,5.533596837944664,94.46640316205533,30.8300395256917,63.63636363636363
07628,07,628,1129,460,17,443,134,309,40.74402125775023,3.6956521739130435,96.30434782608695,29.130434782608695,67.17391304347827
07701,07,701,1178,443,19,424,126,298,37.60611205432937,4.288939051918736,95.71106094808127,28.442437923250562,67.2686230248307
07702,07,702,1080,456,24,432,166,266,42.22222222222222,5.263157894736842,94.73684210526315,36.40350877192983,58.333333333333336
07703,07,703,1143,460,14,446,178,268,40.24496937882765,3.0434782608695654,96.95652173913044,38.69565217391304,58.26086956521739
07704,07,704,1184,491,19,472,189,283,41.4695945945946,3.8696537678207736,96.13034623217924,38.4928716904277,57.63747454175153
07705,07,705,1307,559,30,529,235,294,42.76970160673297,5.366726296958855,94.63327370304114,42.039355992844364,52.59391771019678
07706,07,706,1248,516,33,483,269,214,41.34615384615385,6.395348837209303,93.6046511627907,52.13178294573644,41.47286821705426
07707,07,707,1273,466,23,443,263,180,36.6064414768264,4.935622317596566,95.06437768240343,56.437768240343345,38.62660944206009
07708,07,708,1179,395,29,366,190,176,33.50296861747243,7.341772151898734,92.65822784810128,48.10126582278481,44.55696202531645
07709,07,709,1234,476,16,460,237,223,38.573743922204216,3.361344537815126,96.63865546218487,49.78991596638656,46.84873949579832
07710,07,710,1155,518,22,496,180,316,44.84848484848485,4.247104247104247,95.75289575289575,34.74903474903475,61.003861003861005
07711,07,711,1145,443,17,426,218,208,38.68995633187773,3.837471783295711,96.16252821670429,49.20993227990971,46.95259593679458
07712,07,712,1120,512,12,500,142,358,45.714285714285715,2.34375,97.65625,27.734375,69.921875
07713,07,713,1290,546,22,524,166,358,42.32558139534884,4.029304029304029,95.97069597069597,30.4029304029304,65.56776556776556
07714,07,714,1176,486,32,454,247,207,41.3265306122449,6.584362139917696,93.4156378600823,50.82304526748971,42.592592592592595
07715,07,715,1184,511,10,501,170,331,43.15878378378378,1.9569471624266144,98.04305283757338,33.268101761252446,64.77495107632095
07716,07,716,1181,507,11,496,187,309,42.929720575783236,2.1696252465483234,97.83037475345168,36.883629191321496,60.946745562130175
07717,07,717,1170,452,13,439,207,232,38.63247863247864,2.8761061946902653,97.12389380530973,45.79646017699115,51.32743362831859
07718,07,718,1105,453,24,429,216,213,40.99547511312217,5.298013245033113,94.70198675496688,47.682119205298015,47.019867549668874
07719,07,719,1207,415,12,403,166,237,34.38276719138359,2.891566265060241,97.10843373493975,40.0,57.10843373493976
07720,07,720,1173,477,11,466,209,257,40.66496163682864,2.3060796645702304,97.69392033542978,43.81551362683438,53.878406708595385
07721,07,721,1123,427,32,395,157,238,38.02315227070348,7.494145199063232,92.50585480093677,36.768149882903984,55.73770491803278
07722,07,722,1140,431,8,423,245,178,37.80701754385965,1.8561484918793503,98.14385150812065,56.8445475638051,41.29930394431555
07723,07,723,1223,461,9,452,222,230,37.69419460343418,1.9522776572668112,98.0477223427332,48.15618221258134,49.891540130151846
07724,07,724,1139,394,14,380,241,139,34.591747146619845,3.5532994923857872,96.44670050761421,61.16751269035533,35.27918781725889
07725,07,725,1073,359,25,334,209,125,33.45759552656104,6.963788300835655,93.03621169916435,58.21727019498607,34.81894150417828
07726,07,726,1155,423,17,406,164,242,36.62337662337662,4.0189125295508275,95.98108747044918,38.77068557919622,57.21040189125296
07727,07,727,977,361,11,350,133,217,36.949846468781985,3.0470914127423825,96.95290858725761,36.84210526315789,60.11080332409973
07728,07,728,951,342,12,330,108,222,35.96214511041009,3.508771929824561,96.49122807017544,31.57894736842105,64.91228070175438
071A,07,1A,0,642,12,630,339,291,inf,1.8691588785046727,98.13084112149532,52.80373831775701,45.32710280373832
071B,07,1B,0,582,11,571,276,295,inf,1.8900343642611683,98.10996563573883,47.42268041237113,50.687285223367695
071C,07,1C,0,625,7,618,348,270,inf,1.1199999999999999,98.88,55.67999999999999,43.2
071D,07,1D,0,612,12,600,387,213,inf,1.9607843137254901,98.0392156862745,63.23529411764706,34.80392156862745
071E,07,1E,0,596,1,595,372,223,inf,0.16778523489932887,99.83221476510067,62.41610738255034,37.41610738255034
071F,07,1F,0,631,6,625,451,174,inf,0.9508716323296356,99.04912836767036,71.47385103011094,27.575277337559427
071G,07,1G,0,682,7,675,426,249,inf,1.0263929618768328,98.97360703812316,62.4633431085044,36.510263929618766
071H,07,1H,0,631,8,623,392,231,inf,1.2678288431061806,98.73217115689383,62.12361331220285,36.608557844690964
071I,07,1I,0,627,4,623,364,259,inf,0.6379585326953748,99.36204146730464,58.0542264752791,41.30781499202552
071K,07,1K,0,634,6,628,409,219,inf,0.9463722397476341,99.05362776025235,64.51104100946372,34.542586750788644
071L,07,1L,0,643,3,640,379,261,inf,0.46656298600311047,99.53343701399689,58.94245723172629,40.59097978227061
071M,07,1M,0,615,12,603,349,254,inf,1.951219512195122,98.04878048780488,56.7479674796748,41.300813008130085
071N,07,1N,0,677,7,670,368,302,inf,1.03397341211226,98.96602658788774,54.35745937961596,44.608567208271786
071P,07,1P,0,659,9,650,375,275,inf,1.3657056145675266,98.63429438543247,56.904400606980275,41.7298937784522
071R,07,1R,0,647,8,639,356,283,inf,1.2364760432766615,98.76352395672335,55.02318392581144,43.7403400309119
071S,07,1S,0,595,7,588,335,253,inf,1.1764705882352942,98.82352941176471,56.30252100840336,42.52100840336134
071T,07,1T,0,635,7,628,400,228,inf,1.1023622047244095,98.8976377952756,62.99212598425197,35.90551181102362
071U,07,1U,0,650,10,640,433,207,inf,1.5384615384615385,98.46153846153847,66.61538461538463,31.846153846153847
071V,07,1V,0,666,4,662,479,183,inf,0.6006006006006006,99.3993993993994,71.92192192192192,27.47747747747748
071W,07,1W,0,618,8,610,449,161,inf,1.2944983818770228,98.70550161812298,72.65372168284789,26.051779935275082
072A,07,2A,0,697,13,684,365,319,inf,1.8651362984218076,98.13486370157818,52.36728837876614,45.76757532281206
072B,07,2B,0,676,10,666,413,253,inf,1.4792899408284024,98.5207100591716,61.094674556213015,37.426035502958584
072C,07,2C,0,936,10,926,589,337,inf,1.0683760683760684,98.93162393162393,62.927350427350426,36.004273504273506
072D,07,2D,0,642,4,638,377,261,inf,0.6230529595015576,99.37694704049844,58.72274143302181,40.654205607476634
072E,07,2E,0,621,8,613,368,245,inf,1.288244766505636,98.71175523349437,59.25925925925925,39.452495974235106
072F,07,2F,0,705,7,698,452,246,inf,0.9929078014184398,99.00709219858156,64.11347517730496,34.8936170212766
072G,07,2G,0,663,8,655,380,275,inf,1.206636500754148,98.79336349924586,57.315233785822016,41.47812971342383
072H,07,2H,0,641,20,621,442,179,inf,3.1201248049921997,96.8798751950078,68.95475819032761,27.92511700468019
072I,07,2I,0,843,12,831,546,285,inf,1.4234875444839856,98.57651245551602,64.76868327402136,33.80782918149466
072K,07,2K,0,655,8,647,447,200,inf,1.2213740458015268,98.77862595419847,68.24427480916032,30.53435114503817
072L,07,2L,0,469,3,466,332,134,inf,0.6396588486140725,99.36034115138592,70.78891257995735,28.57142857142857
072M,07,2M,0,648,4,644,474,170,inf,0.6172839506172839,99.38271604938271,73.14814814814815,26.234567901234566
072N,07,2N,0,670,12,658,484,174,inf,1.791044776119403,98.2089552238806,72.23880597014926,25.970149253731346
072P,07,2P,0,655,6,649,489,160,inf,0.9160305343511451,99.08396946564886,74.65648854961832,24.427480916030532
072R,07,2R,0,648,8,640,398,242,inf,1.2345679012345678,98.76543209876543,61.419753086419746,37.34567901234568
072S,07,2S,0,654,10,644,431,213,inf,1.529051987767584,98.47094801223241,65.90214067278288,32.56880733944954
072T,07,2T,0,689,4,685,501,184,inf,0.5805515239477503,99.41944847605225,72.71407837445574,26.705370101596515
072U,07,2U,0,590,6,584,410,174,inf,1.0169491525423728,98.98305084745763,69.49152542372882,29.491525423728817
072V,07,2V,0,639,5,634,467,167,inf,0.7824726134585289,99.21752738654148,73.0829420970266,26.134585289514867
073A,07,3A,0,668,6,662,374,288,inf,0.8982035928143712,99.10179640718563,55.98802395209581,43.11377245508982
073B,07,3B,0,609,12,597,330,267,inf,1.9704433497536946,98.0295566502463,54.187192118226605,43.84236453201971
073C,07,3C,0,632,9,623,339,284,inf,1.4240506329113924,98.57594936708861,53.63924050632911,44.936708860759495
073D,07,3D,0,663,8,655,324,331,inf,1.206636500754148,98.79336349924586,48.86877828054298,49.924585218702866
073E,07,3E,0,607,7,600,361,239,inf,1.1532125205930808,98.84678747940691,59.472817133443165,39.373970345963755
073F,07,3F,0,640,12,628,348,280,inf,1.875,98.125,54.37499999999999,43.75
073G,07,3G,0,582,9,573,338,235,inf,1.5463917525773196,98.4536082474227,58.075601374570454,40.37800687285223
073H,07,3H,0,587,15,572,286,286,inf,2.555366269165247,97.44463373083475,48.722316865417376,48.722316865417376
073I,07,3I,0,689,8,681,361,320,inf,1.1611030478955007,98.8388969521045,52.39477503628447,46.44412191582003
073K,07,3K,0,603,5,598,329,269,inf,0.8291873963515755,99.17081260364843,54.56053067993366,44.61028192371476
073L,07,3L,0,622,11,611,336,275,inf,1.7684887459807075,98.23151125401928,54.019292604501615,44.21221864951769
073M,07,3M,0,744,3,741,409,332,inf,0.4032258064516129,99.59677419354838,54.97311827956989,44.623655913978496
073N,07,3N,0,640,8,632,357,275,inf,1.25,98.75,55.78125000000001,42.96875
073P,07,3P,0,630,10,620,377,243,inf,1.5873015873015872,98.4126984126984,59.84126984126984,38.57142857142858
073R,07,3R,0,579,4,575,361,214,inf,0.690846286701209,99.3091537132988,62.34887737478411,36.96027633851468
073S,07,3S,0,629,9,620,333,287,inf,1.4308426073131957,98.5691573926868,52.94117647058824,45.62798092209857
073T,07,3T,0,607,10,597,369,228,inf,1.6474464579901154,98.35255354200989,60.79077429983526,37.56177924217463
073U,07,3U,0,671,14,657,402,255,inf,2.086438152011923,97.91356184798808,59.910581222056635,38.00298062593144
073V,07,3V,0,616,7,609,393,216,inf,1.1363636363636365,98.86363636363636,63.798701298701296,35.064935064935064
073W,07,3W,0,642,6,636,395,241,inf,0.9345794392523363,99.06542056074767,61.52647975077882,37.53894080996885
073X,07,3X,0,619,12,607,302,305,inf,1.938610662358643,98.06138933764136,48.78836833602585,49.27302100161551
073Y,07,3Y,0,626,6,620,268,352,inf,0.9584664536741214,99.04153354632588,42.81150159744409,56.23003194888179
074A,07,4A,0,608,9,599,334,265,inf,1.4802631578947367,98.51973684210526,54.93421052631579,43.58552631578947
074B,07,4B,0,638,16,622,354,268,inf,2.507836990595611,97.4921630094044,55.4858934169279,42.00626959247649
074C,07,4C,0,642,4,638,377,261,inf,0.6230529595015576,99.37694704049844,58.72274143302181,40.654205607476634
074D,07,4D,0,626,12,614,324,290,inf,1.9169329073482428,98.08306709265176,51.75718849840255,46.325878594249204
074E,07,4E,0,624,12,612,354,258,inf,1.9230769230769231,98.07692307692307,56.730769230769226,41.34615384615385
074F,07,4F,0,733,15,718,426,292,inf,2.046384720327422,97.95361527967258,58.11732605729877,39.83628922237381
074G,07,4G,0,644,10,634,361,273,inf,1.5527950310559007,98.4472049689441,56.05590062111801,42.391304347826086
074H,07,4H,0,647,8,639,372,267,inf,1.2364760432766615,98.76352395672335,57.496136012364765,41.26738794435858
074I,07,4I,0,889,23,866,428,438,inf,2.5871766029246346,97.41282339707537,48.14398200224972,49.26884139482565
074K,07,4K,0,400,6,394,267,127,inf,1.5,98.5,66.75,31.75
074L,07,4L,0,482,9,473,295,178,inf,1.8672199170124482,98.13278008298755,61.20331950207469,36.92946058091287
074M,07,4M,0,577,9,568,290,278,inf,1.559792027729636,98.44020797227037,50.25996533795494,48.18024263431543
074N,07,4N,0,635,10,625,350,275,inf,1.574803149606299,98.4251968503937,55.118110236220474,43.30708661417323
074P,07,4P,0,652,9,643,406,237,inf,1.3803680981595092,98.61963190184049,62.26993865030674,36.34969325153374
074R,07,4R,0,616,10,606,387,219,inf,1.6233766233766231,98.37662337662337,62.824675324675326,35.55194805194805
074S,07,4S,0,689,11,678,456,222,inf,1.5965166908563133,98.4034833091437,66.18287373004354,32.22060957910015
074T,07,4T,0,655,14,641,393,248,inf,2.1374045801526718,97.86259541984734,60.0,37.86259541984733
074U,07,4U,0,607,12,595,350,245,inf,1.9769357495881383,98.02306425041186,57.66062602965404,40.362438220757824
074V,07,4V,0,572,10,562,335,227,inf,1.7482517482517483,98.25174825174825,58.56643356643356,39.68531468531469
075A,07,5A,0,639,5,634,300,334,inf,0.7824726134585289,99.21752738654148,46.948356807511736,52.26917057902973
075B,07,5B,0,524,7,517,266,251,inf,1.3358778625954197,98.66412213740458,50.76335877862596,47.900763358778626
075C,07,5C,0,624,15,609,326,283,inf,2.403846153846154,97.59615384615384,52.243589743589745,45.3525641025641
075D,07,5D,0,654,12,642,379,263,inf,1.834862385321101,98.1651376146789,57.95107033639144,40.214067278287466
075E,07,5E,0,586,9,577,314,263,inf,1.5358361774744027,98.46416382252559,53.58361774744027,44.88054607508533
075F,07,5F,0,606,14,592,286,306,inf,2.31023102310231,97.6897689768977,47.194719471947195,50.495049504950494
075G,07,5G,0,623,8,615,328,287,inf,1.2841091492776886,98.7158908507223,52.64847512038523,46.06741573033708
075H,07,5H,0,589,11,578,277,301,inf,1.8675721561969438,98.13242784380306,47.02886247877759,51.103565365025474
075I,07,5I,0,595,15,580,288,292,inf,2.5210084033613445,97.47899159663865,48.403361344537814,49.07563025210084
075K,07,5K,0,688,11,677,342,335,inf,1.5988372093023258,98.40116279069767,49.7093023255814,48.69186046511628
075L,07,5L,0,607,9,598,277,321,inf,1.4827018121911038,98.5172981878089,45.634266886326195,52.883031301482696
075M,07,5M,0,623,11,612,431,181,inf,1.7656500802568218,98.23434991974318,69.18138041733548,29.052969502407706
075N,07,5N,0,613,8,605,294,311,inf,1.3050570962479608,98.69494290375204,47.96084828711256,50.73409461663948
075P,07,5P,0,589,10,579,291,288,inf,1.697792869269949,98.30220713073004,49.40577249575552,48.89643463497453
075R,07,5R,0,633,15,618,289,329,inf,2.3696682464454977,97.6303317535545,45.65560821484992,51.97472353870458
075S,07,5S,0,620,8,612,243,369,inf,1.2903225806451613,98.70967741935483,39.19354838709677,59.51612903225807
075T,07,5T,0,682,17,665,255,410,inf,2.4926686217008798,97.50733137829913,37.3900293255132,60.117302052785924
076A,07,6A,0,590,15,575,217,358,inf,2.5423728813559325,97.45762711864407,36.77966101694915,60.67796610169491
076B,07,6B,0,644,20,624,266,358,inf,3.1055900621118013,96.8944099378882,41.30434782608695,55.590062111801245
076C,07,6C,0,547,12,535,311,224,inf,2.1937842778793417,97.80621572212065,56.855575868372945,40.95063985374772
076D,07,6D,0,570,8,562,256,306,inf,1.4035087719298245,98.59649122807016,44.91228070175438,53.68421052631579
076E,07,6E,0,584,4,580,242,338,inf,0.684931506849315,99.31506849315068,41.43835616438356,57.87671232876712
076F,07,6F,0,629,16,613,320,293,inf,2.5437201907790143,97.45627980922097,50.87440381558028,46.5818759936407
076G,07,6G,0,616,11,605,310,295,inf,1.7857142857142856,98.21428571428571,50.324675324675326,47.88961038961039
076H,07,6H,0,564,9,555,287,268,inf,1.5957446808510638,98.40425531914893,50.88652482269504,47.5177304964539
076I,07,6I,0,760,9,751,323,428,inf,1.1842105263157896,98.81578947368422,42.5,56.315789473684205
076K,07,6K,0,523,10,513,164,349,inf,1.9120458891013385,98.08795411089865,31.35755258126195,66.73040152963671
076L,07,6L,0,611,10,601,236,365,inf,1.6366612111292964,98.3633387888707,38.62520458265139,59.738134206219314
076M,07,6M,0,562,2,560,208,352,inf,0.3558718861209964,99.644128113879,37.01067615658363,62.63345195729537
076N,07,6N,0,629,14,615,314,301,inf,2.2257551669316373,97.77424483306835,49.92050874403816,47.85373608903021
076P,07,6P,0,616,20,596,223,373,inf,3.2467532467532463,96.75324675324676,36.201298701298704,60.55194805194806
076R,07,6R,0,649,10,639,189,450,inf,1.5408320493066257,98.45916795069337,29.121725731895225,69.33744221879815
076S,07,6S,0,609,5,604,254,350,inf,0.8210180623973727,99.17898193760263,41.70771756978653,57.47126436781609
076T,07,6T,0,600,10,590,219,371,inf,1.6666666666666667,98.33333333333333,36.5,61.83333333333333
076U,07,6U,0,604,9,595,237,358,inf,1.490066225165563,98.50993377483444,39.23841059602649,59.27152317880795
077A,07,7A,0,590,5,585,178,407,inf,0.847457627118644,99.15254237288136,30.16949152542373,68.98305084745763
077B,07,7B,0,527,8,519,209,310,inf,1.5180265654648957,98.4819734345351,39.658444022770404,58.82352941176471
077C,07,7C,0,558,4,554,227,327,inf,0.7168458781362007,99.2831541218638,40.681003584229394,58.602150537634415
077D,07,7D,0,644,7,637,198,439,inf,1.0869565217391304,98.91304347826086,30.745341614906835,68.16770186335404
077E,07,7E,0,613,12,601,349,252,inf,1.957585644371941,98.04241435562805,56.933115823817296,41.109298531810765
077F,07,7F,0,609,9,600,250,350,inf,1.477832512315271,98.52216748768473,41.050903119868636,57.47126436781609
077G,07,7G,0,617,12,605,196,409,inf,1.9448946515397085,98.05510534846029,31.766612641815232,66.28849270664506
077H,07,7H,0,589,12,577,231,346,inf,2.037351443123939,97.96264855687606,39.21901528013582,58.74363327674024
077I,07,7I,0,857,9,848,261,587,inf,1.0501750291715286,98.94982497082847,30.455075845974328,68.49474912485414
077K,07,7K,0,612,18,594,195,399,inf,2.941176470588235,97.05882352941177,31.862745098039213,65.19607843137256
077L,07,7L,0,298,3,295,143,152,inf,1.006711409395973,98.99328859060402,47.98657718120805,51.006711409395976
077M,07,7M,0,559,10,549,171,378,inf,1.7889087656529516,98.21109123434705,30.590339892665476,67.62075134168157
077N,07,7N,0,572,4,568,195,373,inf,0.6993006993006993,99.3006993006993,34.090909090909086,65.20979020979021
077P,07,7P,0,630,9,621,286,335,inf,1.4285714285714286,98.57142857142858,45.3968253968254,53.17460317460318
077R,07,7R,0,644,12,632,273,359,inf,1.8633540372670807,98.13664596273291,42.391304347826086,55.74534161490683
077S,07,7S,0,618,7,611,244,367,inf,1.132686084142395,98.86731391585761,39.482200647249186,59.385113268608414
077T,07,7T,0,638,10,628,258,370,inf,1.5673981191222568,98.43260188087774,40.43887147335423,57.993730407523515
077U,07,7U,0,660,10,650,290,360,inf,1.5151515151515151,98.48484848484848,43.93939393939394,54.54545454545454
077V,07,7V,0,610,8,602,172,430,inf,1.3114754098360655,98.68852459016394,28.196721311475407,70.49180327868852
08101,08,101,1033,362,8,354,285,69,35.04356243949661,2.209944751381215,97.79005524861878,78.72928176795581,19.060773480662984
08102,08,102,1079,405,9,396,331,65,37.53475440222428,2.2222222222222223,97.77777777777777,81.72839506172839,16.049382716049383
08103,08,103,1040,369,9,360,302,58,35.48076923076923,2.4390243902439024,97.5609756097561,81.84281842818429,15.718157181571815
08104,08,104,1029,369,8,361,317,44,35.8600583090379,2.168021680216802,97.8319783197832,85.90785907859079,11.924119241192411
08105,08,105,1045,394,11,383,330,53,37.70334928229665,2.7918781725888326,97.20812182741116,83.75634517766497,13.451776649746192
08106,08,106,1036,430,7,423,338,85,41.50579150579151,1.627906976744186,98.37209302325581,78.6046511627907,19.767441860465116
08107,08,107,1060,436,7,429,368,61,41.132075471698116,1.6055045871559634,98.39449541284404,84.40366972477065,13.990825688073393
08108,08,108,982,355,8,347,291,56,36.15071283095723,2.2535211267605635,97.74647887323944,81.97183098591549,15.774647887323944
08109,08,109,1036,396,5,391,337,54,38.22393822393823,1.2626262626262625,98.73737373737373,85.1010101010101,13.636363636363635
08110,08,110,1014,425,14,411,330,81,41.913214990138066,3.294117647058824,96.70588235294117,77.64705882352942,19.058823529411764
08111,08,111,979,388,11,377,313,64,39.63227783452503,2.8350515463917527,97.16494845360825,80.6701030927835,16.49484536082474
08112,08,112,1148,383,15,368,301,67,33.36236933797909,3.91644908616188,96.08355091383812,78.59007832898173,17.4934725848564
08113,08,113,1061,434,9,425,351,74,40.9048067860509,2.0737327188940093,97.92626728110599,80.87557603686636,17.050691244239633
08114,08,114,994,340,4,336,289,47,34.205231388329985,1.1764705882352942,98.82352941176471,85.0,13.823529411764707
08115,08,115,990,417,9,408,347,61,42.12121212121212,2.158273381294964,97.84172661870504,83.21342925659472,14.628297362110313
08116,08,116,1140,384,11,373,322,51,33.68421052631579,2.864583333333333,97.13541666666666,83.85416666666666,13.28125
08117,08,117,1072,422,13,409,340,69,39.365671641791046,3.080568720379147,96.91943127962085,80.56872037914692,16.350710900473935
08118,08,118,988,372,8,364,287,77,37.65182186234818,2.1505376344086025,97.84946236559139,77.15053763440861,20.698924731182796
08119,08,119,1089,410,9,401,333,68,37.64921946740129,2.195121951219512,97.80487804878048,81.21951219512195,16.585365853658537
08120,08,120,1057,434,5,429,357,72,41.05960264900662,1.1520737327188941,98.84792626728111,82.25806451612904,16.589861751152075
08121,08,121,1126,384,4,380,302,78,34.10301953818828,1.0416666666666665,98.95833333333334,78.64583333333334,20.3125
08122,08,122,901,370,12,358,287,71,41.06548279689235,3.2432432432432434,96.75675675675676,77.56756756756756,19.18918918918919
08123,08,123,1074,388,6,382,242,140,36.12662942271881,1.5463917525773196,98.4536082474227,62.371134020618555,36.08247422680412
08124,08,124,937,412,7,405,350,55,43.970117395944506,1.6990291262135921,98.30097087378641,84.9514563106796,13.349514563106796
08125,08,125,1072,379,10,369,266,103,35.3544776119403,2.638522427440633,97.36147757255937,70.18469656992085,27.176781002638524
08126,08,126,929,372,8,364,296,68,40.04305705059203,2.1505376344086025,97.84946236559139,79.56989247311827,18.27956989247312
08127,08,127,1134,397,9,388,298,90,35.00881834215168,2.2670025188916876,97.73299748110831,75.06297229219143,22.670025188916874
08128,08,128,932,345,5,340,288,52,37.01716738197425,1.4492753623188406,98.55072463768117,83.47826086956522,15.072463768115943
08129,08,129,996,391,13,378,314,64,39.2570281124498,3.324808184143223,96.67519181585678,80.30690537084399,16.36828644501279
08130,08,130,1006,392,15,377,314,63,38.9662027833002,3.826530612244898,96.1734693877551,80.10204081632652,16.071428571428573
08131,08,131,799,251,4,247,196,51,31.414267834793492,1.593625498007968,98.40637450199203,78.08764940239044,20.318725099601593
08201,08,201,1155,426,12,414,317,97,36.883116883116884,2.8169014084507045,97.1830985915493,74.4131455399061,22.769953051643192
08202,08,202,1070,443,14,429,358,71,41.401869158878505,3.160270880361174,96.83972911963883,80.81264108352144,16.02708803611738
08203,08,203,904,368,10,358,298,60,40.707964601769916,2.717391304347826,97.28260869565217,80.97826086956522,16.304347826086957
08204,08,204,1015,411,9,402,347,55,40.49261083743843,2.18978102189781,97.8102189781022,84.42822384428223,13.381995133819952
08205,08,205,1029,372,11,361,313,48,36.15160349854227,2.956989247311828,97.04301075268818,84.13978494623656,12.903225806451612
08206,08,206,1040,374,13,361,301,60,35.96153846153846,3.4759358288770055,96.52406417112299,80.4812834224599,16.0427807486631
08207,08,207,1005,355,4,351,307,44,35.32338308457712,1.1267605633802817,98.87323943661971,86.47887323943661,12.394366197183098
08208,08,208,995,332,7,325,273,52,33.36683417085427,2.108433734939759,97.89156626506023,82.2289156626506,15.66265060240964
08209,08,209,951,319,7,312,263,49,33.543638275499475,2.19435736677116,97.80564263322884,82.44514106583071,15.360501567398119
08210,08,210,1003,346,8,338,262,76,34.49651046859422,2.312138728323699,97.6878612716763,75.72254335260115,21.965317919075144
08211,08,211,1052,385,14,371,295,76,36.59695817490494,3.6363636363636362,96.36363636363636,76.62337662337663,19.74025974025974
08212,08,212,1083,412,7,405,351,54,38.042474607571556,1.6990291262135921,98.30097087378641,85.19417475728154,13.106796116504855
08213,08,213,1097,413,9,404,349,55,37.64813126709207,2.1791767554479415,97.82082324455206,84.50363196125909,13.317191283292978
08214,08,214,1028,413,4,409,340,69,40.175097276264594,0.9685230024213075,99.0314769975787,82.32445520581115,16.707021791767556
08215,08,215,990,430,11,419,342,77,43.43434343434344,2.558139534883721,97.44186046511628,79.53488372093022,17.906976744186046
08216,08,216,1048,440,8,432,359,73,41.98473282442748,1.8181818181818181,98.18181818181819,81.5909090909091,16.590909090909093
08217,08,217,1079,449,13,436,382,54,41.61260426320667,2.89532293986637,97.10467706013362,85.07795100222717,12.026726057906458
08218,08,218,1048,440,12,428,360,68,41.98473282442748,2.727272727272727,97.27272727272728,81.81818181818183,15.454545454545453
08219,08,219,1032,413,11,402,317,85,40.019379844961236,2.663438256658596,97.3365617433414,76.75544794188862,20.581113801452787
08220,08,220,1096,404,9,395,330,65,36.86131386861314,2.2277227722772275,97.77227722772277,81.68316831683168,16.08910891089109
08221,08,221,1063,397,4,393,314,79,37.34713076199436,1.0075566750629723,98.99244332493703,79.09319899244332,19.899244332493705
08222,08,222,1033,354,13,341,290,51,34.269119070667955,3.672316384180791,96.32768361581921,81.92090395480226,14.40677966101695
08223,08,223,1057,348,27,321,262,59,32.92336802270577,7.758620689655173,92.24137931034483,75.28735632183908,16.954022988505745
08224,08,224,1143,472,18,454,371,83,41.29483814523184,3.8135593220338984,96.1864406779661,78.60169491525424,17.584745762711865
08225,08,225,1030,406,16,390,316,74,39.41747572815534,3.9408866995073892,96.05911330049261,77.83251231527095,18.226600985221676
08226,08,226,986,395,10,385,331,54,40.06085192697768,2.5316455696202533,97.46835443037975,83.79746835443038,13.670886075949367
08227,08,227,1009,419,6,413,333,80,41.52626362735381,1.431980906921241,98.56801909307876,79.47494033412887,19.09307875894988
08228,08,228,897,325,4,321,266,55,36.231884057971016,1.2307692307692308,98.76923076923076,81.84615384615384,16.923076923076923
08229,08,229,1084,362,6,356,311,45,33.39483394833948,1.6574585635359116,98.34254143646409,85.91160220994475,12.430939226519337
08230,08,230,948,370,9,361,310,51,39.029535864978904,2.4324324324324325,97.56756756756756,83.78378378378379,13.783783783783784
08231,08,231,889,375,3,372,313,59,42.1822272215973,0.8,99.2,83.46666666666667,15.733333333333333
08301,08,301,914,379,11,368,306,62,41.46608315098469,2.9023746701846966,97.0976253298153,80.73878627968337,16.358839050131927
08302,08,302,965,337,16,321,269,52,34.92227979274611,4.747774480712167,95.25222551928783,79.82195845697329,15.43026706231454
08303,08,303,1020,380,7,373,315,58,37.254901960784316,1.8421052631578945,98.15789473684211,82.89473684210526,15.263157894736842
08304,08,304,993,386,7,379,301,78,38.87210473313193,1.8134715025906734,98.18652849740933,77.97927461139896,20.207253886010363
08305,08,305,1032,426,10,416,360,56,41.27906976744186,2.3474178403755865,97.65258215962442,84.50704225352112,13.145539906103288
08306,08,306,918,397,5,392,312,80,43.24618736383442,1.2594458438287155,98.74055415617129,78.58942065491183,20.151133501259448
08307,08,307,962,347,7,340,291,49,36.07068607068607,2.0172910662824206,97.98270893371757,83.86167146974063,14.121037463976945
08308,08,308,1030,445,12,433,362,71,43.203883495145625,2.696629213483146,97.30337078651685,81.34831460674158,15.955056179775282
08309,08,309,1171,422,29,393,316,77,36.03757472245944,6.872037914691943,93.12796208530806,74.88151658767772,18.246445497630333
08310,08,310,964,356,11,345,293,52,36.92946058091287,3.089887640449438,96.91011235955057,82.30337078651685,14.606741573033707
08311,08,311,962,415,13,402,198,204,43.13929313929314,3.132530120481928,96.86746987951807,47.71084337349398,49.1566265060241
08312,08,312,1252,428,20,408,301,107,34.185303514377,4.672897196261682,95.32710280373831,70.32710280373831,25.0
08313,08,313,1221,408,18,390,315,75,33.415233415233416,4.411764705882353,95.58823529411765,77.20588235294117,18.38235294117647
08314,08,314,1217,393,29,364,295,69,32.29252259654889,7.37913486005089,92.6208651399491,75.06361323155217,17.557251908396946
08315,08,315,1295,362,17,345,273,72,27.953667953667953,4.696132596685083,95.30386740331491,75.41436464088397,19.88950276243094
08316,08,316,1013,371,31,340,204,136,36.62388943731491,8.355795148247978,91.64420485175202,54.98652291105122,36.65768194070081
08317,08,317,938,379,27,352,156,196,40.405117270788914,7.12401055408971,92.87598944591029,41.16094986807388,51.71503957783641
08318,08,318,992,400,7,393,257,136,40.32258064516129,1.7500000000000002,98.25,64.25,34.0
08319,08,319,1035,369,32,337,179,158,35.65217391304348,8.672086720867208,91.32791327913279,48.509485094850945,42.81842818428184
08320,08,320,1199,455,22,433,326,107,37.94829024186822,4.835164835164836,95.16483516483515,71.64835164835165,23.516483516483515
08321,08,321,1318,372,22,350,227,123,28.224582701062218,5.913978494623656,94.08602150537635,61.02150537634409,33.064516129032256
08322,08,322,1317,433,11,422,277,145,32.877752467729685,2.5404157043879905,97.45958429561202,63.972286374133944,33.48729792147806
08323,08,323,957,307,9,298,199,99,32.07941483803553,2.9315960912052117,97.06840390879479,64.82084690553745,32.24755700325733
08324,08,324,1208,389,24,365,278,87,32.20198675496689,6.169665809768637,93.83033419023135,71.46529562982005,22.36503856041131
08325,08,325,939,409,23,386,271,115,43.556975505857295,5.623471882640587,94.37652811735941,66.25916870415648,28.117359413202937
08326,08,326,1048,422,31,391,302,89,40.26717557251908,7.345971563981042,92.65402843601895,71.56398104265402,21.09004739336493
08327,08,327,1431,444,23,421,297,124,31.027253668763105,5.18018018018018,94.81981981981981,66.8918918918919,27.927927927927925
08328,08,328,974,350,13,337,263,74,35.93429158110883,3.7142857142857144,96.28571428571429,75.14285714285714,21.142857142857142
08329,08,329,785,206,6,200,153,47,26.24203821656051,2.912621359223301,97.0873786407767,74.27184466019418,22.815533980582526
08330,08,330,1021,361,13,348,263,85,35.35749265426053,3.6011080332409975,96.39889196675901,72.85318559556787,23.545706371191137
08331,08,331,980,345,6,339,257,82,35.204081632653065,1.7391304347826086,98.26086956521739,74.4927536231884,23.768115942028984
08401,08,401,1090,378,22,356,189,167,34.67889908256881,5.82010582010582,94.17989417989418,50.0,44.17989417989418
08402,08,402,1081,411,18,393,222,171,38.02035152636448,4.37956204379562,95.62043795620438,54.01459854014598,41.605839416058394
08403,08,403,1174,450,12,438,310,128,38.33049403747871,2.666666666666667,97.33333333333334,68.88888888888889,28.444444444444443
08404,08,404,1101,363,27,336,159,177,32.9700272479564,7.43801652892562,92.56198347107438,43.80165289256198,48.760330578512395
08405,08,405,1157,399,19,380,199,181,34.485738980121,4.761904761904762,95.23809523809523,49.87468671679198,45.363408521303256
08406,08,406,1191,465,14,451,237,214,39.042821158690174,3.010752688172043,96.98924731182795,50.967741935483865,46.02150537634409
08407,08,407,1172,352,14,338,159,179,30.034129692832767,3.977272727272727,96.02272727272727,45.17045454545455,50.85227272727273
08408,08,408,881,339,19,320,173,147,38.47900113507378,5.604719764011799,94.3952802359882,51.03244837758112,43.36283185840708
08409,08,409,974,428,15,413,174,239,43.94250513347023,3.5046728971962615,96.49532710280374,40.654205607476634,55.84112149532711
08410,08,410,1002,406,12,394,152,242,40.5189620758483,2.955665024630542,97.04433497536947,37.4384236453202,59.60591133004927
08411,08,411,1008,368,19,349,135,214,36.507936507936506,5.163043478260869,94.83695652173914,36.684782608695656,58.152173913043484
08412,08,412,1071,372,14,358,170,188,34.73389355742297,3.763440860215054,96.23655913978494,45.69892473118279,50.53763440860215
08413,08,413,1089,384,11,373,212,161,35.26170798898072,2.864583333333333,97.13541666666666,55.208333333333336,41.92708333333333
08414,08,414,985,333,21,312,158,154,33.807106598984774,6.306306306306306,93.69369369369369,47.44744744744745,46.246246246246244
08415,08,415,1287,485,27,458,312,146,37.68453768453768,5.567010309278351,94.43298969072164,64.3298969072165,30.103092783505154
08416,08,416,1127,444,24,420,236,184,39.39662821650399,5.405405405405405,94.5945945945946,53.153153153153156,41.44144144144144
08417,08,417,1058,411,23,388,247,141,38.8468809073724,5.59610705596107,94.40389294403893,60.09732360097324,34.306569343065696
08418,08,418,1070,373,18,355,192,163,34.859813084112155,4.825737265415549,95.17426273458445,51.474530831099194,43.69973190348526
08419,08,419,1219,434,27,407,246,161,35.602953240360954,6.221198156682028,93.77880184331798,56.68202764976959,37.096774193548384
08420,08,420,1071,403,31,372,225,147,37.62838468720822,7.6923076923076925,92.3076923076923,55.831265508684865,36.47642679900744
08421,08,421,1058,354,14,340,251,89,33.459357277882795,3.954802259887006,96.045197740113,70.90395480225989,25.141242937853107
08422,08,422,1094,373,38,335,224,111,34.09506398537477,10.187667560321715,89.81233243967829,60.05361930294906,29.75871313672922
08423,08,423,950,414,31,383,249,134,43.57894736842105,7.487922705314009,92.512077294686,60.14492753623188,32.367149758454104
08424,08,424,969,350,16,334,223,111,36.119711042311664,4.571428571428571,95.42857142857143,63.714285714285715,31.71428571428571
08425,08,425,1095,344,16,328,226,102,31.41552511415525,4.651162790697675,95.34883720930233,65.69767441860465,29.651162790697676
08426,08,426,864,316,29,287,166,121,36.574074074074076,9.177215189873419,90.82278481012658,52.53164556962025,38.291139240506325
08427,08,427,1005,356,14,342,159,183,35.4228855721393,3.932584269662921,96.06741573033707,44.662921348314605,51.40449438202247
08428,08,428,1061,376,18,358,164,194,35.4382657869934,4.787234042553192,95.2127659574468,43.61702127659575,51.59574468085106
08429,08,429,891,348,43,305,211,94,39.05723905723906,12.35632183908046,87.64367816091954,60.63218390804598,27.011494252873565
08430,08,430,907,339,22,317,186,131,37.37596471885336,6.489675516224189,93.5103244837758,54.86725663716814,38.64306784660767
08431,08,431,1207,426,22,404,279,125,35.294117647058826,5.164319248826291,94.83568075117371,65.49295774647888,29.342723004694836
08501,08,501,1113,338,11,327,196,131,30.368373764600182,3.2544378698224854,96.7455621301775,57.98816568047337,38.75739644970414
08502,08,502,1028,406,14,392,238,154,39.494163424124515,3.4482758620689653,96.55172413793103,58.620689655172406,37.93103448275862
08503,08,503,847,350,6,344,173,171,41.32231404958678,1.7142857142857144,98.28571428571429,49.42857142857143,48.857142857142854
08504,08,504,928,396,20,376,203,173,42.672413793103445,5.05050505050505,94.94949494949495,51.26262626262626,43.686868686868685
08505,08,505,992,385,22,363,199,164,38.810483870967744,5.714285714285714,94.28571428571428,51.688311688311686,42.59740259740259
08506,08,506,948,399,10,389,240,149,42.08860759493671,2.506265664160401,97.4937343358396,60.150375939849624,37.34335839598997
08507,08,507,1027,409,15,394,238,156,39.82473222979552,3.6674816625916873,96.33251833740832,58.19070904645477,38.141809290953546
08508,08,508,1269,434,11,423,276,147,34.20015760441292,2.5345622119815667,97.46543778801843,63.594470046082954,33.87096774193548
08509,08,509,1186,464,18,446,163,283,39.12310286677909,3.8793103448275863,96.12068965517241,35.12931034482759,60.991379310344826
08510,08,510,1008,326,11,315,140,175,32.34126984126984,3.374233128834356,96.62576687116564,42.944785276073624,53.68098159509203
08511,08,511,974,308,10,298,186,112,31.622176591375773,3.2467532467532463,96.75324675324676,60.3896103896104,36.36363636363637
08512,08,512,1038,442,21,421,196,225,42.58188824662813,4.751131221719457,95.24886877828054,44.34389140271493,50.90497737556561
08513,08,513,1037,423,18,405,175,230,40.790742526518805,4.25531914893617,95.74468085106383,41.371158392434985,54.37352245862884
08514,08,514,899,332,17,315,153,162,36.92992213570634,5.120481927710843,94.87951807228916,46.08433734939759,48.795180722891565
08515,08,515,942,383,13,370,169,201,40.65817409766454,3.3942558746736298,96.60574412532638,44.12532637075718,52.48041775456919
08516,08,516,1023,426,17,409,269,140,41.64222873900293,3.9906103286384975,96.0093896713615,63.14553990610329,32.863849765258216
08517,08,517,857,333,24,309,151,158,38.85647607934656,7.207207207207207,92.7927927927928,45.34534534534534,47.44744744744745
08518,08,518,903,349,14,335,142,193,38.648947951273534,4.011461318051576,95.98853868194843,40.68767908309456,55.30085959885387
08519,08,519,1020,365,12,353,150,203,35.78431372549019,3.287671232876712,96.7123287671233,41.0958904109589,55.61643835616439
08520,08,520,941,401,15,386,146,240,42.61424017003188,3.7406483790523692,96.25935162094763,36.408977556109726,59.85037406483791
08521,08,521,925,334,12,322,129,193,36.108108108108105,3.592814371257485,96.40718562874252,38.622754491017965,57.784431137724546
08522,08,522,902,385,8,377,191,186,42.68292682926829,2.0779220779220777,97.92207792207792,49.61038961038961,48.311688311688314
08523,08,523,972,412,19,393,164,229,42.38683127572017,4.611650485436893,95.3883495145631,39.80582524271845,55.582524271844655
08524,08,524,916,369,20,349,199,150,40.28384279475983,5.420054200542006,94.579945799458,53.929539295392956,40.65040650406504
08525,08,525,894,349,14,335,168,167,39.038031319910516,4.011461318051576,95.98853868194843,48.13753581661891,47.85100286532951
08526,08,526,972,429,17,412,180,232,44.135802469135804,3.9627039627039626,96.03729603729604,41.95804195804196,54.07925407925408
08527,08,527,1022,360,21,339,185,154,35.22504892367906,5.833333333333333,94.16666666666667,51.388888888888886,42.77777777777778
08528,08,528,935,348,23,325,154,171,37.219251336898395,6.609195402298851,93.39080459770115,44.252873563218394,49.137931034482754
08529,08,529,981,382,14,368,221,147,38.939857288481136,3.664921465968586,96.33507853403141,57.85340314136126,38.481675392670155
08530,08,530,831,322,6,316,160,156,38.748495788206974,1.8633540372670807,98.13664596273291,49.68944099378882,48.4472049689441
08531,08,531,1073,350,39,311,185,126,32.618825722273996,11.142857142857142,88.85714285714286,52.85714285714286,36.0
08532,08,532,942,361,17,344,186,158,38.32271762208068,4.7091412742382275,95.29085872576178,51.52354570637119,43.76731301939058
08533,08,533,857,366,23,343,165,178,42.70711785297549,6.284153005464481,93.71584699453553,45.08196721311475,48.63387978142077
08534,08,534,1041,462,14,448,251,197,44.38040345821326,3.0303030303030303,96.96969696969697,54.32900432900433,42.64069264069264
08601,08,601,896,335,5,330,109,221,37.388392857142854,1.4925373134328357,98.50746268656717,32.537313432835816,65.97014925373135
08602,08,602,888,377,19,358,113,245,42.45495495495496,5.039787798408488,94.9602122015915,29.973474801061005,64.9867374005305
08603,08,603,928,354,20,334,156,178,38.146551724137936,5.649717514124294,94.35028248587571,44.06779661016949,50.282485875706215
08604,08,604,893,373,12,361,150,211,41.76931690929451,3.2171581769436997,96.7828418230563,40.21447721179624,56.56836461126006
08605,08,605,881,392,26,366,152,214,44.49489216799092,6.63265306122449,93.36734693877551,38.775510204081634,54.59183673469388
08606,08,606,917,375,20,355,180,175,40.89422028353326,5.333333333333334,94.66666666666667,48.0,46.666666666666664
08607,08,607,895,355,15,340,158,182,39.66480446927375,4.225352112676056,95.77464788732394,44.50704225352113,51.267605633802816
08608,08,608,912,434,19,415,172,243,47.58771929824561,4.377880184331797,95.6221198156682,39.63133640552996,55.99078341013824
08609,08,609,991,392,30,362,225,137,39.55600403632694,7.653061224489796,92.3469387755102,57.39795918367348,34.94897959183674
08610,08,610,897,425,19,406,172,234,47.38015607580825,4.470588235294118,95.52941176470588,40.470588235294116,55.05882352941176
08611,08,611,841,335,12,323,193,130,39.833531510107015,3.582089552238806,96.41791044776119,57.611940298507456,38.80597014925373
08612,08,612,912,390,34,356,148,208,42.76315789473684,8.717948717948717,91.28205128205128,37.94871794871795,53.333333333333336
08613,08,613,900,343,31,312,167,145,38.111111111111114,9.037900874635568,90.96209912536443,48.68804664723032,42.27405247813411
08614,08,614,876,351,8,343,142,201,40.06849315068493,2.2792022792022792,97.72079772079772,40.45584045584046,57.26495726495726
08615,08,615,886,392,22,370,207,163,44.24379232505643,5.612244897959184,94.38775510204081,52.806122448979586,41.58163265306122
08616,08,616,808,344,9,335,227,108,42.57425742574257,2.616279069767442,97.38372093023256,65.98837209302324,31.3953488372093
08617,08,617,865,411,24,387,196,191,47.51445086705202,5.839416058394161,94.16058394160584,47.688564476885645,46.47201946472019
08618,08,618,902,431,15,416,173,243,47.78270509977827,3.480278422273782,96.51972157772622,40.13921113689095,56.380510440835266
08619,08,619,876,352,16,336,138,198,40.182648401826484,4.545454545454546,95.45454545454545,39.20454545454545,56.25
08620,08,620,796,344,16,328,164,164,43.21608040201005,4.651162790697675,95.34883720930233,47.674418604651166,47.674418604651166
08621,08,621,909,388,31,357,184,173,42.684268426842685,7.989690721649484,92.0103092783505,47.42268041237113,44.58762886597938
08622,08,622,902,345,9,336,129,207,38.248337028824835,2.608695652173913,97.3913043478261,37.391304347826086,60.0
08623,08,623,956,416,23,393,240,153,43.51464435146444,5.528846153846153,94.47115384615384,57.692307692307686,36.77884615384615
08624,08,624,858,364,21,343,164,179,42.42424242424242,5.769230769230769,94.23076923076923,45.05494505494506,49.175824175824175
08625,08,625,1011,381,28,353,151,202,37.68545994065282,7.349081364829396,92.6509186351706,39.63254593175853,53.018372703412076
08626,08,626,897,359,14,345,123,222,40.022296544035676,3.8997214484679668,96.10027855153204,34.26183844011142,61.83844011142061
08627,08,627,873,311,17,294,100,194,35.62428407789233,5.466237942122187,94.53376205787781,32.154340836012864,62.37942122186495
08628,08,628,838,399,15,384,129,255,47.61336515513126,3.7593984962406015,96.2406015037594,32.33082706766917,63.90977443609023
08629,08,629,829,390,15,375,131,244,47.04463208685163,3.8461538461538463,96.15384615384616,33.589743589743584,62.56410256410256
08630,08,630,827,362,12,350,132,218,43.772672309552604,3.314917127071823,96.68508287292818,36.46408839779006,60.22099447513812
08631,08,631,901,376,8,368,146,222,41.731409544950054,2.127659574468085,97.87234042553192,38.82978723404255,59.04255319148937
08632,08,632,1094,439,14,425,149,276,40.12797074954296,3.189066059225513,96.81093394077449,33.94077448747153,62.87015945330297
08633,08,633,1208,456,30,426,268,158,37.74834437086093,6.578947368421052,93.42105263157895,58.77192982456141,34.64912280701755
08634,08,634,1015,371,22,349,246,103,36.55172413793103,5.929919137466308,94.07008086253369,66.30727762803235,27.762803234501348
08635,08,635,1011,359,13,346,250,96,35.509396636993074,3.6211699164345403,96.37883008356546,69.63788300835655,26.740947075208915
08636,08,636,866,307,30,277,182,95,35.45034642032333,9.77198697068404,90.22801302931596,59.28338762214984,30.944625407166125
081A,08,1A,0,413,2,411,350,61,inf,0.48426150121065376,99.51573849878935,84.7457627118644,14.769975786924938
081AA,08,1AA,0,445,3,442,359,83,inf,0.6741573033707865,99.32584269662922,80.67415730337079,18.651685393258425
081AB,08,1AB,0,484,3,481,393,88,inf,0.6198347107438017,99.3801652892562,81.19834710743802,18.181818181818183
081AC,08,1AC,0,415,5,410,346,64,inf,1.2048192771084338,98.79518072289156,83.37349397590361,15.421686746987953
081B,08,1B,0,390,5,385,326,59,inf,1.282051282051282,98.71794871794873,83.58974358974359,15.128205128205128
081C,08,1C,0,391,19,372,298,74,inf,4.859335038363171,95.14066496163683,76.21483375959079,18.925831202046037
081D,08,1D,0,402,0,402,343,59,inf,0.0,100.0,85.3233830845771,14.676616915422885
081E,08,1E,0,339,2,337,295,42,inf,0.5899705014749262,99.41002949852508,87.02064896755162,12.389380530973451
081F,08,1F,0,380,24,356,310,46,inf,6.315789473684211,93.6842105263158,81.57894736842105,12.105263157894736
081G,08,1G,0,344,3,341,276,65,inf,0.872093023255814,99.12790697674419,80.23255813953489,18.8953488372093
081H,08,1H,0,317,5,312,273,39,inf,1.5772870662460567,98.42271293375394,86.1198738170347,12.302839116719243
081I,08,1I,0,379,3,376,299,77,inf,0.79155672823219,99.2084432717678,78.89182058047494,20.316622691292878
081J,08,1J,0,356,3,353,315,38,inf,0.8426966292134831,99.15730337078652,88.48314606741573,10.674157303370785
081K,08,1K,0,390,3,387,335,52,inf,0.7692307692307693,99.23076923076923,85.8974358974359,13.333333333333334
081L,08,1L,0,292,0,292,244,48,inf,0.0,100.0,83.56164383561644,16.43835616438356
081M,08,1M,0,413,5,408,347,61,inf,1.2106537530266344,98.78934624697337,84.01937046004842,14.769975786924938
081N,08,1N,0,409,4,405,333,72,inf,0.9779951100244498,99.02200488997555,81.41809290953546,17.6039119804401
081P,08,1P,0,354,3,351,297,54,inf,0.847457627118644,99.15254237288136,83.89830508474576,15.254237288135593
081Q,08,1Q,0,434,4,430,349,81,inf,0.9216589861751152,99.07834101382488,80.4147465437788,18.663594470046082
081R,08,1R,0,376,2,374,325,49,inf,0.5319148936170213,99.46808510638297,86.43617021276596,13.031914893617023
081S,08,1S,0,400,3,397,314,83,inf,0.75,99.25,78.5,20.75
081T,08,1T,0,613,8,605,493,112,inf,1.3050570962479608,98.69494290375204,80.4241435562806,18.270799347471453
081U,08,1U,0,352,2,350,210,140,inf,0.5681818181818182,99.43181818181817,59.65909090909091,39.77272727272727
081V,08,1V,0,449,2,447,329,118,inf,0.4454342984409799,99.55456570155901,73.2739420935412,26.280623608017816
081W,08,1W,0,472,3,469,395,74,inf,0.6355932203389831,99.36440677966102,83.6864406779661,15.677966101694915
081X,08,1X,0,336,3,333,255,78,inf,0.8928571428571428,99.10714285714286,75.89285714285714,23.214285714285715
081Y,08,1Y,0,423,5,418,331,87,inf,1.1820330969267139,98.81796690307328,78.25059101654847,20.56737588652482
081Z,08,1Z,0,620,7,613,499,114,inf,1.129032258064516,98.87096774193549,80.48387096774194,18.387096774193548
082A,08,2A,0,440,2,438,338,100,inf,0.45454545454545453,99.54545454545455,76.81818181818181,22.727272727272727
082AA,08,2AA,0,309,5,304,265,39,inf,1.6181229773462782,98.38187702265373,85.76051779935275,12.62135922330097
082AB,08,2AB,0,263,5,258,207,51,inf,1.9011406844106464,98.09885931558935,78.70722433460075,19.39163498098859
082B,08,2B,0,344,2,342,281,61,inf,0.5813953488372093,99.4186046511628,81.68604651162791,17.732558139534884
082C,08,2C,0,335,3,332,296,36,inf,0.8955223880597015,99.1044776119403,88.35820895522389,10.746268656716417
082D,08,2D,0,359,5,354,297,57,inf,1.392757660167131,98.60724233983287,82.72980501392759,15.87743732590529
082E,08,2E,0,362,1,361,312,49,inf,0.2762430939226519,99.72375690607734,86.1878453038674,13.535911602209943
082F,08,2F,0,393,7,386,307,79,inf,1.7811704834605597,98.21882951653944,78.11704834605598,20.10178117048346
082G,08,2G,0,340,2,338,277,61,inf,0.5882352941176471,99.41176470588235,81.47058823529412,17.941176470588236
082H,08,2H,0,655,7,648,509,139,inf,1.0687022900763359,98.93129770992365,77.70992366412214,21.22137404580153
082I,08,2I,0,369,3,366,311,55,inf,0.8130081300813009,99.1869918699187,84.28184281842819,14.905149051490515
082J,08,2J,0,380,3,377,321,56,inf,0.7894736842105263,99.21052631578947,84.47368421052632,14.736842105263156
082K,08,2K,0,373,0,373,324,49,inf,0.0,100.0,86.8632707774799,13.136729222520108
082L,08,2L,0,306,4,302,249,53,inf,1.3071895424836601,98.69281045751634,81.37254901960785,17.320261437908496
082M,08,2M,0,324,0,324,263,61,inf,0.0,100.0,81.17283950617285,18.82716049382716
082N,08,2N,0,354,2,352,295,57,inf,0.5649717514124294,99.43502824858757,83.33333333333334,16.101694915254235
082P,08,2P,0,327,2,325,266,59,inf,0.6116207951070336,99.38837920489296,81.34556574923548,18.04281345565749
082Q,08,2Q,0,460,2,458,384,74,inf,0.43478260869565216,99.56521739130434,83.47826086956522,16.08695652173913
082R,08,2R,0,388,1,387,314,73,inf,0.25773195876288657,99.74226804123711,80.9278350515464,18.814432989690722
082S,08,2S,0,364,0,364,291,73,inf,0.0,100.0,79.94505494505495,20.054945054945055
082T,08,2T,0,353,1,352,304,48,inf,0.28328611898017,99.71671388101983,86.11898016997166,13.59773371104816
082U,08,2U,0,356,6,350,291,59,inf,1.6853932584269662,98.31460674157303,81.74157303370787,16.573033707865168
082V,08,2V,0,546,5,541,447,94,inf,0.9157509157509158,99.08424908424908,81.86813186813187,17.216117216117215
082W,08,2W,0,343,1,342,295,47,inf,0.2915451895043732,99.70845481049562,86.0058309037901,13.702623906705538
082X,08,2X,0,361,1,360,293,67,inf,0.2770083102493075,99.7229916897507,81.16343490304709,18.559556786703602
082Y,08,2Y,0,346,5,341,299,42,inf,1.4450867052023122,98.55491329479769,86.41618497109826,12.138728323699421
082Z,08,2Z,0,577,4,573,480,93,inf,0.6932409012131715,99.30675909878683,83.18890814558058,16.11785095320624
083A,08,3A,0,655,7,648,523,125,inf,1.0687022900763359,98.93129770992365,79.8473282442748,19.083969465648856
083B,08,3B,0,431,4,427,358,69,inf,0.9280742459396751,99.07192575406032,83.06264501160094,16.009280742459396
083C,08,3C,0,344,2,342,297,45,inf,0.5813953488372093,99.4186046511628,86.33720930232558,13.08139534883721
083D,08,3D,0,333,3,330,273,57,inf,0.9009009009009009,99.09909909909909,81.98198198198197,17.117117117117118
083E,08,3E,0,589,7,582,509,73,inf,1.1884550084889642,98.81154499151104,86.41765704584041,12.39388794567063
083F,08,3F,0,332,2,330,268,62,inf,0.6024096385542169,99.3975903614458,80.72289156626506,18.67469879518072
083G,08,3G,0,603,12,591,351,240,inf,1.9900497512437811,98.00995024875621,58.2089552238806,39.800995024875625
083H,08,3H,0,499,5,494,337,157,inf,1.002004008016032,98.99799599198397,67.53507014028057,31.462925851703403
083I,08,3I,0,557,8,549,367,182,inf,1.436265709156194,98.56373429084381,65.8886894075404,32.675044883303414
083J,08,3J,0,566,10,556,302,254,inf,1.76678445229682,98.23321554770318,53.35689045936396,44.87632508833922
083K,08,3K,0,499,5,494,339,155,inf,1.002004008016032,98.99799599198397,67.93587174348697,31.062124248496993
083L,08,3L,0,331,7,324,206,118,inf,2.1148036253776437,97.88519637462235,62.2356495468278,35.64954682779456
083M,08,3M,0,290,4,286,194,92,inf,1.3793103448275863,98.62068965517241,66.89655172413794,31.724137931034484
083N,08,3N,0,607,3,604,400,204,inf,0.4942339373970346,99.50576606260296,65.89785831960461,33.60790774299836
083P,08,3P,0,534,3,531,380,151,inf,0.5617977528089888,99.43820224719101,71.16104868913857,28.277153558052436
083Q,08,3Q,0,548,7,541,433,108,inf,1.2773722627737227,98.72262773722628,79.01459854014598,19.708029197080293
083R,08,3R,0,476,25,451,339,112,inf,5.2521008403361344,94.74789915966386,71.21848739495799,23.52941176470588
083S,08,3S,0,525,8,517,410,107,inf,1.5238095238095237,98.47619047619047,78.0952380952381,20.38095238095238
084A,08,4A,0,376,6,370,188,182,inf,1.5957446808510638,98.40425531914893,50.0,48.40425531914894
084B,08,4B,0,626,4,622,396,226,inf,0.6389776357827476,99.36102236421725,63.25878594249201,36.102236421725244
084C,08,4C,0,422,2,420,173,247,inf,0.47393364928909953,99.52606635071089,40.99526066350711,58.53080568720379
084D,08,4D,0,332,6,326,165,161,inf,1.8072289156626504,98.19277108433735,49.6987951807229,48.493975903614455
084E,08,4E,0,360,8,352,167,185,inf,2.2222222222222223,97.77777777777777,46.38888888888889,51.388888888888886
084F,08,4F,0,439,10,429,176,253,inf,2.277904328018223,97.72209567198178,40.091116173120724,57.630979498861045
084G,08,4G,0,636,11,625,273,352,inf,1.729559748427673,98.27044025157232,42.924528301886795,55.34591194968554
084H,08,4H,0,378,5,373,134,239,inf,1.3227513227513228,98.67724867724867,35.44973544973545,63.227513227513235
084I,08,4I,0,372,7,365,112,253,inf,1.881720430107527,98.11827956989248,30.107526881720432,68.01075268817203
084J,08,4J,0,412,6,406,169,237,inf,1.4563106796116505,98.54368932038835,41.019417475728154,57.52427184466019
084K,08,4K,0,318,6,312,161,151,inf,1.8867924528301887,98.11320754716981,50.62893081761006,47.48427672955975
084L,08,4L,0,335,29,306,157,149,inf,8.656716417910449,91.34328358208955,46.865671641791046,44.47761194029851
084M,08,4M,0,322,6,316,181,135,inf,1.8633540372670807,98.13664596273291,56.2111801242236,41.92546583850932
084N,08,4N,0,341,7,334,148,186,inf,2.0527859237536656,97.94721407624634,43.401759530791786,54.54545454545454
084P,08,4P,0,272,3,269,162,107,inf,1.1029411764705883,98.89705882352942,59.55882352941176,39.338235294117645
084Q,08,4Q,0,324,8,316,152,164,inf,2.4691358024691357,97.53086419753086,46.913580246913575,50.617283950617285
084R,08,4R,0,321,1,320,172,148,inf,0.3115264797507788,99.68847352024922,53.58255451713395,46.10591900311526
084S,08,4S,0,259,4,255,135,120,inf,1.5444015444015444,98.45559845559846,52.123552123552116,46.33204633204633
084T,08,4T,0,347,4,343,196,147,inf,1.1527377521613833,98.84726224783861,56.48414985590778,42.363112391930834
084U,08,4U,0,250,5,245,142,103,inf,2.0,98.0,56.8,41.199999999999996
084V,08,4V,0,472,10,462,270,192,inf,2.11864406779661,97.88135593220339,57.20338983050848,40.67796610169492
084W,08,4W,0,418,39,379,193,186,inf,9.330143540669857,90.66985645933015,46.172248803827756,44.49760765550239
084X,08,4X,0,270,4,266,95,171,inf,1.4814814814814816,98.51851851851852,35.18518518518518,63.33333333333333
084Y,08,4Y,0,303,10,293,120,173,inf,3.3003300330033,96.69966996699671,39.603960396039604,57.0957095709571
084Z,08,4Z,0,479,9,470,241,229,inf,1.8789144050104383,98.12108559498957,50.31315240083507,47.80793319415449
085A,08,5A,0,306,2,304,186,118,inf,0.6535947712418301,99.34640522875817,60.78431372549019,38.56209150326798
085AA,08,5AA,0,335,4,331,202,129,inf,1.1940298507462688,98.80597014925372,60.298507462686565,38.50746268656716
085AB,08,5AB,0,344,7,337,183,154,inf,2.0348837209302326,97.96511627906976,53.19767441860465,44.76744186046512
085AC,08,5AC,0,346,5,341,200,141,inf,1.4450867052023122,98.55491329479769,57.80346820809249,40.7514450867052
085B,08,5B,0,345,8,337,156,181,inf,2.318840579710145,97.68115942028986,45.21739130434783,52.46376811594203
085C,08,5C,0,342,10,332,171,161,inf,2.923976608187134,97.07602339181285,50.0,47.07602339181287
085D,08,5D,0,574,7,567,314,253,inf,1.2195121951219512,98.78048780487805,54.70383275261324,44.076655052264805
085E,08,5E,0,310,5,305,213,92,inf,1.6129032258064515,98.38709677419355,68.70967741935485,29.677419354838708
085F,08,5F,0,538,6,532,187,345,inf,1.1152416356877324,98.88475836431226,34.75836431226766,64.12639405204462
085G,08,5G,0,437,11,426,176,250,inf,2.517162471395881,97.48283752860412,40.274599542334094,57.20823798627003
085H,08,5H,0,360,6,354,176,178,inf,1.6666666666666667,98.33333333333333,48.888888888888886,49.44444444444444
085I,08,5I,0,303,4,299,130,169,inf,1.3201320132013201,98.67986798679867,42.9042904290429,55.775577557755774
085J,08,5J,0,405,9,396,174,222,inf,2.2222222222222223,97.77777777777777,42.96296296296296,54.81481481481482
085K,08,5K,0,367,5,362,179,183,inf,1.3623978201634876,98.63760217983652,48.77384196185286,49.863760217983646
085L,08,5L,0,483,11,472,257,215,inf,2.2774327122153206,97.72256728778468,53.20910973084886,44.51345755693582
085M,08,5M,0,354,7,347,157,190,inf,1.977401129943503,98.0225988700565,44.35028248587571,53.672316384180796
085N,08,5N,0,413,5,408,137,271,inf,1.2106537530266344,98.78934624697337,33.171912832929785,65.61743341404357
085P,08,5P,0,351,3,348,142,206,inf,0.8547008547008548,99.14529914529915,40.45584045584046,58.68945868945868
085Q,08,5Q,0,448,28,420,166,254,inf,6.25,93.75,37.05357142857143,56.69642857142857
085R,08,5R,0,632,5,627,297,330,inf,0.7911392405063291,99.20886075949366,46.99367088607595,52.21518987341772
085S,08,5S,0,327,3,324,144,180,inf,0.9174311926605505,99.08256880733946,44.03669724770643,55.04587155963303
085T,08,5T,0,464,11,453,245,208,inf,2.3706896551724137,97.62931034482759,52.80172413793104,44.827586206896555
085U,08,5U,0,327,22,305,140,165,inf,6.727828746177369,93.27217125382263,42.813455657492355,50.45871559633027
085V,08,5V,0,361,31,330,146,184,inf,8.587257617728532,91.41274238227147,40.443213296398895,50.96952908587258
085W,08,5W,0,554,10,544,247,297,inf,1.8050541516245486,98.19494584837545,44.584837545126355,53.61010830324909
085X,08,5X,0,531,5,526,262,264,inf,0.9416195856873822,99.05838041431262,49.34086629001883,49.717514124293785
085Y,08,5Y,0,292,6,286,145,141,inf,2.054794520547945,97.94520547945206,49.65753424657534,48.28767123287671
085Z,08,5Z,0,228,4,224,95,129,inf,1.7543859649122806,98.24561403508771,41.66666666666667,56.57894736842105
086A,08,6A,0,376,6,370,131,239,inf,1.5957446808510638,98.40425531914893,34.840425531914896,63.56382978723404
086AA,08,6AA,0,318,4,314,110,204,inf,1.257861635220126,98.74213836477988,34.59119496855346,64.15094339622641
086B,08,6B,0,377,8,369,135,234,inf,2.122015915119363,97.87798408488064,35.80901856763926,62.06896551724138
086C,08,6C,0,288,6,282,100,182,inf,2.083333333333333,97.91666666666666,34.72222222222222,63.19444444444444
086D,08,6D,0,592,5,587,263,324,inf,0.8445945945945946,99.1554054054054,44.42567567567568,54.729729729729726
086E,08,6E,0,534,7,527,215,312,inf,1.3108614232209739,98.68913857677903,40.262172284644194,58.42696629213483
086F,08,6F,0,325,3,322,142,180,inf,0.9230769230769231,99.07692307692308,43.69230769230769,55.38461538461539
086G,08,6G,0,312,7,305,100,205,inf,2.2435897435897436,97.75641025641025,32.05128205128205,65.7051282051282
086H,08,6H,0,199,1,198,109,89,inf,0.5025125628140703,99.49748743718592,54.773869346733676,44.72361809045226
086I,08,6I,0,275,3,272,96,176,inf,1.090909090909091,98.9090909090909,34.909090909090914,64.0
086J,08,6J,0,542,13,529,242,287,inf,2.3985239852398523,97.60147601476015,44.64944649446495,52.952029520295206
086K,08,6K,0,474,3,471,184,287,inf,0.6329113924050633,99.36708860759494,38.81856540084388,60.54852320675106
086L,08,6L,0,438,7,431,217,214,inf,1.5981735159817352,98.40182648401826,49.54337899543379,48.858447488584474
086M,08,6M,0,621,16,605,193,412,inf,2.576489533011272,97.42351046698873,31.07890499194847,66.34460547504025
086N,08,6N,0,492,5,487,219,268,inf,1.0162601626016259,98.98373983739837,44.51219512195122,54.47154471544715
086P,08,6P,0,554,10,544,242,302,inf,1.8050541516245486,98.19494584837545,43.682310469314075,54.51263537906137
086Q,08,6Q,0,306,4,302,120,182,inf,1.3071895424836601,98.69281045751634,39.21568627450981,59.47712418300654
086R,08,6R,0,379,4,375,142,233,inf,1.0554089709762533,98.94459102902374,37.46701846965699,61.477572559366756
086S,08,6S,0,367,4,363,137,226,inf,1.08991825613079,98.9100817438692,37.32970027247956,61.58038147138964
086T,08,6T,0,276,5,271,97,174,inf,1.8115942028985508,98.18840579710145,35.14492753623188,63.04347826086957
086U,08,6U,0,311,4,307,120,187,inf,1.2861736334405145,98.71382636655949,38.58520900321543,60.12861736334405
086V,08,6V,0,298,4,294,105,189,inf,1.342281879194631,98.65771812080537,35.23489932885906,63.42281879194631
086W,08,6W,0,356,9,347,126,221,inf,2.528089887640449,97.47191011235955,35.39325842696629,62.07865168539326
086X,08,6X,0,454,7,447,164,283,inf,1.5418502202643172,98.45814977973568,36.12334801762114,62.33480176211453
086Y,08,6Y,0,513,9,504,309,195,inf,1.7543859649122806,98.24561403508771,60.23391812865497,38.01169590643275
086Z,08,6Z,0,352,6,346,205,141,inf,1.7045454545454544,98.29545454545455,58.23863636363637,40.05681818181818
09101,09,101,642,305,8,297,249,48,47.50778816199377,2.622950819672131,97.37704918032787,81.63934426229508,15.737704918032788
09102,09,102,786,363,14,349,255,94,46.18320610687023,3.8567493112947657,96.14325068870524,70.24793388429752,25.895316804407713
09103,09,103,867,360,18,342,278,64,41.522491349480966,5.0,95.0,77.22222222222223,17.77777777777778
09104,09,104,723,309,14,295,204,91,42.738589211618255,4.53074433656958,95.46925566343042,66.01941747572816,29.449838187702266
09105,09,105,625,247,8,239,177,62,39.519999999999996,3.2388663967611335,96.76113360323887,71.65991902834008,25.101214574898783
09106,09,106,787,329,8,321,242,79,41.80432020330368,2.43161094224924,97.56838905775076,73.55623100303951,24.012158054711247
09107,09,107,731,275,2,273,221,52,37.61969904240766,0.7272727272727273,99.27272727272727,80.36363636363636,18.90909090909091
09108,09,108,823,346,4,342,269,73,42.04131227217497,1.1560693641618496,98.84393063583815,77.74566473988439,21.09826589595376
09109,09,109,807,358,7,351,267,84,44.36183395291202,1.9553072625698324,98.04469273743017,74.58100558659217,23.463687150837988
09110,09,110,845,289,8,281,176,105,34.201183431952664,2.768166089965398,97.23183391003461,60.89965397923876,36.332179930795846
09111,09,111,634,225,2,223,180,43,35.488958990536275,0.8888888888888888,99.11111111111111,80.0,19.11111111111111
09112,09,112,863,294,12,282,194,88,34.06720741599073,4.081632653061225,95.91836734693877,65.98639455782312,29.931972789115648
09113,09,113,929,355,5,350,238,112,38.213132400430574,1.4084507042253522,98.59154929577466,67.04225352112675,31.549295774647888
09114,09,114,763,270,7,263,190,73,35.38663171690695,2.5925925925925926,97.4074074074074,70.37037037037037,27.037037037037038
09115,09,115,543,186,11,175,114,61,34.25414364640884,5.913978494623656,94.08602150537635,61.29032258064516,32.795698924731184
09116,09,116,806,311,20,291,224,67,38.58560794044665,6.430868167202572,93.56913183279742,72.02572347266882,21.54340836012862
09117,09,117,752,281,13,268,183,85,37.36702127659575,4.6263345195729535,95.37366548042705,65.12455516014235,30.2491103202847
09118,09,118,947,373,4,369,288,81,39.38753959873284,1.0723860589812333,98.92761394101876,77.21179624664879,21.715817694369974
09119,09,119,859,384,13,371,258,113,44.70314318975553,3.3854166666666665,96.61458333333334,67.1875,29.427083333333332
09120,09,120,747,344,13,331,234,97,46.050870147255694,3.77906976744186,96.22093023255815,68.02325581395348,28.197674418604652
09121,09,121,894,349,11,338,255,83,39.038031319910516,3.151862464183381,96.84813753581662,73.06590257879655,23.78223495702006
09122,09,122,808,299,6,293,227,66,37.004950495049506,2.0066889632107023,97.9933110367893,75.91973244147158,22.073578595317723
09123,09,123,959,343,22,321,200,121,35.76642335766424,6.41399416909621,93.58600583090379,58.309037900874635,35.27696793002916
09124,09,124,854,291,11,280,193,87,34.07494145199063,3.7800687285223367,96.21993127147766,66.32302405498281,29.896907216494846
09125,09,125,954,385,17,368,216,152,40.35639412997904,4.415584415584416,95.58441558441558,56.1038961038961,39.48051948051948
09126,09,126,908,435,11,424,302,122,47.907488986784145,2.528735632183908,97.47126436781609,69.42528735632185,28.045977011494255
09127,09,127,994,354,16,338,238,100,35.61368209255533,4.519774011299435,95.48022598870057,67.2316384180791,28.24858757062147
09128,09,128,939,421,37,384,245,139,44.83493077742279,8.788598574821853,91.21140142517815,58.19477434679335,33.0166270783848
09129,09,129,858,290,15,275,168,107,33.7995337995338,5.172413793103448,94.82758620689656,57.931034482758626,36.896551724137936
09130,09,130,961,371,9,362,230,132,38.60561914672216,2.4258760107816713,97.57412398921834,61.99460916442049,35.57951482479784
09131,09,131,1027,375,12,363,250,113,36.5141187925998,3.2,96.8,66.66666666666666,30.133333333333333
09132,09,132,860,295,10,285,131,154,34.30232558139535,3.389830508474576,96.61016949152543,44.40677966101695,52.20338983050847
09133,09,133,993,336,11,325,134,191,33.8368580060423,3.273809523809524,96.72619047619048,39.88095238095239,56.845238095238095
09134,09,134,760,301,9,292,201,91,39.60526315789474,2.990033222591362,97.00996677740864,66.77740863787376,30.23255813953488
09135,09,135,772,286,9,277,184,93,37.04663212435233,3.146853146853147,96.85314685314685,64.33566433566433,32.51748251748251
09136,09,136,842,367,6,361,253,108,43.58669833729216,1.6348773841961852,98.36512261580381,68.93732970027247,29.427792915531338
09137,09,137,800,305,6,299,202,97,38.125,1.9672131147540985,98.0327868852459,66.22950819672131,31.80327868852459
09138,09,138,670,285,3,282,226,56,42.53731343283582,1.0526315789473684,98.94736842105263,79.2982456140351,19.649122807017545
09139,09,139,996,437,10,427,278,149,43.87550200803213,2.2883295194508007,97.7116704805492,63.61556064073226,34.09610983981693
09140,09,140,864,332,9,323,222,101,38.425925925925924,2.710843373493976,97.28915662650603,66.86746987951807,30.42168674698795
09141,09,141,622,253,6,247,138,109,40.67524115755627,2.371541501976284,97.62845849802372,54.54545454545454,43.08300395256917
09142,09,142,871,333,5,328,239,89,38.23191733639495,1.5015015015015014,98.49849849849849,71.77177177177178,26.726726726726728
09143,09,143,1015,418,13,405,295,110,41.18226600985221,3.110047846889952,96.88995215311004,70.57416267942584,26.31578947368421
09201,09,201,943,353,14,339,202,137,37.433722163308595,3.9660056657223794,96.03399433427762,57.22379603399433,38.81019830028329
09202,09,202,899,288,15,273,169,104,32.03559510567297,5.208333333333334,94.79166666666666,58.68055555555556,36.11111111111111
09203,09,203,804,278,16,262,168,94,34.57711442786069,5.755395683453238,94.24460431654677,60.431654676258994,33.81294964028777
09204,09,204,844,375,21,354,199,155,44.43127962085308,5.6000000000000005,94.39999999999999,53.06666666666666,41.333333333333336
09205,09,205,905,403,13,390,213,177,44.53038674033149,3.225806451612903,96.7741935483871,52.853598014888334,43.920595533498755
09206,09,206,830,348,16,332,199,133,41.9277108433735,4.597701149425287,95.40229885057471,57.18390804597702,38.2183908045977
09207,09,207,922,408,20,388,265,123,44.251626898047725,4.901960784313726,95.09803921568627,64.95098039215686,30.14705882352941
09208,09,208,823,374,24,350,220,130,45.443499392466585,6.417112299465241,93.58288770053476,58.82352941176471,34.75935828877005
09209,09,209,836,343,10,333,226,107,41.02870813397129,2.9154518950437316,97.08454810495627,65.88921282798835,31.195335276967928
09210,09,210,719,310,11,299,153,146,43.11543810848401,3.5483870967741935,96.45161290322581,49.354838709677416,47.096774193548384
09211,09,211,976,429,7,422,184,238,43.954918032786885,1.6317016317016315,98.36829836829837,42.89044289044289,55.47785547785548
09212,09,212,983,365,12,353,154,199,37.13123092573754,3.287671232876712,96.7123287671233,42.19178082191781,54.52054794520548
09213,09,213,998,389,20,369,237,132,38.97795591182365,5.141388174807198,94.85861182519281,60.9254498714653,33.933161953727506
09214,09,214,712,227,4,223,140,83,31.88202247191011,1.762114537444934,98.23788546255507,61.67400881057269,36.56387665198238
09215,09,215,729,367,11,356,216,140,50.34293552812071,2.997275204359673,97.00272479564033,58.855585831062676,38.14713896457766
09216,09,216,847,397,8,389,248,141,46.871310507674146,2.0151133501259446,97.98488664987406,62.468513853904284,35.51637279596977
09217,09,217,942,381,11,370,234,136,40.445859872611464,2.8871391076115485,97.11286089238845,61.417322834645674,35.69553805774278
09218,09,218,1059,373,9,364,249,115,35.2219074598678,2.4128686327077746,97.58713136729223,66.75603217158177,30.831099195710454
09219,09,219,632,228,5,223,173,50,36.075949367088604,2.1929824561403506,97.80701754385966,75.87719298245614,21.929824561403507
09220,09,220,880,364,6,358,276,82,41.36363636363637,1.6483516483516485,98.35164835164835,75.82417582417582,22.52747252747253
09221,09,221,664,260,4,256,169,87,39.1566265060241,1.5384615384615385,98.46153846153847,65.0,33.46153846153846
09222,09,222,614,253,3,250,185,65,41.20521172638437,1.185770750988142,98.81422924901186,73.12252964426878,25.691699604743086
09223,09,223,824,364,13,351,230,121,44.1747572815534,3.571428571428571,96.42857142857143,63.18681318681318,33.24175824175824
09224,09,224,926,437,22,415,286,129,47.19222462203024,5.034324942791762,94.96567505720824,65.44622425629291,29.51945080091533
09225,09,225,787,340,11,329,261,68,43.20203303684879,3.2352941176470593,96.76470588235294,76.76470588235294,20.0
09226,09,226,854,388,9,379,246,133,45.433255269320846,2.3195876288659796,97.68041237113401,63.4020618556701,34.27835051546392
09227,09,227,887,354,9,345,254,91,39.9098083427283,2.5423728813559325,97.45762711864407,71.75141242937853,25.70621468926554
09228,09,228,809,356,13,343,253,90,44.00494437577256,3.651685393258427,96.34831460674157,71.06741573033707,25.280898876404496
09229,09,229,846,328,9,319,238,81,38.77068557919622,2.7439024390243905,97.2560975609756,72.5609756097561,24.695121951219512
09230,09,230,841,392,3,389,278,111,46.611177170035674,0.7653061224489796,99.23469387755102,70.91836734693877,28.316326530612244
09231,09,231,782,346,17,329,200,129,44.24552429667519,4.913294797687861,95.08670520231213,57.80346820809249,37.283236994219656
09232,09,232,964,453,27,426,284,142,46.99170124481328,5.960264900662252,94.03973509933775,62.69315673289183,31.346578366445915
09233,09,233,977,375,5,370,261,109,38.3828045035824,1.3333333333333335,98.66666666666667,69.6,29.06666666666667
09234,09,234,1029,373,19,354,216,138,36.248785228377066,5.093833780160858,94.90616621983914,57.9088471849866,36.99731903485255
09235,09,235,925,401,13,388,248,140,43.351351351351354,3.2418952618453867,96.75810473815461,61.84538653366584,34.91271820448878
09236,09,236,876,383,11,372,271,101,43.72146118721461,2.8720626631853787,97.12793733681463,70.75718015665797,26.370757180156655
09237,09,237,872,375,9,366,230,136,43.0045871559633,2.4,97.6,61.33333333333333,36.266666666666666
09238,09,238,952,362,15,347,206,141,38.02521008403361,4.143646408839778,95.85635359116023,56.9060773480663,38.950276243093924
09239,09,239,906,337,9,328,182,146,37.19646799116998,2.6706231454005933,97.3293768545994,54.00593471810089,43.32344213649852
09240,09,240,824,270,10,260,190,70,32.76699029126214,3.7037037037037033,96.29629629629629,70.37037037037037,25.925925925925924
09241,09,241,1032,352,5,347,214,133,34.10852713178294,1.4204545454545454,98.57954545454545,60.79545454545454,37.784090909090914
09301,09,301,1018,459,15,444,193,251,45.088408644400786,3.2679738562091507,96.73202614379085,42.0479302832244,54.68409586056645
09302,09,302,846,379,4,375,252,123,44.79905437352246,1.0554089709762533,98.94459102902374,66.49076517150397,32.45382585751979
09303,09,303,1118,460,12,448,275,173,41.14490161001789,2.608695652173913,97.3913043478261,59.78260869565217,37.608695652173914
09304,09,304,900,372,14,358,234,124,41.333333333333336,3.763440860215054,96.23655913978494,62.903225806451616,33.33333333333333
09305,09,305,804,353,15,338,209,129,43.90547263681592,4.2492917847025495,95.75070821529745,59.20679886685553,36.54390934844193
09306,09,306,890,370,12,358,197,161,41.57303370786517,3.2432432432432434,96.75675675675676,53.24324324324324,43.513513513513516
09307,09,307,762,328,10,318,231,87,43.044619422572175,3.048780487804878,96.95121951219512,70.42682926829268,26.52439024390244
09308,09,308,895,374,17,357,229,128,41.787709497206706,4.545454545454546,95.45454545454545,61.229946524064175,34.22459893048128
09309,09,309,930,424,7,417,276,141,45.59139784946237,1.650943396226415,98.34905660377359,65.09433962264151,33.25471698113208
09310,09,310,945,435,30,405,260,145,46.03174603174603,6.896551724137931,93.10344827586206,59.77011494252874,33.33333333333333
09311,09,311,914,416,16,400,249,151,45.51422319474836,3.8461538461538463,96.15384615384616,59.855769230769226,36.29807692307692
09312,09,312,873,348,15,333,202,131,39.86254295532646,4.310344827586207,95.6896551724138,58.04597701149425,37.64367816091954
09313,09,313,793,289,16,273,168,105,36.44388398486759,5.536332179930796,94.4636678200692,58.13148788927336,36.332179930795846
09314,09,314,709,265,9,256,171,85,37.37658674188998,3.3962264150943398,96.60377358490567,64.52830188679245,32.075471698113205
09315,09,315,747,258,8,250,132,118,34.53815261044177,3.10077519379845,96.89922480620154,51.162790697674424,45.73643410852713
09316,09,316,876,357,6,351,187,164,40.75342465753425,1.680672268907563,98.31932773109243,52.38095238095239,45.938375350140056
09317,09,317,892,333,10,323,171,152,37.33183856502242,3.003003003003003,96.996996996997,51.35135135135135,45.645645645645644
09318,09,318,783,334,10,324,153,171,42.65644955300127,2.9940119760479043,97.0059880239521,45.808383233532936,51.19760479041916
09319,09,319,922,421,12,409,206,203,45.66160520607375,2.8503562945368173,97.14964370546319,48.9311163895487,48.218527315914486
09320,09,320,925,428,10,418,230,188,46.27027027027027,2.336448598130841,97.66355140186917,53.73831775700935,43.925233644859816
09321,09,321,753,284,9,275,133,142,37.71580345285525,3.169014084507042,96.83098591549296,46.83098591549296,50.0
09322,09,322,917,392,11,381,198,183,42.74809160305343,2.806122448979592,97.1938775510204,50.51020408163265,46.683673469387756
09323,09,323,841,379,6,373,175,198,45.0653983353151,1.58311345646438,98.41688654353563,46.17414248021108,52.242744063324544
09324,09,324,868,392,20,372,167,205,45.16129032258064,5.1020408163265305,94.89795918367348,42.60204081632653,52.295918367346935
09325,09,325,832,367,10,357,160,197,44.11057692307692,2.7247956403269753,97.27520435967303,43.596730245231605,53.67847411444142
09326,09,326,985,439,17,422,197,225,44.568527918781726,3.8724373576309796,96.12756264236903,44.874715261959,51.252847380410024
09327,09,327,893,501,7,494,311,183,56.10302351623741,1.3972055888223553,98.60279441117764,62.07584830339321,36.52694610778443
09328,09,328,811,351,14,337,161,176,43.27990135635019,3.9886039886039883,96.01139601139602,45.86894586894587,50.142450142450144
09329,09,329,744,281,6,275,168,107,37.76881720430107,2.135231316725979,97.86476868327402,59.7864768683274,38.07829181494662
09330,09,330,772,308,7,301,198,103,39.89637305699482,2.272727272727273,97.72727272727273,64.28571428571429,33.44155844155844
09331,09,331,813,367,9,358,243,115,45.141451414514144,2.452316076294278,97.54768392370572,66.21253405994551,31.33514986376022
09332,09,332,878,254,13,241,156,85,28.929384965831435,5.118110236220472,94.88188976377953,61.417322834645674,33.46456692913386
09333,09,333,809,372,13,359,194,165,45.982694684796044,3.494623655913978,96.50537634408603,52.1505376344086,44.354838709677416
09334,09,334,785,334,4,330,192,138,42.547770700636946,1.1976047904191618,98.80239520958084,57.48502994011976,41.31736526946108
09335,09,335,852,374,17,357,159,198,43.89671361502347,4.545454545454546,95.45454545454545,42.513368983957214,52.94117647058824
09336,09,336,1069,460,14,446,227,219,43.03086997193639,3.0434782608695654,96.95652173913044,49.34782608695652,47.608695652173914
09337,09,337,894,384,15,369,164,205,42.95302013422819,3.90625,96.09375,42.70833333333333,53.385416666666664
09338,09,338,760,336,13,323,206,117,44.21052631578947,3.869047619047619,96.13095238095238,61.30952380952381,34.82142857142857
09339,09,339,832,297,17,280,219,61,35.69711538461539,5.723905723905724,94.27609427609428,73.73737373737373,20.53872053872054
09340,09,340,827,311,10,301,218,83,37.60580411124547,3.215434083601286,96.78456591639872,70.09646302250803,26.688102893890676
09341,09,341,908,383,13,370,201,169,42.180616740088105,3.3942558746736298,96.60574412532638,52.48041775456919,44.12532637075718
09401,09,401,1066,447,23,424,224,200,41.93245778611632,5.1454138702460845,94.85458612975391,50.11185682326622,44.742729306487696
09402,09,402,1056,455,14,441,225,216,43.08712121212121,3.076923076923077,96.92307692307692,49.45054945054945,47.47252747252747
09403,09,403,1031,406,13,393,188,205,39.37924345295829,3.201970443349754,96.79802955665025,46.30541871921182,50.49261083743842
09404,09,404,847,311,17,294,153,141,36.717827626918535,5.466237942122187,94.53376205787781,49.19614147909968,45.337620578778136
09405,09,405,815,361,12,349,172,177,44.29447852760736,3.32409972299169,96.67590027700831,47.64542936288089,49.03047091412742
09406,09,406,796,336,14,322,151,171,42.211055276381906,4.166666666666666,95.83333333333334,44.94047619047619,50.89285714285714
09407,09,407,893,451,19,432,212,220,50.50391937290034,4.212860310421286,95.78713968957871,47.006651884700666,48.78048780487805
09408,09,408,887,426,15,411,183,228,48.02705749718152,3.5211267605633805,96.47887323943662,42.95774647887324,53.52112676056338
09409,09,409,814,389,21,368,172,196,47.78869778869779,5.3984575835475574,94.60154241645245,44.2159383033419,50.38560411311054
09410,09,410,705,343,7,336,168,168,48.652482269503544,2.0408163265306123,97.95918367346938,48.97959183673469,48.97959183673469
09411,09,411,401,218,14,204,73,131,54.3640897755611,6.422018348623854,93.57798165137615,33.48623853211009,60.09174311926605
09412,09,412,882,455,24,431,216,215,51.587301587301596,5.274725274725275,94.72527472527472,47.47252747252747,47.25274725274725
09413,09,413,771,409,9,400,194,206,53.047989623865114,2.2004889975550124,97.79951100244499,47.43276283618582,50.36674816625917
09414,09,414,760,313,8,305,152,153,41.18421052631579,2.5559105431309903,97.44408945686901,48.56230031948881,48.881789137380196
09415,09,415,790,309,9,300,162,138,39.11392405063291,2.912621359223301,97.0873786407767,52.42718446601942,44.66019417475729
09416,09,416,907,400,6,394,221,173,44.10143329658214,1.5,98.5,55.25,43.25
09417,09,417,1089,416,19,397,224,173,38.20018365472911,4.567307692307692,95.4326923076923,53.84615384615385,41.58653846153847
09418,09,418,1332,542,16,526,277,249,40.69069069069069,2.952029520295203,97.04797047970479,51.107011070110694,45.94095940959409
09419,09,419,840,364,14,350,180,170,43.333333333333336,3.8461538461538463,96.15384615384616,49.45054945054945,46.7032967032967
09420,09,420,799,349,10,339,247,92,43.67959949937422,2.865329512893983,97.134670487106,70.77363896848138,26.36103151862464
09421,09,421,763,296,9,287,165,122,38.79423328964614,3.040540540540541,96.95945945945947,55.74324324324324,41.21621621621622
09422,09,422,814,331,10,321,219,102,40.663390663390665,3.0211480362537766,96.97885196374622,66.16314199395771,30.815709969788518
09423,09,423,882,400,13,387,262,125,45.3514739229025,3.25,96.75,65.5,31.25
09424,09,424,891,316,10,306,191,115,35.46576879910213,3.1645569620253164,96.83544303797468,60.44303797468354,36.392405063291136
09425,09,425,938,389,17,372,205,167,41.47121535181237,4.370179948586118,95.62982005141389,52.69922879177378,42.9305912596401
09426,09,426,928,394,7,387,263,124,42.456896551724135,1.7766497461928936,98.22335025380711,66.75126903553299,31.472081218274113
09427,09,427,779,330,7,323,231,92,42.3620025673941,2.1212121212121215,97.87878787878788,70.0,27.878787878787882
09428,09,428,926,377,7,370,238,132,40.71274298056156,1.8567639257294428,98.14323607427056,63.12997347480106,35.0132625994695
09429,09,429,986,372,12,360,211,149,37.72819472616633,3.225806451612903,96.7741935483871,56.72043010752689,40.053763440860216
09430,09,430,881,283,12,271,166,105,32.122587968217935,4.240282685512367,95.75971731448763,58.657243816254415,37.102473498233216
09431,09,431,1007,450,20,430,273,157,44.68718967229394,4.444444444444445,95.55555555555556,60.66666666666667,34.88888888888889
09432,09,432,882,369,7,362,217,145,41.83673469387755,1.8970189701897018,98.1029810298103,58.80758807588076,39.295392953929536
09433,09,433,937,375,10,365,218,147,40.0213447171825,2.666666666666667,97.33333333333334,58.13333333333334,39.2
09434,09,434,1065,340,13,327,191,136,31.92488262910798,3.823529411764706,96.17647058823529,56.1764705882353,40.0
09435,09,435,912,324,7,317,184,133,35.526315789473685,2.1604938271604937,97.8395061728395,56.79012345679012,41.04938271604938
09436,09,436,962,412,17,395,237,158,42.82744282744283,4.12621359223301,95.87378640776699,57.52427184466019,38.349514563106794
09437,09,437,907,421,10,411,281,130,46.4167585446527,2.375296912114014,97.62470308788599,66.7458432304038,30.878859857482183
09438,09,438,991,409,18,391,176,215,41.27144298688194,4.400977995110025,95.59902200488997,43.03178484107579,52.567237163814184
09439,09,439,984,433,8,425,234,191,44.00406504065041,1.8475750577367205,98.15242494226328,54.04157043879908,44.1108545034642
09440,09,440,857,333,7,326,243,83,38.85647607934656,2.1021021021021022,97.8978978978979,72.97297297297297,24.924924924924923
09501,09,501,886,435,19,416,272,144,49.09706546275395,4.3678160919540225,95.63218390804597,62.52873563218391,33.10344827586207
09502,09,502,877,370,8,362,239,123,42.18928164196123,2.1621621621621623,97.83783783783784,64.5945945945946,33.24324324324324
09503,09,503,900,348,11,337,230,107,38.666666666666664,3.1609195402298855,96.83908045977012,66.0919540229885,30.747126436781606
09504,09,504,912,336,24,312,190,122,36.84210526315789,7.142857142857142,92.85714285714286,56.547619047619044,36.30952380952381
09505,09,505,945,335,18,317,209,108,35.44973544973545,5.3731343283582085,94.6268656716418,62.38805970149254,32.23880597014925
09506,09,506,908,333,14,319,198,121,36.67400881057269,4.2042042042042045,95.7957957957958,59.45945945945946,36.33633633633634
09507,09,507,766,330,12,318,203,115,43.08093994778068,3.6363636363636362,96.36363636363636,61.51515151515151,34.84848484848485
09508,09,508,822,389,22,367,229,138,47.323600973236005,5.655526992287918,94.34447300771208,58.86889460154242,35.47557840616967
09509,09,509,1038,468,20,448,327,121,45.08670520231214,4.273504273504273,95.72649572649573,69.87179487179486,25.85470085470086
09510,09,510,869,345,11,334,213,121,39.70080552359033,3.1884057971014492,96.81159420289856,61.73913043478261,35.07246376811594
09511,09,511,907,353,8,345,223,122,38.919514884233735,2.26628895184136,97.73371104815864,63.172804532577906,34.56090651558073
09512,09,512,864,347,12,335,239,96,40.16203703703704,3.45821325648415,96.54178674351584,68.87608069164266,27.6657060518732
09513,09,513,820,297,7,290,171,119,36.21951219512195,2.356902356902357,97.64309764309765,57.57575757575758,40.06734006734007
09514,09,514,778,282,8,274,161,113,36.246786632390744,2.8368794326241136,97.16312056737588,57.09219858156028,40.0709219858156
09515,09,515,862,356,12,344,200,144,41.29930394431555,3.3707865168539324,96.62921348314607,56.17977528089888,40.44943820224719
09516,09,516,956,434,17,417,220,197,45.39748953974895,3.9170506912442393,96.08294930875576,50.69124423963134,45.39170506912442
09517,09,517,907,349,18,331,188,143,38.47850055126791,5.157593123209169,94.84240687679083,53.86819484240688,40.97421203438395
09518,09,518,957,369,11,358,152,206,38.557993730407524,2.9810298102981028,97.01897018970189,41.19241192411924,55.82655826558266
09519,09,519,953,398,19,379,173,206,41.76285414480588,4.773869346733668,95.22613065326632,43.46733668341709,51.75879396984925
09520,09,520,1120,375,20,355,227,128,33.482142857142854,5.333333333333334,94.66666666666667,60.53333333333333,34.13333333333333
09521,09,521,890,332,24,308,200,108,37.30337078651685,7.228915662650602,92.7710843373494,60.24096385542169,32.53012048192771
09522,09,522,925,351,19,332,175,157,37.945945945945944,5.413105413105413,94.58689458689459,49.85754985754986,44.729344729344724
09523,09,523,980,371,18,353,223,130,37.857142857142854,4.8517520215633425,95.14824797843666,60.1078167115903,35.04043126684636
09524,09,524,770,314,12,302,151,151,40.77922077922078,3.821656050955414,96.17834394904459,48.089171974522294,48.089171974522294
09525,09,525,954,386,7,379,186,193,40.461215932914044,1.8134715025906734,98.18652849740933,48.18652849740933,50.0
09526,09,526,879,363,18,345,190,155,41.29692832764505,4.958677685950414,95.0413223140496,52.34159779614325,42.69972451790633
09527,09,527,897,356,31,325,165,160,39.68784838350056,8.707865168539326,91.29213483146067,46.348314606741575,44.9438202247191
09528,09,528,922,447,11,436,214,222,48.48156182212581,2.460850111856823,97.53914988814317,47.87472035794183,49.664429530201346
09529,09,529,946,413,26,387,168,219,43.65750528541226,6.2953995157385,93.7046004842615,40.67796610169492,53.026634382566584
09530,09,530,907,381,15,366,146,220,42.00661521499448,3.937007874015748,96.06299212598425,38.320209973753286,57.74278215223097
09531,09,531,1046,469,19,450,187,263,44.83747609942639,4.051172707889126,95.94882729211088,39.872068230277186,56.07675906183369
09532,09,532,838,360,12,348,227,121,42.959427207637226,3.3333333333333335,96.66666666666667,63.05555555555556,33.611111111111114
09533,09,533,813,325,11,314,210,104,39.97539975399754,3.3846153846153846,96.61538461538461,64.61538461538461,32.0
09601,09,601,841,370,10,360,162,198,43.99524375743163,2.7027027027027026,97.2972972972973,43.78378378378379,53.51351351351351
09602,09,602,843,369,9,360,192,168,43.77224199288256,2.4390243902439024,97.5609756097561,52.03252032520326,45.52845528455284
09603,09,603,933,408,12,396,188,208,43.729903536977496,2.941176470588235,97.05882352941177,46.07843137254902,50.98039215686274
09604,09,604,777,366,24,342,199,143,47.10424710424711,6.557377049180328,93.44262295081968,54.37158469945356,39.07103825136612
09605,09,605,913,421,21,400,250,150,46.11171960569551,4.98812351543943,95.01187648456056,59.38242280285036,35.62945368171022
09606,09,606,1003,377,14,363,206,157,37.587238285144565,3.7135278514588856,96.28647214854111,54.64190981432361,41.644562334217504
09607,09,607,788,320,16,304,157,147,40.609137055837564,5.0,95.0,49.0625,45.9375
09608,09,608,1032,405,19,386,180,206,39.24418604651162,4.691358024691358,95.30864197530863,44.44444444444444,50.864197530864196
09609,09,609,847,305,9,296,151,145,36.00944510035419,2.9508196721311477,97.04918032786885,49.50819672131148,47.540983606557376
09610,09,610,945,355,14,341,196,145,37.56613756613756,3.943661971830986,96.05633802816902,55.21126760563381,40.845070422535215
09611,09,611,1056,523,27,496,292,204,49.52651515151515,5.162523900573614,94.83747609942638,55.831739961759084,39.0057361376673
09612,09,612,851,402,7,395,206,189,47.23854289071681,1.7412935323383085,98.2587064676617,51.243781094527364,47.01492537313433
09613,09,613,967,458,18,440,286,154,47.36297828335057,3.9301310043668125,96.06986899563319,62.44541484716157,33.624454148471614
09614,09,614,1056,415,21,394,257,137,39.29924242424242,5.0602409638554215,94.93975903614458,61.9277108433735,33.01204819277108
09615,09,615,861,402,21,381,283,98,46.68989547038328,5.223880597014925,94.77611940298507,70.39800995024875,24.378109452736318
09616,09,616,883,378,18,360,205,155,42.80860702151755,4.761904761904762,95.23809523809523,54.232804232804234,41.00529100529101
09617,09,617,1006,365,30,335,191,144,36.28230616302187,8.21917808219178,91.78082191780823,52.32876712328767,39.45205479452055
09618,09,618,988,427,18,409,252,157,43.21862348178138,4.215456674473068,95.78454332552693,59.01639344262295,36.768149882903984
09619,09,619,892,340,21,319,213,106,38.11659192825112,6.176470588235294,93.82352941176471,62.64705882352941,31.176470588235293
09620,09,620,1045,430,13,417,246,171,41.14832535885167,3.0232558139534884,96.97674418604652,57.20930232558139,39.76744186046511
09621,09,621,892,330,12,318,224,94,36.99551569506727,3.6363636363636362,96.36363636363636,67.87878787878789,28.484848484848484
09622,09,622,941,439,12,427,271,156,46.65249734325186,2.733485193621868,97.26651480637814,61.731207289293856,35.53530751708428
09623,09,623,985,423,17,406,254,152,42.944162436548226,4.0189125295508275,95.98108747044918,60.047281323877066,35.9338061465721
09624,09,624,1001,419,14,405,287,118,41.858141858141856,3.341288782816229,96.65871121718376,68.4964200477327,28.162291169451077
09625,09,625,863,371,5,366,241,125,42.98957126303592,1.3477088948787064,98.6522911051213,64.95956873315365,33.692722371967655
09626,09,626,936,429,7,422,275,147,45.83333333333333,1.6317016317016315,98.36829836829837,64.1025641025641,34.26573426573427
09627,09,627,986,298,7,291,161,130,30.223123732251523,2.348993288590604,97.6510067114094,54.0268456375839,43.624161073825505
09628,09,628,819,331,13,318,160,158,40.415140415140414,3.927492447129909,96.07250755287009,48.338368580060425,47.73413897280967
09629,09,629,1032,435,24,411,205,206,42.151162790697676,5.517241379310345,94.48275862068965,47.12643678160919,47.356321839080465
09630,09,630,924,373,8,365,163,202,40.36796536796537,2.1447721179624666,97.85522788203752,43.69973190348526,54.15549597855228
09631,09,631,814,360,11,349,151,198,44.22604422604422,3.0555555555555554,96.94444444444444,41.94444444444444,55.00000000000001
09632,09,632,875,379,20,359,165,194,43.31428571428572,5.277044854881266,94.72295514511873,43.53562005277045,51.187335092348285
09633,09,633,969,409,16,393,201,192,42.208462332301345,3.9119804400977993,96.08801955990221,49.1442542787286,46.9437652811736
09634,09,634,983,378,17,361,173,188,38.45371312309258,4.497354497354497,95.5026455026455,45.767195767195766,49.735449735449734
09635,09,635,1288,591,28,563,259,304,45.88509316770186,4.737732656514383,95.26226734348562,43.824027072758035,51.438240270727576
09636,09,636,967,433,25,408,170,238,44.777662874870735,5.773672055427252,94.22632794457274,39.260969976905315,54.96535796766744
091A,09,1A,0,857,5,852,645,207,inf,0.5834305717619603,99.41656942823805,75.26254375729287,24.154025670945156
091B,09,1B,0,494,3,491,361,130,inf,0.6072874493927125,99.39271255060729,73.07692307692307,26.31578947368421
091C,09,1C,0,668,3,665,465,200,inf,0.4491017964071856,99.55089820359282,69.61077844311377,29.94011976047904
091D,09,1D,0,578,5,573,447,126,inf,0.8650519031141869,99.13494809688581,77.33564013840831,21.79930795847751
091E,09,1E,0,553,2,551,427,124,inf,0.3616636528028933,99.63833634719711,77.21518987341773,22.423146473779383
091F,09,1F,0,922,7,915,648,267,inf,0.7592190889370932,99.24078091106291,70.28199566160521,28.9587852494577
091G,09,1G,0,482,4,478,333,145,inf,0.8298755186721992,99.1701244813278,69.08713692946058,30.08298755186722
091H,09,1H,0,471,6,465,329,136,inf,1.2738853503184715,98.72611464968153,69.85138004246284,28.874734607218684
091I,09,1I,0,460,8,452,318,134,inf,1.7391304347826086,98.26086956521739,69.1304347826087,29.130434782608695
091J,09,1J,0,523,13,510,366,144,inf,2.48565965583174,97.51434034416826,69.98087954110899,27.533460803059274
091K,09,1K,0,565,11,554,380,174,inf,1.9469026548672566,98.05309734513274,67.2566371681416,30.796460176991154
091L,09,1L,0,478,10,468,321,147,inf,2.092050209205021,97.90794979079497,67.15481171548117,30.753138075313807
091M,09,1M,0,542,5,537,370,167,inf,0.9225092250922509,99.07749077490774,68.26568265682657,30.81180811808118
091N,09,1N,0,696,8,688,470,218,inf,1.1494252873563218,98.85057471264368,67.52873563218391,31.321839080459768
091P,09,1P,0,496,11,485,327,158,inf,2.217741935483871,97.78225806451613,65.92741935483872,31.85483870967742
091Q,09,1Q,0,748,18,730,500,230,inf,2.406417112299465,97.59358288770053,66.84491978609626,30.74866310160428
091R,09,1R,0,815,4,811,390,421,inf,0.49079754601227,99.50920245398774,47.85276073619632,51.65644171779141
091S,09,1S,0,681,6,675,523,152,inf,0.881057268722467,99.11894273127754,76.79882525697504,22.3201174743025
091T,09,1T,0,365,6,359,240,119,inf,1.643835616438356,98.35616438356163,65.75342465753424,32.602739726027394
091U,09,1U,0,657,10,647,428,219,inf,1.5220700152207,98.4779299847793,65.14459665144597,33.33333333333333
091V,09,1V,0,514,4,510,365,145,inf,0.7782101167315175,99.22178988326849,71.01167315175097,28.21011673151751
092A,09,2A,0,705,5,700,454,246,inf,0.7092198581560284,99.29078014184397,64.39716312056738,34.8936170212766
092B,09,2B,0,525,8,517,322,195,inf,1.5238095238095237,98.47619047619047,61.33333333333333,37.142857142857146
092C,09,2C,0,592,5,587,299,288,inf,0.8445945945945946,99.1554054054054,50.50675675675676,48.64864864864865
092D,09,2D,0,441,3,438,313,125,inf,0.6802721088435374,99.31972789115646,70.97505668934241,28.34467120181406
092E,09,2E,0,683,7,676,436,240,inf,1.0248901903367496,98.97510980966325,63.83601756954612,35.13909224011713
092F,09,2F,0,522,5,517,322,195,inf,0.9578544061302682,99.04214559386973,61.68582375478927,37.35632183908046
092G,09,2G,0,511,9,502,333,169,inf,1.761252446183953,98.23874755381604,65.16634050880626,33.07240704500978
092H,09,2H,0,642,10,632,336,296,inf,1.557632398753894,98.4423676012461,52.336448598130836,46.10591900311526
092I,09,2I,0,534,6,528,357,171,inf,1.1235955056179776,98.87640449438202,66.85393258426966,32.02247191011236
092J,09,2J,0,651,10,641,454,187,inf,1.5360983102918586,98.46390168970814,69.73886328725038,28.72503840245776
092K,09,2K,0,529,13,516,307,209,inf,2.4574669187145557,97.54253308128544,58.034026465028354,39.50850661625709
092L,09,2L,0,680,14,666,427,239,inf,2.0588235294117645,97.94117647058823,62.794117647058826,35.147058823529406
092M,09,2M,0,403,8,395,281,114,inf,1.9851116625310175,98.01488833746899,69.72704714640199,28.287841191067
092N,09,2N,0,625,11,614,422,192,inf,1.76,98.24000000000001,67.52,30.72
092P,09,2P,0,522,8,514,376,138,inf,1.532567049808429,98.46743295019157,72.03065134099617,26.436781609195403
092Q,09,2Q,0,454,6,448,314,134,inf,1.3215859030837005,98.6784140969163,69.16299559471366,29.515418502202646
092R,09,2R,0,460,3,457,353,104,inf,0.6521739130434783,99.34782608695653,76.73913043478261,22.608695652173914
092S,09,2S,0,414,6,408,291,117,inf,1.4492753623188406,98.55072463768117,70.28985507246377,28.26086956521739
092T,09,2T,0,511,4,507,363,144,inf,0.7827788649706457,99.21722113502935,71.0371819960861,28.180039138943247
092U,09,2U,0,451,8,443,316,127,inf,1.7738359201773837,98.22616407982262,70.06651884700665,28.159645232815965
092V,09,2V,0,442,8,434,316,118,inf,1.809954751131222,98.19004524886877,71.49321266968326,26.69683257918552
093A,09,3A,0,653,14,639,352,287,inf,2.1439509954058193,97.85604900459418,53.905053598774884,43.95099540581929
093B,09,3B,0,579,5,574,376,198,inf,0.8635578583765112,99.13644214162349,64.93955094991365,34.196891191709845
093C,09,3C,0,549,11,538,349,189,inf,2.0036429872495445,97.99635701275045,63.57012750455373,34.42622950819672
093D,09,3D,0,607,6,601,352,249,inf,0.9884678747940692,99.01153212520593,57.990115321252055,41.02141680395387
093E,09,3E,0,441,10,431,287,144,inf,2.2675736961451247,97.73242630385488,65.07936507936508,32.6530612244898
093F,09,3F,0,607,7,600,381,219,inf,1.1532125205930808,98.84678747940691,62.7677100494234,36.07907742998353
093G,09,3G,0,500,9,491,345,146,inf,1.7999999999999998,98.2,69.0,29.2
093H,09,3H,0,702,5,697,339,358,inf,0.7122507122507122,99.28774928774928,48.29059829059829,50.997150997150996
093I,09,3I,0,582,8,574,252,322,inf,1.3745704467353952,98.62542955326461,43.29896907216495,55.32646048109966
093J,09,3J,0,587,4,583,290,293,inf,0.6814310051107325,99.31856899488926,49.40374787052811,49.91482112436116
093K,09,3K,0,624,7,617,349,268,inf,1.1217948717948718,98.87820512820514,55.92948717948718,42.94871794871795
093L,09,3L,0,592,5,587,315,272,inf,0.8445945945945946,99.1554054054054,53.20945945945946,45.94594594594595
093M,09,3M,0,703,11,692,345,347,inf,1.5647226173541962,98.43527738264581,49.075391180654336,49.359886201991465
093N,09,3N,0,571,4,567,325,242,inf,0.7005253940455342,99.29947460595446,56.91768826619965,42.38178633975482
093P,09,3P,0,422,4,418,272,146,inf,0.9478672985781991,99.0521327014218,64.45497630331754,34.59715639810427
093Q,09,3Q,0,362,12,350,233,117,inf,3.314917127071823,96.68508287292818,64.3646408839779,32.32044198895028
093R,09,3R,0,525,9,516,274,242,inf,1.7142857142857144,98.28571428571429,52.19047619047619,46.095238095238095
093S,09,3S,0,576,38,538,303,235,inf,6.597222222222222,93.40277777777779,52.604166666666664,40.79861111111111
093T,09,3T,0,333,7,326,140,186,inf,2.1021021021021022,97.8978978978979,42.04204204204204,55.85585585585585
093U,09,3U,0,218,2,216,162,54,inf,0.9174311926605505,99.08256880733946,74.31192660550458,24.770642201834864
093V,09,3V,0,344,4,340,207,133,inf,1.1627906976744187,98.83720930232558,60.17441860465116,38.662790697674424
094A,09,4A,0,608,12,596,318,278,inf,1.9736842105263157,98.02631578947368,52.30263157894737,45.723684210526315
094B,09,4B,0,691,8,683,343,340,inf,1.1577424023154848,98.84225759768451,49.63820549927641,49.2040520984081
094C,09,4C,0,603,10,593,326,267,inf,1.658374792703151,98.34162520729684,54.063018242122716,44.27860696517413
094D,09,4D,0,622,8,614,343,271,inf,1.2861736334405145,98.71382636655949,55.14469453376206,43.569131832797424
094E,09,4E,0,643,8,635,338,297,inf,1.244167962674961,98.75583203732504,52.56609642301711,46.18973561430793
094F,09,4F,0,556,7,549,274,275,inf,1.2589928057553956,98.7410071942446,49.280575539568346,49.460431654676256
094G,09,4G,0,358,1,357,180,177,inf,0.27932960893854747,99.72067039106145,50.27932960893855,49.44134078212291
094H,09,4H,0,671,10,661,346,315,inf,1.4903129657228018,98.50968703427719,51.56482861400894,46.944858420268254
094I,09,4I,0,646,5,641,345,296,inf,0.7739938080495357,99.22600619195046,53.40557275541795,45.82043343653251
094J,09,4J,0,589,9,580,348,232,inf,1.5280135823429541,98.47198641765704,59.08319185059423,39.38879456706282
094K,09,4K,0,782,15,767,389,378,inf,1.9181585677749362,98.08184143222506,49.74424552429667,48.33759590792839
094L,09,4L,0,336,3,333,241,92,inf,0.8928571428571428,99.10714285714286,71.72619047619048,27.380952380952383
094M,09,4M,0,546,6,540,332,208,inf,1.098901098901099,98.9010989010989,60.8058608058608,38.095238095238095
094N,09,4N,0,561,8,553,355,198,inf,1.4260249554367201,98.57397504456328,63.27985739750446,35.294117647058826
094P,09,4P,0,461,2,459,314,145,inf,0.43383947939262474,99.56616052060737,68.11279826464208,31.453362255965295
094Q,09,4Q,0,789,13,776,456,320,inf,1.6476552598225602,98.35234474017744,57.79467680608364,40.557667934093786
094R,09,4R,0,740,7,733,401,332,inf,0.945945945945946,99.05405405405405,54.18918918918919,44.86486486486487
094S,09,4S,0,702,13,689,457,232,inf,1.8518518518518516,98.14814814814815,65.0997150997151,33.04843304843305
094T,09,4T,0,745,10,735,449,286,inf,1.342281879194631,98.65771812080537,60.26845637583893,38.38926174496644
094U,09,4U,0,473,1,472,328,144,inf,0.21141649048625794,99.78858350951374,69.3446088794926,30.443974630021142
095A,09,5A,0,526,6,520,359,161,inf,1.1406844106463878,98.85931558935361,68.25095057034221,30.60836501901141
095B,09,5B,0,510,1,509,366,143,inf,0.19607843137254902,99.80392156862746,71.76470588235294,28.03921568627451
095C,09,5C,0,647,7,640,372,268,inf,1.0819165378670788,98.91808346213293,57.496136012364765,41.42194744976816
095D,09,5D,0,555,10,545,386,159,inf,1.8018018018018018,98.1981981981982,69.54954954954955,28.64864864864865
095E,09,5E,0,695,9,686,368,318,inf,1.2949640287769784,98.70503597122303,52.94964028776978,45.75539568345324
095F,09,5F,0,680,6,674,349,325,inf,0.8823529411764706,99.11764705882354,51.3235294117647,47.794117647058826
095G,09,5G,0,679,10,669,367,302,inf,1.4727540500736376,98.52724594992637,54.0500736377025,44.47717231222386
095H,09,5H,0,668,6,662,311,351,inf,0.8982035928143712,99.10179640718563,46.55688622754491,52.544910179640716
095I,09,5I,0,398,7,391,255,136,inf,1.7587939698492463,98.24120603015075,64.07035175879398,34.17085427135678
095J,09,5J,0,805,55,750,424,326,inf,6.832298136645963,93.16770186335404,52.670807453416145,40.49689440993789
095K,09,5K,0,534,9,525,377,148,inf,1.6853932584269662,98.31460674157303,70.59925093632958,27.715355805243448
095L,09,5L,0,474,6,468,302,166,inf,1.2658227848101267,98.73417721518987,63.71308016877637,35.0210970464135
095M,09,5M,0,667,10,657,457,200,inf,1.4992503748125936,98.50074962518741,68.51574212893553,29.985007496251875
095N,09,5N,0,549,16,533,353,180,inf,2.914389799635701,97.0856102003643,64.29872495446266,32.78688524590164
095P,09,5P,0,512,10,502,309,193,inf,1.953125,98.046875,60.3515625,37.6953125
095Q,09,5Q,0,719,1,718,399,319,inf,0.13908205841446453,99.86091794158554,55.493741307371344,44.36717663421418
095R,09,5R,0,376,11,365,242,123,inf,2.925531914893617,97.07446808510637,64.36170212765957,32.71276595744681
096A,09,6A,0,723,8,715,375,340,inf,1.1065006915629323,98.89349930843707,51.867219917012456,47.026279391424616
096B,09,6B,0,705,4,701,373,328,inf,0.5673758865248227,99.43262411347517,52.90780141843972,46.52482269503546
096C,09,6C,0,728,11,717,431,286,inf,1.510989010989011,98.48901098901099,59.2032967032967,39.285714285714285
096D,09,6D,0,563,11,552,317,235,inf,1.9538188277087036,98.04618117229128,56.305506216696266,41.740674955595026
096E,09,6E,0,492,4,488,312,176,inf,0.8130081300813009,99.1869918699187,63.41463414634146,35.77235772357724
096F,09,6F,0,674,5,669,392,277,inf,0.741839762611276,99.25816023738872,58.160237388724035,41.09792284866469
096G,09,6G,0,641,8,633,392,241,inf,1.24804992199688,98.75195007800312,61.15444617784711,37.597503900156006
096H,09,6H,0,728,14,714,448,266,inf,1.9230769230769231,98.07692307692307,61.53846153846154,36.53846153846153
096I,09,6I,0,715,11,704,451,253,inf,1.5384615384615385,98.46153846153847,63.07692307692307,35.38461538461539
096J,09,6J,0,853,7,846,474,372,inf,0.8206330597889802,99.17936694021103,55.56858147713951,43.61078546307151
096K,09,6K,0,500,14,486,325,161,inf,2.8000000000000003,97.2,65.0,32.2
096L,09,6L,0,686,7,679,452,227,inf,1.0204081632653061,98.9795918367347,65.88921282798835,33.09037900874635
096M,09,6M,0,693,7,686,427,259,inf,1.0101010101010102,98.98989898989899,61.61616161616161,37.37373737373738
096N,09,6N,0,654,8,646,369,277,inf,1.2232415902140672,98.77675840978594,56.42201834862385,42.354740061162076
096P,09,6P,0,744,15,729,395,334,inf,2.0161290322580645,97.98387096774194,53.09139784946236,44.89247311827957
096Q,09,6Q,0,724,13,711,348,363,inf,1.7955801104972375,98.20441988950276,48.06629834254144,50.13812154696132
096R,09,6R,0,723,7,716,325,391,inf,0.9681881051175657,99.03181189488244,44.951590594744125,54.08022130013831
096S,09,6S,0,686,11,675,358,317,inf,1.6034985422740524,98.39650145772595,52.1865889212828,46.20991253644315
10101,10,101,1402,565,19,546,401,145,40.29957203994294,3.3628318584070795,96.63716814159292,70.97345132743362,25.663716814159294
10102,10,102,1395,561,21,540,387,153,40.215053763440864,3.7433155080213902,96.2566844919786,68.98395721925134,27.27272727272727
10103,10,103,1122,407,6,401,284,117,36.27450980392157,1.4742014742014742,98.52579852579852,69.77886977886978,28.746928746928745
10104,10,104,1332,540,19,521,349,172,40.54054054054054,3.5185185185185186,96.48148148148148,64.62962962962962,31.851851851851855
10105,10,105,1233,501,16,485,320,165,40.632603406326034,3.1936127744510974,96.8063872255489,63.87225548902195,32.93413173652694
10106,10,106,1218,512,24,488,354,134,42.03612479474548,4.6875,95.3125,69.140625,26.171875
10107,10,107,1296,504,25,479,320,159,38.88888888888889,4.9603174603174605,95.03968253968253,63.49206349206349,31.547619047619047
10108,10,108,1303,448,16,432,310,122,34.38219493476593,3.571428571428571,96.42857142857143,69.19642857142857,27.232142857142854
10109,10,109,1369,454,25,429,301,128,33.16289262235208,5.506607929515418,94.49339207048459,66.29955947136564,28.193832599118945
10110,10,110,1304,409,22,387,266,121,31.36503067484663,5.378973105134474,94.62102689486552,65.03667481662592,29.584352078239608
10111,10,111,1114,416,14,402,277,125,37.34290843806104,3.3653846153846154,96.63461538461539,66.58653846153845,30.048076923076923
10112,10,112,1097,403,19,384,264,120,36.73655423883318,4.714640198511166,95.28535980148884,65.50868486352357,29.776674937965257
10113,10,113,1161,442,21,421,283,138,38.07062876830319,4.751131221719457,95.24886877828054,64.02714932126696,31.221719457013574
10114,10,114,1519,546,26,520,359,161,35.944700460829495,4.761904761904762,95.23809523809523,65.75091575091575,29.48717948717949
10115,10,115,1295,507,23,484,308,176,39.15057915057915,4.536489151873767,95.46351084812623,60.74950690335306,34.714003944773175
10116,10,116,1158,451,23,428,327,101,38.946459412780655,5.099778270509978,94.90022172949001,72.50554323725056,22.394678492239468
10117,10,117,1271,456,24,432,262,170,35.877261998426434,5.263157894736842,94.73684210526315,57.45614035087719,37.280701754385966
10118,10,118,1262,575,28,547,330,217,45.562599049128366,4.869565217391305,95.1304347826087,57.391304347826086,37.73913043478261
10119,10,119,1230,495,10,485,294,191,40.243902439024396,2.0202020202020203,97.97979797979798,59.3939393939394,38.58585858585858
10120,10,120,1166,409,10,399,280,119,35.077186963979415,2.444987775061125,97.55501222493888,68.45965770171149,29.095354523227385
10121,10,121,1273,506,18,488,188,300,39.74862529457973,3.557312252964427,96.44268774703558,37.15415019762846,59.28853754940712
10122,10,122,1252,480,22,458,215,243,38.33865814696485,4.583333333333333,95.41666666666667,44.79166666666667,50.625
10123,10,123,1244,535,22,513,356,157,43.0064308681672,4.112149532710281,95.88785046728971,66.54205607476635,29.345794392523366
10124,10,124,1177,439,21,418,291,127,37.2982158028887,4.783599088838269,95.21640091116174,66.2870159453303,28.929384965831435
10125,10,125,1224,417,14,403,259,144,34.068627450980394,3.357314148681055,96.64268585131894,62.11031175059952,34.53237410071942
10201,10,201,1334,518,38,480,310,170,38.830584707646175,7.335907335907336,92.66409266409266,59.84555984555985,32.818532818532816
10202,10,202,1193,474,15,459,356,103,39.73176865046103,3.1645569620253164,96.83544303797468,75.10548523206751,21.729957805907173
10203,10,203,1203,378,12,366,239,127,31.421446384039903,3.1746031746031744,96.82539682539682,63.227513227513235,33.5978835978836
10204,10,204,1175,364,16,348,189,159,30.97872340425532,4.395604395604396,95.6043956043956,51.92307692307693,43.68131868131868
10205,10,205,1188,409,27,382,244,138,34.427609427609426,6.601466992665037,93.39853300733496,59.65770171149144,33.74083129584352
10206,10,206,1172,407,18,389,205,184,34.72696245733788,4.422604422604422,95.57739557739558,50.368550368550366,45.20884520884521
10207,10,207,1211,423,19,404,256,148,34.929810074318745,4.491725768321513,95.50827423167848,60.520094562647756,34.988179669030735
10208,10,208,1339,538,15,523,282,241,40.179238237490665,2.7881040892193307,97.21189591078067,52.41635687732342,44.795539033457246
10209,10,209,1344,503,14,489,276,213,37.42559523809524,2.783300198807157,97.21669980119285,54.87077534791253,42.34592445328032
10210,10,210,1379,542,22,520,338,182,39.30384336475707,4.059040590405904,95.9409594095941,62.36162361623616,33.579335793357934
10211,10,211,1388,547,23,524,295,229,39.409221902017286,4.204753199268739,95.79524680073126,53.93053016453382,41.86471663619744
10212,10,212,1296,842,428,414,226,188,64.96913580246914,50.83135391923991,49.16864608076009,26.840855106888363,22.327790973871732
10213,10,213,1332,454,19,435,287,148,34.08408408408408,4.185022026431718,95.81497797356829,63.21585903083701,32.59911894273127
10214,10,214,1340,607,9,598,409,189,45.298507462686565,1.4827018121911038,98.5172981878089,67.38056013179572,31.13673805601318
10215,10,215,1346,473,21,452,300,152,35.14115898959881,4.439746300211417,95.56025369978859,63.424947145877375,32.1353065539112
10216,10,216,1154,496,19,477,343,134,42.98093587521664,3.8306451612903225,96.16935483870968,69.15322580645162,27.016129032258064
10217,10,217,1244,492,26,466,255,211,39.549839228295816,5.284552845528456,94.71544715447155,51.829268292682926,42.886178861788615
10218,10,218,1197,517,24,493,268,225,43.19131161236424,4.642166344294004,95.35783365570599,51.83752417794971,43.520309477756285
10219,10,219,1123,417,11,406,207,199,37.1326803205699,2.6378896882494005,97.3621103117506,49.64028776978417,47.721822541966425
10220,10,220,1154,405,18,387,231,156,35.09532062391681,4.444444444444445,95.55555555555556,57.03703703703704,38.51851851851852
10221,10,221,1138,435,7,428,218,210,38.22495606326889,1.6091954022988506,98.39080459770115,50.114942528735625,48.275862068965516
10222,10,222,1164,461,22,439,214,225,39.60481099656357,4.772234273318872,95.22776572668113,46.420824295010846,48.80694143167028
10223,10,223,1097,448,19,429,282,147,40.838650865998176,4.241071428571429,95.75892857142857,62.94642857142857,32.8125
10224,10,224,1103,425,23,402,244,158,38.53127833182231,5.411764705882352,94.58823529411765,57.41176470588235,37.1764705882353
10225,10,225,1194,485,25,460,248,212,40.619765494137354,5.154639175257731,94.84536082474226,51.1340206185567,43.71134020618557
10226,10,226,1165,463,20,443,266,177,39.742489270386265,4.319654427645788,95.68034557235421,57.45140388768899,38.22894168466522
10227,10,227,1062,318,12,306,171,135,29.943502824858758,3.7735849056603774,96.22641509433963,53.77358490566038,42.45283018867924
10301,10,301,1518,602,20,582,396,186,39.657444005270094,3.322259136212625,96.67774086378738,65.78073089700996,30.89700996677741
10302,10,302,1449,563,20,543,393,150,38.8543823326432,3.5523978685612785,96.44760213143873,69.80461811722914,26.642984014209592
10303,10,303,1418,476,10,466,349,117,33.568406205923836,2.100840336134454,97.89915966386555,73.31932773109243,24.579831932773107
10304,10,304,1267,356,16,340,257,83,28.09786898184688,4.49438202247191,95.50561797752809,72.19101123595506,23.314606741573034
10305,10,305,1398,477,12,465,340,125,34.12017167381974,2.515723270440252,97.48427672955975,71.27882599580713,26.20545073375262
10306,10,306,1172,380,9,371,268,103,32.42320819112628,2.368421052631579,97.63157894736842,70.52631578947368,27.105263157894736
10307,10,307,976,397,12,385,242,143,40.67622950819672,3.022670025188917,96.97732997481108,60.957178841309826,36.02015113350126
10308,10,308,1342,507,12,495,268,227,37.77943368107303,2.366863905325444,97.63313609467455,52.85996055226825,44.773175542406314
10309,10,309,1376,540,23,517,300,217,39.24418604651162,4.2592592592592595,95.74074074074073,55.55555555555556,40.18518518518518
10310,10,310,1273,500,15,485,271,214,39.27729772191673,3.0,97.0,54.2,42.8
10311,10,311,861,349,10,339,250,89,40.534262485481996,2.865329512893983,97.134670487106,71.63323782234957,25.501432664756447
10312,10,312,1058,384,13,371,273,98,36.29489603024575,3.3854166666666665,96.61458333333334,71.09375,25.520833333333332
10313,10,313,1137,444,13,431,309,122,39.050131926121374,2.9279279279279278,97.07207207207207,69.5945945945946,27.47747747747748
10314,10,314,972,362,33,329,229,100,37.242798353909464,9.116022099447514,90.88397790055248,63.25966850828729,27.624309392265197
10315,10,315,1240,467,11,456,317,139,37.66129032258064,2.355460385438972,97.64453961456103,67.88008565310493,29.764453961456105
10316,10,316,1286,523,23,500,348,152,40.66874027993779,4.397705544933078,95.60229445506691,66.53919694072657,29.063097514340345
10317,10,317,1209,420,14,406,309,97,34.7394540942928,3.3333333333333335,96.66666666666667,73.57142857142858,23.095238095238095
10318,10,318,1182,468,20,448,335,113,39.59390862944163,4.273504273504273,95.72649572649573,71.58119658119658,24.145299145299145
10319,10,319,1122,418,5,413,306,107,37.254901960784316,1.1961722488038278,98.80382775119617,73.20574162679426,25.598086124401913
10320,10,320,1112,491,20,471,346,125,44.1546762589928,4.0733197556008145,95.9266802443992,70.46843177189409,25.45824847250509
10321,10,321,1409,496,16,480,316,164,35.202271114265436,3.225806451612903,96.7741935483871,63.70967741935484,33.064516129032256
10322,10,322,1383,502,24,478,274,204,36.29790310918293,4.780876494023905,95.2191235059761,54.581673306772906,40.63745019920319
10323,10,323,1043,377,10,367,226,141,36.145733461169705,2.6525198938992043,97.34748010610079,59.94694960212201,37.40053050397878
10324,10,324,1392,560,18,542,337,205,40.229885057471265,3.214285714285714,96.78571428571429,60.17857142857142,36.607142857142854
10325,10,325,1105,442,11,431,280,151,40.0,2.48868778280543,97.51131221719457,63.348416289592755,34.16289592760181
10326,10,326,1204,548,24,524,315,209,45.51495016611295,4.37956204379562,95.62043795620438,57.481751824817515,38.13868613138686
10327,10,327,1178,486,23,463,279,184,41.25636672325976,4.732510288065844,95.26748971193416,57.407407407407405,37.86008230452675
10401,10,401,1219,425,16,409,283,126,34.86464315012305,3.7647058823529407,96.23529411764706,66.58823529411765,29.64705882352941
10402,10,402,1199,406,13,393,251,142,33.861551292743954,3.201970443349754,96.79802955665025,61.822660098522164,34.97536945812808
10403,10,403,1210,505,23,482,354,128,41.735537190082646,4.554455445544554,95.44554455445544,70.0990099009901,25.346534653465348
10404,10,404,1174,455,16,439,291,148,38.756388415672916,3.5164835164835164,96.48351648351648,63.95604395604395,32.527472527472526
10405,10,405,1189,463,7,456,312,144,38.94028595458368,1.511879049676026,98.48812095032397,67.3866090712743,31.101511879049674
10406,10,406,1335,485,20,465,322,143,36.329588014981276,4.123711340206185,95.87628865979381,66.39175257731958,29.48453608247423
10407,10,407,766,360,16,344,176,168,46.99738903394256,4.444444444444445,95.55555555555556,48.888888888888886,46.666666666666664
10408,10,408,753,328,8,320,150,170,43.559096945551126,2.4390243902439024,97.5609756097561,45.73170731707317,51.829268292682926
10409,10,409,1308,417,10,407,243,164,31.880733944954127,2.3980815347721824,97.60191846522783,58.27338129496403,39.328537170263786
10410,10,410,1223,425,10,415,265,150,34.75061324611611,2.3529411764705883,97.6470588235294,62.35294117647059,35.294117647058826
10411,10,411,1119,421,27,394,268,126,37.622877569258264,6.413301662707839,93.58669833729216,63.657957244655584,29.928741092636578
10412,10,412,1239,468,12,456,207,249,37.77239709443099,2.564102564102564,97.43589743589743,44.230769230769226,53.205128205128204
10413,10,413,1248,864,436,428,198,230,69.23076923076923,50.46296296296296,49.53703703703704,22.916666666666664,26.620370370370374
10414,10,414,1112,432,8,424,211,213,38.84892086330935,1.8518518518518516,98.14814814814815,48.842592592592595,49.30555555555556
10415,10,415,1113,381,13,368,255,113,34.23180592991914,3.4120734908136483,96.58792650918635,66.92913385826772,29.658792650918635
10416,10,416,1255,578,38,540,289,251,46.05577689243028,6.5743944636678195,93.42560553633218,50.0,43.42560553633218
10417,10,417,1150,489,32,457,281,176,42.52173913043478,6.5439672801636,93.4560327198364,57.46421267893661,35.991820040899796
10418,10,418,1188,450,10,440,318,122,37.878787878787875,2.2222222222222223,97.77777777777777,70.66666666666667,27.111111111111114
10419,10,419,1241,400,10,390,179,211,32.232070910556004,2.5,97.5,44.75,52.75
10420,10,420,1356,471,8,463,214,249,34.73451327433628,1.6985138004246285,98.30148619957538,45.43524416135881,52.86624203821656
10421,10,421,1276,552,13,539,280,259,43.260188087774296,2.355072463768116,97.64492753623189,50.72463768115942,46.92028985507246
10422,10,422,663,243,9,234,161,73,36.65158371040724,3.7037037037037033,96.29629629629629,66.2551440329218,30.04115226337449
10423,10,423,1013,387,12,375,167,208,38.20335636722606,3.10077519379845,96.89922480620154,43.15245478036176,53.746770025839794
10424,10,424,758,336,9,327,105,222,44.327176781002635,2.6785714285714284,97.32142857142857,31.25,66.07142857142857
10425,10,425,1138,445,18,427,184,243,39.10369068541301,4.044943820224719,95.95505617977528,41.34831460674157,54.606741573033716
10426,10,426,1062,481,23,458,169,289,45.29190207156309,4.781704781704782,95.21829521829522,35.13513513513514,60.08316008316008
10427,10,427,1121,439,17,422,201,221,39.1614629794826,3.8724373576309796,96.12756264236903,45.78587699316628,50.34168564920274
10428,10,428,1060,402,17,385,152,233,37.924528301886795,4.228855721393035,95.77114427860697,37.81094527363184,57.960199004975124
10429,10,429,1083,438,8,430,203,227,40.443213296398895,1.82648401826484,98.17351598173516,46.34703196347032,51.82648401826484
10430,10,430,1062,472,26,446,197,249,44.44444444444444,5.508474576271186,94.49152542372882,41.73728813559322,52.7542372881356
10431,10,431,1178,492,18,474,229,245,41.76570458404075,3.6585365853658534,96.34146341463415,46.54471544715447,49.796747967479675
10501,10,501,1207,449,18,431,185,246,37.199668599834304,4.008908685968819,95.99109131403118,41.202672605790646,54.78841870824054
10502,10,502,1228,452,10,442,196,246,36.807817589576544,2.2123893805309733,97.78761061946902,43.36283185840708,54.424778761061944
10503,10,503,1217,438,14,424,175,249,35.99013968775678,3.1963470319634704,96.80365296803653,39.95433789954338,56.849315068493155
10504,10,504,1220,497,8,489,179,310,40.73770491803278,1.6096579476861168,98.39034205231388,36.016096579476866,62.37424547283702
10505,10,505,1166,466,8,458,169,289,39.96569468267582,1.7167381974248928,98.28326180257511,36.26609442060086,62.01716738197425
10506,10,506,1168,565,18,547,231,316,48.37328767123288,3.185840707964602,96.8141592920354,40.884955752212385,55.929203539823014
10507,10,507,1260,474,14,460,237,223,37.61904761904762,2.9535864978902953,97.0464135021097,50.0,47.04641350210971
10508,10,508,1038,431,12,419,209,210,41.52215799614643,2.784222737819025,97.21577726218096,48.49187935034803,48.72389791183295
10509,10,509,1076,410,7,403,181,222,38.10408921933085,1.707317073170732,98.29268292682927,44.146341463414636,54.146341463414636
10510,10,510,1014,414,24,390,180,210,40.828402366863905,5.797101449275362,94.20289855072464,43.47826086956522,50.72463768115942
10511,10,511,1155,482,20,462,208,254,41.73160173160173,4.149377593360995,95.850622406639,43.15352697095436,52.69709543568465
10512,10,512,1123,500,13,487,268,219,44.52359750667854,2.6,97.39999999999999,53.6,43.8
10513,10,513,1172,496,17,479,198,281,42.32081911262799,3.4274193548387095,96.57258064516128,39.91935483870967,56.653225806451616
10514,10,514,1089,431,18,413,178,235,39.57759412304867,4.176334106728538,95.82366589327145,41.29930394431555,54.524361948955914
10515,10,515,1050,439,22,417,176,241,41.80952380952381,5.0113895216400905,94.98861047835992,40.091116173120724,54.89749430523918
10516,10,516,1059,488,7,481,197,284,46.081208687440984,1.4344262295081966,98.5655737704918,40.36885245901639,58.19672131147541
10517,10,517,1064,469,26,443,187,256,44.07894736842105,5.543710021321962,94.45628997867804,39.872068230277186,54.58422174840085
10518,10,518,1069,470,11,459,194,265,43.96632366697848,2.3404255319148937,97.65957446808511,41.27659574468085,56.38297872340425
10519,10,519,1076,504,19,485,195,290,46.84014869888476,3.7698412698412698,96.23015873015873,38.69047619047619,57.53968253968254
10520,10,520,1150,461,18,443,181,262,40.08695652173913,3.9045553145336225,96.09544468546638,39.26247288503254,56.83297180043384
10521,10,521,1103,440,16,424,178,246,39.89120580235721,3.6363636363636362,96.36363636363636,40.45454545454545,55.90909090909091
10522,10,522,1060,466,8,458,190,268,43.9622641509434,1.7167381974248928,98.28326180257511,40.772532188841204,57.5107296137339
10523,10,523,1075,453,13,440,173,267,42.13953488372093,2.869757174392936,97.13024282560706,38.18984547461369,58.94039735099338
10524,10,524,1066,468,25,443,174,269,43.90243902439025,5.3418803418803416,94.65811965811966,37.17948717948718,57.47863247863248
10525,10,525,1059,485,18,467,178,289,45.79792256846081,3.711340206185567,96.28865979381443,36.70103092783505,59.58762886597938
10526,10,526,1027,458,16,442,198,244,44.595910418695226,3.4934497816593884,96.50655021834062,43.23144104803494,53.275109170305676
10527,10,527,1144,501,13,488,208,280,43.79370629370629,2.5948103792415167,97.40518962075848,41.51696606786427,55.88822355289421
10528,10,528,1165,503,16,487,247,240,43.17596566523605,3.180914512922465,96.81908548707754,49.10536779324055,47.713717693836976
10529,10,529,1083,440,8,432,195,237,40.62788550323177,1.8181818181818181,98.18181818181819,44.31818181818182,53.86363636363637
10530,10,530,1246,493,13,480,219,261,39.56661316211878,2.636916835699797,97.3630831643002,44.42190669371197,52.94117647058824
10601,10,601,1301,441,13,428,301,127,33.89700230591852,2.947845804988662,97.05215419501134,68.25396825396825,28.798185941043087
10602,10,602,1333,529,21,508,324,184,39.68492123030758,3.9697542533081283,96.03024574669186,61.247637051039696,34.78260869565217
10603,10,603,1300,493,18,475,340,135,37.92307692307692,3.6511156186612577,96.34888438133873,68.96551724137932,27.38336713995943
10604,10,604,1387,520,19,501,285,216,37.490987743330926,3.653846153846154,96.34615384615385,54.807692307692314,41.53846153846154
10605,10,605,1331,550,17,533,311,222,41.32231404958678,3.090909090909091,96.9090909090909,56.54545454545455,40.36363636363636
10606,10,606,1257,509,24,485,303,182,40.49323786793954,4.715127701375246,95.28487229862476,59.52848722986247,35.75638506876228
10607,10,607,1271,514,17,497,345,152,40.440597954366645,3.3073929961089497,96.69260700389106,67.12062256809338,29.571984435797667
10608,10,608,1275,402,4,398,242,156,31.529411764705884,0.9950248756218906,99.00497512437812,60.19900497512438,38.80597014925373
10609,10,609,1260,541,32,509,356,153,42.93650793650794,5.914972273567468,94.08502772643253,65.80406654343808,28.280961182994456
10610,10,610,1140,451,17,434,289,145,39.56140350877193,3.7694013303769403,96.23059866962306,64.07982261640798,32.15077605321508
10611,10,611,1143,457,17,440,328,112,39.9825021872266,3.7199124726477026,96.2800875273523,71.77242888402627,24.50765864332604
10612,10,612,887,309,12,297,204,93,34.83652762119504,3.8834951456310676,96.11650485436894,66.01941747572816,30.097087378640776
10613,10,613,1277,514,26,488,306,182,40.250587314017224,5.058365758754864,94.94163424124513,59.53307392996109,35.40856031128405
10614,10,614,1288,393,17,376,221,155,30.512422360248447,4.325699745547073,95.67430025445293,56.234096692111954,39.44020356234097
10615,10,615,1244,538,28,510,271,239,43.247588424437296,5.204460966542751,94.79553903345726,50.371747211895915,44.42379182156134
10616,10,616,1124,483,17,466,230,236,42.971530249110316,3.5196687370600417,96.48033126293996,47.61904761904761,48.86128364389234
10617,10,617,1135,463,8,455,212,243,40.79295154185022,1.7278617710583155,98.27213822894169,45.78833693304535,52.48380129589633
10618,10,618,1089,424,12,412,249,163,38.9348025711662,2.8301886792452833,97.16981132075472,58.72641509433962,38.443396226415096
10619,10,619,1079,415,9,406,195,211,38.46153846153847,2.1686746987951806,97.83132530120481,46.98795180722892,50.84337349397591
10620,10,620,1112,426,18,408,163,245,38.30935251798561,4.225352112676056,95.77464788732394,38.26291079812207,57.51173708920187
10621,10,621,1179,486,9,477,332,145,41.221374045801525,1.8518518518518516,98.14814814814815,68.3127572016461,29.835390946502056
10622,10,622,1213,466,7,459,315,144,38.417147568013185,1.502145922746781,98.49785407725322,67.59656652360515,30.90128755364807
10623,10,623,1222,456,10,446,306,140,37.315875613747956,2.1929824561403506,97.80701754385966,67.10526315789474,30.701754385964914
10624,10,624,1020,319,8,311,236,75,31.274509803921568,2.507836990595611,97.4921630094044,73.98119122257053,23.510971786833856
10625,10,625,1165,404,13,391,296,95,34.67811158798283,3.217821782178218,96.78217821782178,73.26732673267327,23.51485148514851
10626,10,626,1235,535,20,515,276,239,43.31983805668016,3.7383177570093453,96.26168224299066,51.58878504672897,44.67289719626169
101A,10,1A,0,501,4,497,336,161,inf,0.7984031936127743,99.20159680638723,67.06586826347305,32.13572854291417
101B,10,1B,0,452,7,445,316,129,inf,1.5486725663716814,98.45132743362832,69.91150442477876,28.539823008849556
101C,10,1C,0,390,9,381,252,129,inf,2.307692307692308,97.6923076923077,64.61538461538461,33.07692307692307
101D,10,1D,0,466,10,456,335,121,inf,2.1459227467811157,97.85407725321889,71.88841201716738,25.9656652360515
101E,10,1E,0,592,10,582,392,190,inf,1.6891891891891893,98.3108108108108,66.21621621621621,32.0945945945946
101F,10,1F,0,633,4,629,440,189,inf,0.631911532385466,99.36808846761454,69.51026856240127,29.85781990521327
101G,10,1G,0,610,7,603,415,188,inf,1.1475409836065573,98.85245901639344,68.0327868852459,30.81967213114754
101H,10,1H,0,465,14,451,321,130,inf,3.010752688172043,96.98924731182795,69.03225806451613,27.956989247311824
101J,10,1J,0,661,11,650,443,207,inf,1.6641452344931922,98.33585476550681,67.0196671709531,31.316187594553707
101K,10,1K,0,563,8,555,322,233,inf,1.4209591474245116,98.57904085257549,57.19360568383659,41.3854351687389
101L,10,1L,0,592,10,582,340,242,inf,1.6891891891891893,98.3108108108108,57.432432432432435,40.87837837837838
101M,10,1M,0,443,10,433,280,153,inf,2.2573363431151243,97.74266365688487,63.20541760722348,34.537246049661405
102A,10,2A,0,592,6,586,389,197,inf,1.0135135135135136,98.98648648648648,65.70945945945947,33.27702702702703
102B,10,2B,0,732,11,721,403,318,inf,1.5027322404371584,98.49726775956285,55.05464480874317,43.44262295081967
102C,10,2C,0,281,7,274,181,93,inf,2.491103202846975,97.50889679715303,64.41281138790036,33.096085409252666
102D,10,2D,0,636,6,630,380,250,inf,0.9433962264150944,99.05660377358491,59.74842767295597,39.308176100628934
102E,10,2E,0,379,7,372,209,163,inf,1.8469656992084433,98.15303430079155,55.145118733509236,43.007915567282325
102F,10,2F,0,362,8,354,224,130,inf,2.209944751381215,97.79005524861878,61.87845303867403,35.91160220994475
102G,10,2G,0,375,11,364,190,174,inf,2.933333333333333,97.06666666666666,50.66666666666667,46.400000000000006
102H,10,2H,0,667,28,639,331,308,inf,4.197901049475263,95.80209895052474,49.62518740629685,46.17691154422789
102J,10,2J,0,342,4,338,255,83,inf,1.1695906432748537,98.83040935672514,74.56140350877193,24.269005847953213
102K,10,2K,0,541,5,536,364,172,inf,0.9242144177449169,99.07578558225508,67.28280961182995,31.79297597042514
102L,10,2L,0,660,13,647,422,225,inf,1.9696969696969695,98.03030303030303,63.93939393939394,34.090909090909086
102M,10,2M,0,350,3,347,195,152,inf,0.8571428571428572,99.14285714285714,55.714285714285715,43.42857142857143
102N,10,2N,0,407,6,401,217,184,inf,1.4742014742014742,98.52579852579852,53.31695331695332,45.20884520884521
102P,10,2P,0,316,5,311,184,127,inf,1.5822784810126582,98.41772151898735,58.22784810126582,40.189873417721515
102Q,10,2Q,0,381,4,377,185,192,inf,1.0498687664041995,98.9501312335958,48.55643044619423,50.39370078740157
102R,10,2R,0,557,9,548,328,220,inf,1.615798922800718,98.38420107719928,58.88689407540395,39.497307001795335
102S,10,2S,0,632,13,619,351,268,inf,2.0569620253164556,97.94303797468355,55.5379746835443,42.405063291139236
102T,10,2T,0,612,11,601,346,255,inf,1.7973856209150325,98.20261437908496,56.5359477124183,41.66666666666667
103A,10,3A,0,477,7,470,339,131,inf,1.4675052410901468,98.53249475890985,71.0691823899371,27.463312368972748
103B,10,3B,0,415,11,404,300,104,inf,2.6506024096385543,97.34939759036145,72.28915662650603,25.060240963855424
103C,10,3C,0,491,0,491,391,100,inf,0.0,100.0,79.63340122199592,20.366598778004075
103D,10,3D,0,408,5,403,284,119,inf,1.2254901960784315,98.77450980392157,69.6078431372549,29.166666666666668
103E,10,3E,0,606,5,601,359,242,inf,0.825082508250825,99.17491749174917,59.240924092409244,39.93399339933993
103F,10,3F,0,391,5,386,251,135,inf,1.278772378516624,98.72122762148338,64.19437340153452,34.52685421994885
103G,10,3G,0,405,5,400,285,115,inf,1.2345679012345678,98.76543209876543,70.37037037037037,28.39506172839506
103H,10,3H,0,514,9,505,366,139,inf,1.7509727626459144,98.24902723735408,71.20622568093385,27.042801556420233
103J,10,3J,0,500,3,497,382,115,inf,0.6,99.4,76.4,23.0
103K,10,3K,0,237,4,233,189,44,inf,1.6877637130801686,98.31223628691983,79.74683544303798,18.565400843881857
103L,10,3L,0,675,12,663,472,191,inf,1.7777777777777777,98.22222222222223,69.92592592592592,28.296296296296298
103M,10,3M,0,669,18,651,424,227,inf,2.690582959641256,97.30941704035875,63.37817638266069,33.931240657698055
103N,10,3N,0,617,12,605,387,218,inf,1.9448946515397085,98.05510534846029,62.72285251215559,35.332252836304704
103P,10,3P,0,732,4,728,462,266,inf,0.546448087431694,99.4535519125683,63.114754098360656,36.33879781420765
104A,10,4A,0,396,4,392,260,132,inf,1.0101010101010102,98.98989898989899,65.65656565656566,33.33333333333333
104B,10,4B,0,704,9,695,447,248,inf,1.278409090909091,98.7215909090909,63.49431818181818,35.22727272727273
104C,10,4C,0,331,5,326,236,90,inf,1.5105740181268883,98.48942598187311,71.29909365558912,27.19033232628399
104D,10,4D,0,324,5,319,229,90,inf,1.5432098765432098,98.4567901234568,70.67901234567901,27.77777777777778
104E,10,4E,0,398,3,395,269,126,inf,0.7537688442211055,99.2462311557789,67.58793969849246,31.65829145728643
104F,10,4F,0,449,8,441,250,191,inf,1.7817371937639197,98.21826280623608,55.67928730512249,42.53897550111358
104G,10,4G,0,447,7,440,275,165,inf,1.5659955257270695,98.43400447427292,61.521252796420576,36.91275167785235
104H,10,4H,0,762,18,744,484,260,inf,2.3622047244094486,97.63779527559055,63.51706036745407,34.120734908136484
104J,10,4J,0,504,24,480,207,273,inf,4.761904761904762,95.23809523809523,41.07142857142857,54.166666666666664
104K,10,4K,0,597,13,584,286,298,inf,2.1775544388609713,97.82244556113902,47.90619765494137,49.916247906197654
104L,10,4L,0,446,7,439,235,204,inf,1.5695067264573992,98.4304932735426,52.690582959641254,45.73991031390135
104M,10,4M,0,638,9,629,409,220,inf,1.4106583072100314,98.58934169278997,64.1065830721003,34.48275862068966
104N,10,4N,0,589,13,576,389,187,inf,2.2071307300509337,97.79286926994907,66.04414261460101,31.748726655348047
104P,10,4P,0,546,9,537,294,243,inf,1.6483516483516485,98.35164835164835,53.84615384615385,44.505494505494504
104Q,10,4Q,0,631,5,626,316,310,inf,0.7923930269413629,99.20760697305863,50.079239302694134,49.128367670364504
104R,10,4R,0,519,4,515,313,202,inf,0.7707129094412332,99.22928709055877,60.308285163776496,38.921001926782274
104S,10,4S,0,183,2,181,128,53,inf,1.092896174863388,98.90710382513662,69.94535519125684,28.96174863387978
104T,10,4T,0,685,12,673,311,362,inf,1.7518248175182483,98.24817518248176,45.4014598540146,52.846715328467155
104V,10,4V,0,465,12,453,218,235,inf,2.5806451612903225,97.41935483870968,46.88172043010753,50.53763440860215
104W,10,4W,0,477,6,471,184,287,inf,1.257861635220126,98.74213836477988,38.57442348008386,60.167714884696025
104X,10,4X,0,508,7,501,224,277,inf,1.3779527559055118,98.62204724409449,44.09448818897638,54.52755905511811
104Y,10,4Y,0,477,2,475,231,244,inf,0.41928721174004197,99.58071278825996,48.42767295597484,51.15303983228512
104ZA,10,4ZA,0,443,12,431,216,215,inf,2.708803611738149,97.29119638826185,48.75846501128668,48.53273137697517
104ZB,10,4ZB,0,391,3,388,208,180,inf,0.7672634271099744,99.23273657289002,53.196930946291566,46.03580562659847
104ZC,10,4ZC,0,411,4,407,227,180,inf,0.9732360097323601,99.02676399026764,55.23114355231144,43.79562043795621
105A,10,5A,0,553,12,541,287,254,inf,2.1699819168173597,97.83001808318264,51.89873417721519,45.931283905967454
105B,10,5B,0,511,6,505,231,274,inf,1.1741682974559686,98.82583170254404,45.20547945205479,53.62035225048923
105C,10,5C,0,561,12,549,276,273,inf,2.13903743315508,97.86096256684492,49.19786096256685,48.663101604278076
105D,10,5D,0,526,7,519,246,273,inf,1.3307984790874523,98.66920152091255,46.7680608365019,51.90114068441065
105E,10,5E,0,515,10,505,233,272,inf,1.9417475728155338,98.05825242718447,45.24271844660194,52.81553398058253
105F,10,5F,0,427,7,420,214,206,inf,1.639344262295082,98.36065573770492,50.11709601873536,48.24355971896955
105G,10,5G,0,512,10,502,271,231,inf,1.953125,98.046875,52.9296875,45.1171875
105H,10,5H,0,434,8,426,222,204,inf,1.8433179723502304,98.15668202764977,51.1520737327189,47.004608294930875
105J,10,5J,0,420,3,417,231,186,inf,0.7142857142857143,99.28571428571429,55.00000000000001,44.285714285714285
105K,10,5K,0,448,4,444,244,200,inf,0.8928571428571428,99.10714285714286,54.46428571428571,44.642857142857146
105L,10,5L,0,449,10,439,239,200,inf,2.2271714922048997,97.7728285077951,53.229398663697104,44.543429844098
105M,10,5M,0,397,7,390,208,182,inf,1.7632241813602016,98.2367758186398,52.39294710327456,45.843828715365234
105N,10,5N,0,462,7,455,242,213,inf,1.5151515151515151,98.48484848484848,52.38095238095239,46.103896103896105
105P,10,5P,0,490,6,484,246,238,inf,1.2244897959183674,98.77551020408163,50.204081632653065,48.57142857142857
105Q,10,5Q,0,447,5,442,213,229,inf,1.1185682326621924,98.88143176733782,47.651006711409394,51.23042505592841
105R,10,5R,0,417,6,411,176,235,inf,1.4388489208633095,98.56115107913669,42.20623501199041,56.35491606714629
105S,10,5S,0,433,15,418,184,234,inf,3.4642032332563506,96.53579676674366,42.494226327944574,54.04157043879908
105T,10,5T,0,455,7,448,219,229,inf,1.5384615384615385,98.46153846153847,48.13186813186813,50.32967032967033
105V,10,5V,0,394,2,392,180,212,inf,0.5076142131979695,99.49238578680203,45.68527918781726,53.80710659898477
105W,10,5W,0,517,15,502,216,286,inf,2.9013539651837523,97.09864603481626,41.77949709864603,55.319148936170215
105X,10,5X,0,451,5,446,209,237,inf,1.1086474501108647,98.89135254988913,46.34146341463415,52.54988913525499
105Y,10,5Y,0,405,4,401,185,216,inf,0.9876543209876543,99.01234567901234,45.67901234567901,53.333333333333336
105ZA,10,5ZA,0,468,6,462,238,224,inf,1.282051282051282,98.71794871794873,50.85470085470085,47.863247863247864
105ZB,10,5ZB,0,427,4,423,195,228,inf,0.936768149882904,99.06323185011709,45.66744730679157,53.39578454332553
105ZC,10,5ZC,0,423,2,421,201,220,inf,0.4728132387706856,99.52718676122932,47.5177304964539,52.00945626477541
105ZD,10,5ZD,0,424,6,418,222,196,inf,1.4150943396226416,98.58490566037736,52.358490566037744,46.22641509433962
105ZE,10,5ZE,0,462,5,457,211,246,inf,1.0822510822510822,98.91774891774891,45.67099567099567,53.246753246753244
105ZF,10,5ZF,0,465,16,449,224,225,inf,3.4408602150537635,96.55913978494624,48.17204301075269,48.38709677419355
105ZG,10,5ZG,0,421,3,418,189,229,inf,0.7125890736342043,99.2874109263658,44.89311163895487,54.39429928741093
105ZH,10,5ZH,0,518,6,512,283,229,inf,1.1583011583011582,98.84169884169884,54.633204633204635,44.20849420849421
106A,10,6A,0,525,3,522,353,169,inf,0.5714285714285714,99.42857142857143,67.23809523809524,32.19047619047619
106B,10,6B,0,626,7,619,371,248,inf,1.1182108626198082,98.8817891373802,59.26517571884984,39.61661341853035
106C,10,6C,0,574,7,567,362,205,inf,1.2195121951219512,98.78048780487805,63.06620209059234,35.714285714285715
106D,10,6D,0,721,5,716,496,220,inf,0.6934812760055479,99.30651872399446,68.79334257975034,30.513176144244103
106E,10,6E,0,488,4,484,348,136,inf,0.819672131147541,99.18032786885246,71.31147540983606,27.86885245901639
106F,10,6F,0,558,4,554,402,152,inf,0.7168458781362007,99.2831541218638,72.04301075268818,27.24014336917563
106G,10,6G,0,688,10,678,461,217,inf,1.4534883720930232,98.54651162790698,67.00581395348837,31.540697674418606
106H,10,6H,0,424,11,413,202,211,inf,2.5943396226415096,97.40566037735849,47.64150943396226,49.764150943396224
106J,10,6J,0,421,7,414,215,199,inf,1.66270783847981,98.33729216152018,51.06888361045131,47.26840855106889
106K,10,6K,0,813,15,798,430,368,inf,1.8450184501845017,98.1549815498155,52.89052890528906,45.26445264452644
106L,10,6L,0,412,7,405,208,197,inf,1.6990291262135921,98.30097087378641,50.48543689320388,47.81553398058252
106M,10,6M,0,500,7,493,249,244,inf,1.4000000000000001,98.6,49.8,48.8
106N,10,6N,0,457,3,454,313,141,inf,0.6564551422319475,99.34354485776805,68.49015317286651,30.85339168490153
106P,10,6P,0,442,3,439,331,108,inf,0.6787330316742082,99.3212669683258,74.8868778280543,24.43438914027149
106Q,10,6Q,0,482,3,479,285,194,inf,0.6224066390041494,99.37759336099586,59.128630705394194,40.24896265560166
11101,11,101,1041,454,24,430,280,150,43.611911623439006,5.286343612334802,94.7136563876652,61.67400881057269,33.03964757709251
11102,11,102,1073,551,22,529,210,319,51.35135135135135,3.9927404718693285,96.00725952813067,38.11252268602541,57.89473684210527
11103,11,103,1278,596,15,581,254,327,46.635367762128325,2.5167785234899327,97.48322147651007,42.61744966442953,54.86577181208053
11104,11,104,1000,475,24,451,276,175,47.5,5.052631578947368,94.94736842105263,58.10526315789474,36.84210526315789
11105,11,105,836,431,11,420,179,241,51.55502392344498,2.5522041763341066,97.4477958236659,41.53132250580047,55.91647331786543
11106,11,106,1024,398,26,372,253,119,38.8671875,6.532663316582915,93.46733668341709,63.5678391959799,29.899497487437188
11107,11,107,980,388,10,378,270,108,39.59183673469388,2.5773195876288657,97.42268041237114,69.58762886597938,27.835051546391753
11108,11,108,1027,271,11,260,178,82,26.387536514118793,4.059040590405904,95.9409594095941,65.68265682656826,30.25830258302583
11109,11,109,1107,366,23,343,184,159,33.06233062330624,6.284153005464481,93.71584699453553,50.27322404371585,43.44262295081967
11110,11,110,946,337,14,323,236,87,35.62367864693446,4.154302670623145,95.84569732937686,70.02967359050444,25.816023738872403
11111,11,111,1108,421,27,394,188,206,37.99638989169675,6.413301662707839,93.58669833729216,44.655581947743464,48.9311163895487
11112,11,112,917,384,27,357,230,127,41.87568157033806,7.03125,92.96875,59.895833333333336,33.07291666666667
11113,11,113,1007,430,38,392,255,137,42.70109235352532,8.837209302325581,91.16279069767442,59.30232558139535,31.86046511627907
11114,11,114,668,230,11,219,156,63,34.4311377245509,4.782608695652174,95.21739130434783,67.82608695652173,27.391304347826086
11115,11,115,678,270,7,263,146,117,39.823008849557525,2.5925925925925926,97.4074074074074,54.074074074074076,43.333333333333336
11116,11,116,895,378,14,364,237,127,42.23463687150838,3.7037037037037033,96.29629629629629,62.698412698412696,33.5978835978836
11117,11,117,888,358,13,345,206,139,40.31531531531532,3.6312849162011176,96.36871508379889,57.54189944134078,38.8268156424581
11118,11,118,940,422,17,405,179,226,44.8936170212766,4.028436018957346,95.97156398104265,42.41706161137441,53.55450236966824
11119,11,119,948,385,34,351,263,88,40.61181434599156,8.831168831168831,91.16883116883116,68.31168831168831,22.857142857142858
11120,11,120,852,335,9,326,227,99,39.31924882629108,2.6865671641791042,97.31343283582089,67.76119402985074,29.55223880597015
11121,11,121,799,366,23,343,231,112,45.8072590738423,6.284153005464481,93.71584699453553,63.114754098360656,30.601092896174865
11122,11,122,924,324,10,314,214,100,35.064935064935064,3.0864197530864197,96.91358024691358,66.0493827160494,30.864197530864196
11123,11,123,920,355,7,348,265,83,38.58695652173913,1.971830985915493,98.02816901408451,74.64788732394366,23.380281690140844
11124,11,124,1108,546,23,523,340,183,49.277978339350184,4.212454212454213,95.7875457875458,62.27106227106227,33.51648351648351
11125,11,125,1044,380,10,370,270,100,36.39846743295019,2.631578947368421,97.36842105263158,71.05263157894737,26.31578947368421
11126,11,126,886,340,14,326,144,182,38.37471783295711,4.117647058823529,95.88235294117648,42.35294117647059,53.529411764705884
11127,11,127,977,437,30,407,238,169,44.72876151484135,6.864988558352403,93.13501144164759,54.46224256292906,38.672768878718536
11128,11,128,842,290,9,281,218,63,34.441805225653205,3.103448275862069,96.89655172413794,75.17241379310344,21.72413793103448
11129,11,129,1006,335,17,318,241,77,33.30019880715705,5.074626865671641,94.92537313432837,71.94029850746269,22.98507462686567
11130,11,130,890,368,22,346,230,116,41.34831460674157,5.978260869565218,94.02173913043478,62.5,31.521739130434785
11131,11,131,634,299,6,293,198,95,47.1608832807571,2.0066889632107023,97.9933110367893,66.22073578595318,31.77257525083612
11132,11,132,969,389,9,380,169,211,40.14447884416924,2.313624678663239,97.68637532133675,43.44473007712082,54.24164524421594
11133,11,133,863,376,16,360,161,199,43.56894553881808,4.25531914893617,95.74468085106383,42.819148936170215,52.92553191489362
11134,11,134,777,346,3,343,219,124,44.53024453024453,0.8670520231213872,99.13294797687861,63.29479768786127,35.83815028901734
11135,11,135,1135,484,34,450,287,163,42.6431718061674,7.024793388429752,92.97520661157024,59.29752066115702,33.67768595041322
11136,11,136,809,378,27,351,220,131,46.72435105067985,7.142857142857142,92.85714285714286,58.201058201058196,34.65608465608466
11201,11,201,926,343,13,330,191,139,37.04103671706264,3.7900874635568513,96.20991253644316,55.68513119533528,40.524781341107875
11202,11,202,1020,371,12,359,231,128,36.37254901960784,3.234501347708895,96.7654986522911,62.264150943396224,34.50134770889488
11203,11,203,1081,450,18,432,283,149,41.62812210915819,4.0,96.0,62.88888888888889,33.111111111111114
11204,11,204,919,327,20,307,202,105,35.58215451577802,6.116207951070336,93.88379204892966,61.773700305810394,32.11009174311927
11205,11,205,1016,436,13,423,288,135,42.91338582677165,2.981651376146789,97.01834862385321,66.05504587155964,30.963302752293576
11206,11,206,959,365,11,354,240,114,38.06047966631908,3.0136986301369864,96.98630136986301,65.75342465753424,31.232876712328768
11207,11,207,857,370,16,354,221,133,43.17386231038506,4.324324324324325,95.67567567567568,59.72972972972973,35.945945945945944
11208,11,208,1131,487,20,467,210,257,43.05923961096375,4.1067761806981515,95.89322381930184,43.121149897330596,52.772073921971256
11209,11,209,1056,445,16,429,197,232,42.140151515151516,3.5955056179775284,96.40449438202248,44.26966292134831,52.13483146067416
11210,11,210,965,396,16,380,216,164,41.03626943005182,4.040404040404041,95.95959595959596,54.54545454545454,41.41414141414141
11211,11,211,942,438,20,418,237,181,46.496815286624205,4.5662100456621,95.4337899543379,54.109589041095894,41.32420091324201
11212,11,212,862,396,18,378,198,180,45.93967517401392,4.545454545454546,95.45454545454545,50.0,45.45454545454545
11213,11,213,768,323,11,312,185,127,42.05729166666667,3.4055727554179565,96.59442724458205,57.27554179566563,39.318885448916404
11214,11,214,913,301,3,298,218,80,32.968236582694416,0.9966777408637874,99.00332225913621,72.42524916943522,26.578073089701
11215,11,215,946,388,14,374,166,208,41.014799154334035,3.608247422680412,96.3917525773196,42.78350515463917,53.608247422680414
11216,11,216,1105,503,12,491,264,227,45.52036199095023,2.3856858846918487,97.61431411530815,52.48508946322068,45.12922465208747
11217,11,217,1014,441,13,428,198,230,43.49112426035503,2.947845804988662,97.05215419501134,44.89795918367347,52.15419501133787
11218,11,218,827,327,10,317,226,91,39.54050785973398,3.058103975535168,96.94189602446484,69.1131498470948,27.82874617737003
11219,11,219,890,336,13,323,151,172,37.752808988764045,3.869047619047619,96.13095238095238,44.94047619047619,51.19047619047619
11220,11,220,925,340,11,329,156,173,36.75675675675676,3.2352941176470593,96.76470588235294,45.88235294117647,50.882352941176464
11221,11,221,1049,345,13,332,169,163,32.8884652049571,3.768115942028986,96.23188405797102,48.98550724637681,47.2463768115942
11222,11,222,1051,457,20,437,248,189,43.48239771646051,4.3763676148796495,95.62363238512035,54.26695842450766,41.35667396061269
11223,11,223,876,355,11,344,224,120,40.52511415525114,3.0985915492957745,96.90140845070422,63.098591549295776,33.80281690140845
11224,11,224,874,406,16,390,205,185,46.453089244851256,3.9408866995073892,96.05911330049261,50.49261083743842,45.566502463054185
11225,11,225,898,428,17,411,232,179,47.66146993318486,3.9719626168224296,96.02803738317756,54.20560747663551,41.822429906542055
11226,11,226,1135,536,28,508,344,164,47.22466960352423,5.223880597014925,94.77611940298507,64.17910447761194,30.597014925373134
11227,11,227,977,375,7,368,244,124,38.3828045035824,1.866666666666667,98.13333333333333,65.06666666666666,33.06666666666666
11228,11,228,970,398,6,392,189,203,41.03092783505154,1.507537688442211,98.49246231155779,47.48743718592965,51.005025125628144
11229,11,229,994,426,15,411,222,189,42.857142857142854,3.5211267605633805,96.47887323943662,52.112676056338024,44.36619718309859
11230,11,230,865,318,12,306,187,119,36.763005780346816,3.7735849056603774,96.22641509433963,58.80503144654088,37.42138364779874
11231,11,231,1083,446,17,429,318,111,41.18190212373038,3.811659192825112,96.18834080717488,71.30044843049326,24.887892376681613
11232,11,232,1463,564,24,540,354,186,38.55092276144907,4.25531914893617,95.74468085106383,62.76595744680851,32.97872340425532
11233,11,233,950,453,3,450,295,155,47.68421052631579,0.6622516556291391,99.33774834437085,65.12141280353201,34.216335540838855
11234,11,234,872,350,17,333,202,131,40.137614678899084,4.857142857142857,95.14285714285714,57.714285714285715,37.42857142857143
11301,11,301,1072,446,20,426,267,159,41.6044776119403,4.484304932735426,95.51569506726457,59.865470852017935,35.65022421524663
11302,11,302,1050,443,20,423,225,198,42.19047619047619,4.514672686230249,95.48532731376976,50.79006772009029,44.69525959367946
11303,11,303,959,400,21,379,185,194,41.71011470281543,5.25,94.75,46.25,48.5
11304,11,304,919,370,13,357,261,96,40.26115342763873,3.5135135135135136,96.48648648648648,70.54054054054055,25.945945945945947
11305,11,305,1005,391,23,368,205,163,38.905472636815915,5.88235294117647,94.11764705882352,52.42966751918159,41.687979539641944
11306,11,306,998,398,9,389,217,172,39.879759519038075,2.261306532663317,97.73869346733667,54.52261306532663,43.21608040201005
11307,11,307,1011,444,13,431,312,119,43.916913946587535,2.9279279279279278,97.07207207207207,70.27027027027027,26.8018018018018
11308,11,308,982,372,18,354,254,100,37.88187372708758,4.838709677419355,95.16129032258065,68.27956989247312,26.881720430107524
11309,11,309,992,368,21,347,244,103,37.096774193548384,5.706521739130435,94.29347826086956,66.30434782608695,27.98913043478261
11310,11,310,1047,338,10,328,222,106,32.28271251193887,2.9585798816568047,97.0414201183432,65.68047337278107,31.360946745562128
11311,11,311,1221,499,22,477,300,177,40.86814086814087,4.408817635270541,95.59118236472945,60.120240480961925,35.47094188376754
11312,11,312,1194,499,27,472,286,186,41.79229480737018,5.410821643286573,94.58917835671342,57.31462925851704,37.27454909819639
11313,11,313,1236,405,25,380,197,183,32.76699029126214,6.172839506172839,93.82716049382715,48.641975308641975,45.18518518518518
11314,11,314,1002,317,16,301,193,108,31.636726546906186,5.047318611987381,94.95268138801262,60.88328075709779,34.06940063091483
11315,11,315,962,344,16,328,207,121,35.75883575883576,4.651162790697675,95.34883720930233,60.17441860465116,35.174418604651166
11316,11,316,872,396,22,374,207,167,45.412844036697244,5.555555555555555,94.44444444444444,52.27272727272727,42.17171717171717
11317,11,317,905,393,14,379,208,171,43.425414364640886,3.5623409669211195,96.43765903307889,52.926208651399484,43.51145038167939
11318,11,318,866,271,5,266,173,93,31.293302540415702,1.8450184501845017,98.1549815498155,63.837638376383765,34.31734317343174
11319,11,319,828,184,5,179,107,72,22.22222222222222,2.717391304347826,97.28260869565217,58.152173913043484,39.130434782608695
11320,11,320,1047,403,22,381,211,170,38.4909264565425,5.459057071960298,94.54094292803971,52.357320099255574,42.18362282878412
11321,11,321,960,358,7,351,247,104,37.291666666666664,1.9553072625698324,98.04469273743017,68.99441340782123,29.05027932960894
11322,11,322,777,311,9,302,196,106,40.02574002574003,2.8938906752411575,97.10610932475883,63.022508038585215,34.08360128617363
11323,11,323,978,383,17,366,218,148,39.16155419222903,4.43864229765013,95.56135770234987,56.919060052219315,38.642297650130544
11324,11,324,692,249,4,245,150,95,35.982658959537574,1.6064257028112447,98.39357429718876,60.24096385542169,38.152610441767074
11325,11,325,945,426,14,412,279,133,45.07936507936508,3.286384976525822,96.71361502347418,65.49295774647888,31.220657276995308
11326,11,326,651,289,15,274,147,127,44.39324116743472,5.190311418685121,94.80968858131487,50.86505190311419,43.944636678200695
11327,11,327,865,361,7,354,256,98,41.73410404624278,1.9390581717451523,98.06094182825484,70.91412742382272,27.146814404432135
11328,11,328,1205,408,10,398,286,112,33.85892116182573,2.450980392156863,97.54901960784314,70.09803921568627,27.450980392156865
11329,11,329,767,324,7,317,200,117,42.24250325945241,2.1604938271604937,97.8395061728395,61.72839506172839,36.11111111111111
11330,11,330,986,336,13,323,218,105,34.07707910750507,3.869047619047619,96.13095238095238,64.88095238095238,31.25
11331,11,331,955,398,21,377,268,109,41.675392670157066,5.276381909547738,94.72361809045226,67.33668341708542,27.386934673366838
11332,11,332,924,334,9,325,220,105,36.14718614718615,2.694610778443114,97.30538922155688,65.86826347305389,31.437125748502993
11333,11,333,963,392,14,378,258,120,40.7061266874351,3.571428571428571,96.42857142857143,65.81632653061224,30.612244897959183
11334,11,334,687,263,10,253,183,70,38.28238719068413,3.802281368821293,96.1977186311787,69.58174904942965,26.61596958174905
11335,11,335,860,297,8,289,196,93,34.53488372093023,2.6936026936026933,97.3063973063973,65.993265993266,31.313131313131315
11336,11,336,785,361,8,353,230,123,45.98726114649681,2.21606648199446,97.78393351800554,63.711911357340725,34.07202216066482
11401,11,401,1067,416,17,399,297,102,38.98781630740394,4.086538461538462,95.91346153846155,71.39423076923077,24.519230769230766
11402,11,402,918,418,13,405,206,199,45.53376906318083,3.110047846889952,96.88995215311004,49.282296650717704,47.60765550239234
11403,11,403,997,363,5,358,257,101,36.40922768304915,1.3774104683195594,98.62258953168043,70.79889807162535,27.823691460055095
11404,11,404,935,398,20,378,239,139,42.56684491978609,5.025125628140704,94.9748743718593,60.050251256281406,34.92462311557789
11405,11,405,1016,437,19,418,257,161,43.01181102362205,4.3478260869565215,95.65217391304348,58.81006864988558,36.84210526315789
11406,11,406,933,360,9,351,191,160,38.58520900321543,2.5,97.5,53.05555555555556,44.44444444444444
11407,11,407,1036,417,11,406,258,148,40.25096525096525,2.6378896882494005,97.3621103117506,61.87050359712231,35.4916067146283
11408,11,408,1016,385,13,372,198,174,37.89370078740157,3.3766233766233764,96.62337662337663,51.42857142857142,45.19480519480519
11409,11,409,992,427,18,409,244,165,43.04435483870967,4.215456674473068,95.78454332552693,57.14285714285714,38.64168618266979
11410,11,410,1055,405,6,399,272,127,38.388625592417064,1.4814814814814816,98.51851851851852,67.1604938271605,31.35802469135803
11411,11,411,829,298,9,289,208,81,35.94692400482509,3.0201342281879198,96.97986577181209,69.79865771812081,27.181208053691275
11412,11,412,802,330,9,321,196,125,41.14713216957606,2.727272727272727,97.27272727272728,59.3939393939394,37.878787878787875
11413,11,413,912,380,16,364,266,98,41.66666666666667,4.2105263157894735,95.78947368421052,70.0,25.789473684210527
11414,11,414,992,330,10,320,215,105,33.266129032258064,3.0303030303030303,96.96969696969697,65.15151515151516,31.818181818181817
11415,11,415,709,274,5,269,122,147,38.645980253878705,1.824817518248175,98.17518248175182,44.52554744525548,53.64963503649635
11416,11,416,1156,444,12,432,282,150,38.4083044982699,2.7027027027027026,97.2972972972973,63.51351351351351,33.78378378378378
11417,11,417,994,394,15,379,233,146,39.63782696177062,3.807106598984772,96.19289340101524,59.13705583756346,37.055837563451774
11418,11,418,1026,399,12,387,298,89,38.88888888888889,3.007518796992481,96.99248120300751,74.68671679197995,22.305764411027567
11419,11,419,946,418,25,393,285,108,44.18604651162791,5.980861244019139,94.01913875598086,68.18181818181817,25.837320574162682
11420,11,420,992,407,14,393,281,112,41.028225806451616,3.43980343980344,96.56019656019656,69.04176904176904,27.51842751842752
11421,11,421,1008,413,11,402,282,120,40.97222222222222,2.663438256658596,97.3365617433414,68.28087167070218,29.055690072639223
11422,11,422,969,392,10,382,255,127,40.454076367389064,2.5510204081632653,97.44897959183673,65.05102040816327,32.39795918367347
11423,11,423,862,328,4,324,217,107,38.05104408352668,1.2195121951219512,98.78048780487805,66.15853658536585,32.6219512195122
11424,11,424,823,305,5,300,228,72,37.0595382746051,1.639344262295082,98.36065573770492,74.75409836065575,23.60655737704918
11425,11,425,879,345,10,335,253,82,39.249146757679185,2.898550724637681,97.10144927536231,73.33333333333333,23.768115942028984
11426,11,426,988,389,3,386,294,92,39.37246963562753,0.7712082262210797,99.22879177377892,75.57840616966581,23.65038560411311
11427,11,427,1076,419,20,399,284,115,38.940520446096656,4.77326968973747,95.22673031026252,67.78042959427208,27.44630071599045
11428,11,428,915,380,6,374,264,110,41.53005464480874,1.5789473684210527,98.42105263157895,69.47368421052632,28.947368421052634
11429,11,429,1033,409,30,379,298,81,39.59341723136496,7.334963325183375,92.66503667481662,72.86063569682152,19.80440097799511
11430,11,430,725,287,14,273,197,76,39.58620689655172,4.878048780487805,95.1219512195122,68.6411149825784,26.480836236933797
11431,11,431,866,352,6,346,217,129,40.64665127020785,1.7045454545454544,98.29545454545455,61.64772727272727,36.64772727272727
11432,11,432,883,398,16,382,276,106,45.07361268403171,4.0201005025125625,95.97989949748744,69.34673366834171,26.633165829145728
11433,11,433,831,348,3,345,256,89,41.87725631768953,0.8620689655172413,99.13793103448276,73.5632183908046,25.57471264367816
11434,11,434,851,365,8,357,278,79,42.890716803760284,2.191780821917808,97.80821917808218,76.16438356164383,21.643835616438356
11435,11,435,831,365,15,350,239,111,43.922984356197354,4.10958904109589,95.8904109589041,65.47945205479452,30.41095890410959
11436,11,436,1023,479,5,474,357,117,46.82306940371456,1.0438413361169103,98.95615866388309,74.53027139874739,24.4258872651357
11501,11,501,800,339,4,335,242,93,42.375,1.1799410029498525,98.82005899705014,71.38643067846607,27.43362831858407
11502,11,502,1027,392,8,384,268,116,38.169425511197666,2.0408163265306123,97.95918367346938,68.36734693877551,29.591836734693878
11503,11,503,1031,402,11,391,258,133,38.991270611057224,2.736318407960199,97.2636815920398,64.17910447761194,33.08457711442786
11504,11,504,854,365,14,351,200,151,42.740046838407494,3.8356164383561646,96.16438356164385,54.794520547945204,41.369863013698634
11505,11,505,823,326,9,317,195,122,39.611178614823814,2.7607361963190185,97.23926380368098,59.8159509202454,37.423312883435585
11506,11,506,982,292,13,279,183,96,29.735234215885946,4.4520547945205475,95.54794520547945,62.671232876712324,32.87671232876712
11507,11,507,1091,478,11,467,340,127,43.81301558203483,2.301255230125523,97.69874476987448,71.1297071129707,26.569037656903767
11508,11,508,1021,446,9,437,339,98,43.68266405484819,2.0179372197309418,97.98206278026906,76.00896860986546,21.973094170403588
11509,11,509,1281,537,8,529,364,165,41.92037470725995,1.48975791433892,98.51024208566108,67.78398510242086,30.726256983240223
11510,11,510,1152,474,24,450,277,173,41.14583333333333,5.063291139240507,94.9367088607595,58.438818565400844,36.49789029535865
11511,11,511,956,376,5,371,292,79,39.33054393305439,1.3297872340425532,98.67021276595744,77.6595744680851,21.01063829787234
11512,11,512,910,358,10,348,241,107,39.34065934065934,2.793296089385475,97.20670391061452,67.31843575418995,29.88826815642458
11513,11,513,1025,460,11,449,308,141,44.87804878048781,2.391304347826087,97.60869565217392,66.95652173913044,30.65217391304348
11514,11,514,1038,462,15,447,310,137,44.50867052023121,3.2467532467532463,96.75324675324676,67.09956709956711,29.653679653679653
11515,11,515,1005,374,21,353,235,118,37.21393034825871,5.614973262032086,94.38502673796792,62.834224598930476,31.550802139037433
11516,11,516,994,428,17,411,259,152,43.05835010060362,3.9719626168224296,96.02803738317756,60.51401869158879,35.51401869158878
11517,11,517,1022,408,11,397,308,89,39.92172211350293,2.696078431372549,97.30392156862744,75.49019607843137,21.813725490196077
11518,11,518,864,379,8,371,270,101,43.86574074074074,2.1108179419525066,97.8891820580475,71.2401055408971,26.649076517150394
11519,11,519,935,375,12,363,253,110,40.106951871657756,3.2,96.8,67.46666666666667,29.333333333333332
11520,11,520,861,325,20,305,209,96,37.746806039488966,6.153846153846154,93.84615384615384,64.3076923076923,29.53846153846154
11521,11,521,1063,393,18,375,246,129,36.97083725305739,4.580152671755725,95.41984732824427,62.59541984732825,32.82442748091603
11522,11,522,997,376,13,363,257,106,37.71313941825476,3.4574468085106385,96.54255319148936,68.35106382978722,28.191489361702125
11523,11,523,1013,417,12,405,303,102,41.16485686080948,2.877697841726619,97.12230215827337,72.66187050359713,24.46043165467626
11524,11,524,879,375,8,367,287,80,42.66211604095563,2.1333333333333333,97.86666666666667,76.53333333333333,21.333333333333336
11525,11,525,959,408,8,400,298,102,42.54431699687174,1.9607843137254901,98.0392156862745,73.0392156862745,25.0
11526,11,526,1054,466,6,460,292,168,44.212523719165084,1.2875536480686696,98.71244635193133,62.66094420600859,36.05150214592275
11527,11,527,922,372,8,364,242,122,40.3470715835141,2.1505376344086025,97.84946236559139,65.05376344086021,32.795698924731184
11528,11,528,960,402,14,388,261,127,41.875,3.482587064676617,96.51741293532339,64.92537313432835,31.592039800995025
11529,11,529,1129,429,18,411,271,140,37.998228520814884,4.195804195804196,95.8041958041958,63.17016317016317,32.634032634032636
11530,11,530,1033,377,14,363,226,137,36.49564375605034,3.7135278514588856,96.28647214854111,59.94694960212201,36.339522546419104
11531,11,531,951,408,17,391,224,167,42.90220820189275,4.166666666666666,95.83333333333334,54.90196078431373,40.931372549019606
11532,11,532,1106,400,10,390,264,126,36.166365280289334,2.5,97.5,66.0,31.5
11533,11,533,896,370,11,359,255,104,41.294642857142854,2.9729729729729732,97.02702702702702,68.91891891891892,28.10810810810811
11534,11,534,1142,444,18,426,293,133,38.879159369527144,4.054054054054054,95.94594594594594,65.990990990991,29.954954954954953
11601,11,601,970,459,15,444,303,141,47.319587628865975,3.2679738562091507,96.73202614379085,66.01307189542483,30.718954248366014
11602,11,602,890,358,9,349,195,154,40.2247191011236,2.5139664804469275,97.48603351955308,54.46927374301676,43.01675977653631
11603,11,603,830,398,8,390,163,227,47.95180722891566,2.0100502512562812,97.98994974874373,40.95477386934673,57.03517587939698
11604,11,604,941,358,7,351,254,97,38.04463336875664,1.9553072625698324,98.04469273743017,70.94972067039106,27.09497206703911
11605,11,605,998,381,22,359,227,132,38.17635270541082,5.774278215223097,94.22572178477691,59.580052493438316,34.645669291338585
11606,11,606,1067,396,15,381,249,132,37.11340206185567,3.787878787878788,96.21212121212122,62.878787878787875,33.33333333333333
11607,11,607,1468,600,31,569,381,188,40.87193460490463,5.166666666666667,94.83333333333334,63.5,31.333333333333336
11608,11,608,889,386,17,369,225,144,43.41957255343082,4.404145077720207,95.59585492227978,58.2901554404145,37.30569948186528
11609,11,609,973,373,12,361,149,212,38.335046248715315,3.2171581769436997,96.7828418230563,39.946380697050934,56.83646112600537
11610,11,610,989,365,16,349,237,112,36.905965621840245,4.383561643835616,95.61643835616438,64.93150684931507,30.684931506849317
11611,11,611,946,399,13,386,247,139,42.17758985200846,3.258145363408521,96.74185463659147,61.904761904761905,34.83709273182957
11612,11,612,812,354,5,349,230,119,43.5960591133005,1.4124293785310735,98.58757062146893,64.97175141242938,33.61581920903955
11613,11,613,1018,416,10,406,266,140,40.86444007858546,2.403846153846154,97.59615384615384,63.942307692307686,33.65384615384615
11614,11,614,776,317,12,305,212,93,40.850515463917525,3.7854889589905363,96.21451104100946,66.8769716088328,29.33753943217666
11615,11,615,940,385,7,378,198,180,40.95744680851064,1.8181818181818181,98.18181818181819,51.42857142857142,46.75324675324675
11616,11,616,1075,455,28,427,260,167,42.32558139534884,6.153846153846154,93.84615384615384,57.14285714285714,36.7032967032967
11617,11,617,859,334,8,326,203,123,38.882421420256115,2.3952095808383236,97.60479041916167,60.778443113772454,36.82634730538922
11618,11,618,798,370,6,364,222,142,46.365914786967416,1.6216216216216217,98.37837837837839,60.0,38.37837837837838
11619,11,619,801,331,14,317,191,126,41.32334581772784,4.229607250755287,95.77039274924472,57.70392749244713,38.066465256797585
11620,11,620,738,368,3,365,149,216,49.86449864498645,0.8152173913043478,99.18478260869566,40.48913043478261,58.69565217391305
11621,11,621,824,336,1,335,174,161,40.77669902912621,0.2976190476190476,99.70238095238095,51.78571428571429,47.91666666666667
11622,11,622,792,366,6,360,194,166,46.21212121212121,1.639344262295082,98.36065573770492,53.00546448087432,45.3551912568306
11623,11,623,956,463,10,453,248,205,48.43096234309623,2.159827213822894,97.8401727861771,53.56371490280778,44.27645788336933
11624,11,624,921,404,15,389,250,139,43.865363735070574,3.7128712871287126,96.28712871287128,61.88118811881188,34.4059405940594
11625,11,625,864,382,10,372,228,144,44.21296296296296,2.6178010471204187,97.38219895287958,59.68586387434554,37.696335078534034
11626,11,626,878,392,3,389,199,190,44.64692482915717,0.7653061224489796,99.23469387755102,50.76530612244898,48.46938775510204
11627,11,627,942,374,5,369,197,172,39.70276008492569,1.3368983957219251,98.66310160427807,52.67379679144385,45.98930481283423
11628,11,628,847,377,11,366,225,141,44.510035419126325,2.9177718832891246,97.08222811671088,59.6816976127321,37.40053050397878
11629,11,629,878,388,17,371,231,140,44.19134396355353,4.381443298969072,95.61855670103093,59.5360824742268,36.08247422680412
11630,11,630,892,365,8,357,215,142,40.91928251121077,2.191780821917808,97.80821917808218,58.9041095890411,38.9041095890411
11631,11,631,786,359,10,349,243,106,45.67430025445292,2.785515320334262,97.21448467966573,67.68802228412257,29.526462395543174
11632,11,632,828,350,10,340,190,150,42.270531400966185,2.857142857142857,97.14285714285714,54.285714285714285,42.857142857142854
11633,11,633,917,449,21,428,232,196,48.964013086150494,4.67706013363029,95.32293986636972,51.67037861915368,43.652561247216035
11634,11,634,655,291,1,290,100,190,44.42748091603053,0.3436426116838488,99.65635738831615,34.36426116838488,65.29209621993127
111A,11,1A,0,597,5,592,342,250,inf,0.8375209380234505,99.16247906197655,57.286432160804026,41.87604690117253
111B,11,1B,0,459,3,456,270,186,inf,0.6535947712418301,99.34640522875817,58.82352941176471,40.52287581699346
111C,11,1C,0,644,12,632,347,285,inf,1.8633540372670807,98.13664596273291,53.881987577639755,44.254658385093165
111D,11,1D,0,602,14,588,377,211,inf,2.3255813953488373,97.67441860465115,62.62458471760798,35.04983388704319
111E,11,1E,0,378,5,373,254,119,inf,1.3227513227513228,98.67724867724867,67.1957671957672,31.48148148148148
111F,11,1F,0,568,17,551,303,248,inf,2.992957746478873,97.00704225352112,53.345070422535215,43.66197183098591
111G,11,1G,0,456,4,452,305,147,inf,0.8771929824561403,99.12280701754386,66.8859649122807,32.23684210526316
111H,11,1H,0,452,5,447,251,196,inf,1.1061946902654867,98.89380530973452,55.530973451327434,43.36283185840708
111I,11,1I,0,402,3,399,271,128,inf,0.7462686567164178,99.25373134328358,67.41293532338308,31.8407960199005
111K,11,1K,0,356,8,348,205,143,inf,2.247191011235955,97.75280898876404,57.58426966292135,40.168539325842694
111L,11,1L,0,419,5,414,266,148,inf,1.1933174224343674,98.80668257756562,63.48448687350835,35.32219570405728
111M,11,1M,0,432,6,426,215,211,inf,1.3888888888888888,98.61111111111111,49.76851851851852,48.842592592592595
111N,11,1N,0,572,12,560,246,314,inf,2.097902097902098,97.9020979020979,43.00699300699301,54.89510489510489
111P,11,1P,0,515,12,503,323,180,inf,2.3300970873786406,97.66990291262137,62.71844660194175,34.95145631067961
111Q,11,1Q,0,261,3,258,164,94,inf,1.1494252873563218,98.85057471264368,62.83524904214559,36.015325670498086
111R,11,1R,0,364,3,361,276,85,inf,0.8241758241758242,99.17582417582418,75.82417582417582,23.35164835164835
111S,11,1S,0,358,6,352,247,105,inf,1.675977653631285,98.32402234636871,68.99441340782123,29.329608938547487
111T,11,1T,0,344,7,337,249,88,inf,2.0348837209302326,97.96511627906976,72.38372093023256,25.581395348837212
112A,11,2A,0,542,9,533,349,184,inf,1.6605166051660518,98.33948339483395,64.39114391143912,33.94833948339483
112B,11,2B,0,428,9,419,307,112,inf,2.102803738317757,97.89719626168224,71.72897196261682,26.168224299065418
112C,11,2C,0,417,5,412,311,101,inf,1.1990407673860912,98.8009592326139,74.58033573141488,24.22062350119904
112D,11,2D,0,595,6,589,337,252,inf,1.0084033613445378,98.99159663865547,56.63865546218487,42.35294117647059
112E,11,2E,0,711,6,705,384,321,inf,0.8438818565400843,99.15611814345992,54.008438818565395,45.14767932489451
112F,11,2F,0,490,3,487,288,199,inf,0.6122448979591837,99.38775510204081,58.77551020408164,40.61224489795918
112G,11,2G,0,552,4,548,333,215,inf,0.7246376811594203,99.27536231884058,60.32608695652174,38.94927536231884
112H,11,2H,0,775,12,763,382,381,inf,1.5483870967741935,98.45161290322581,49.29032258064516,49.16129032258065
112I,11,2I,0,502,9,493,297,196,inf,1.7928286852589643,98.20717131474103,59.16334661354582,39.04382470119522
112K,11,2K,0,523,4,519,311,208,inf,0.7648183556405354,99.23518164435946,59.46462715105163,39.77055449330784
112L,11,2L,0,715,7,708,385,323,inf,0.9790209790209791,99.02097902097901,53.84615384615385,45.17482517482517
112M,11,2M,0,617,8,609,363,246,inf,1.2965964343598055,98.70340356564019,58.83306320907617,39.87034035656402
112N,11,2N,0,655,6,649,384,265,inf,0.9160305343511451,99.08396946564886,58.62595419847329,40.458015267175576
112P,11,2P,0,556,7,549,369,180,inf,1.2589928057553956,98.7410071942446,66.36690647482014,32.37410071942446
112Q,11,2Q,0,608,13,595,376,219,inf,2.138157894736842,97.86184210526315,61.8421052631579,36.01973684210527
112R,11,2R,0,712,14,698,501,197,inf,1.9662921348314606,98.03370786516854,70.36516853932584,27.668539325842694
112S,11,2S,0,604,3,601,400,201,inf,0.49668874172185434,99.50331125827815,66.22516556291392,33.27814569536424
113A,11,3A,0,678,5,673,398,275,inf,0.7374631268436578,99.26253687315634,58.70206489675516,40.56047197640118
113B,11,3B,0,620,5,615,384,231,inf,0.8064516129032258,99.19354838709677,61.935483870967744,37.25806451612903
113C,11,3C,0,542,7,535,382,153,inf,1.2915129151291513,98.70848708487084,70.47970479704797,28.228782287822877
113D,11,3D,0,569,9,560,390,170,inf,1.5817223198594026,98.41827768014059,68.54130052724078,29.876977152899826
113E,11,3E,0,614,6,608,396,212,inf,0.9771986970684038,99.0228013029316,64.49511400651465,34.527687296416936
113F,11,3F,0,707,5,702,373,329,inf,0.7072135785007072,99.29278642149929,52.75813295615276,46.53465346534654
113G,11,3G,0,608,11,597,375,222,inf,1.8092105263157896,98.19078947368422,61.67763157894737,36.51315789473684
113H,11,3H,0,406,7,399,221,178,inf,1.7241379310344827,98.27586206896551,54.43349753694581,43.84236453201971
113I,11,3I,0,553,7,546,326,220,inf,1.2658227848101267,98.73417721518987,58.95117540687161,39.78300180831826
113K,11,3K,0,457,3,454,249,205,inf,0.6564551422319475,99.34354485776805,54.48577680525164,44.85776805251641
113L,11,3L,0,734,7,727,464,263,inf,0.9536784741144414,99.04632152588556,63.21525885558583,35.83106267029973
113M,11,3M,0,515,6,509,334,175,inf,1.1650485436893203,98.83495145631068,64.85436893203882,33.980582524271846
113N,11,3N,0,719,4,715,532,183,inf,0.5563282336578581,99.44367176634215,73.99165507649514,25.452016689847014
113P,11,3P,0,548,8,540,367,173,inf,1.4598540145985401,98.54014598540147,66.97080291970804,31.569343065693428
113Q,11,3Q,0,534,1,533,353,180,inf,0.18726591760299627,99.812734082397,66.10486891385767,33.70786516853933
113R,11,3R,0,418,1,417,304,113,inf,0.23923444976076555,99.76076555023924,72.72727272727273,27.033492822966508
113S,11,3S,0,473,2,471,303,168,inf,0.42283298097251587,99.57716701902748,64.05919661733616,35.517970401691336
114A,11,4A,0,597,4,593,382,211,inf,0.6700167504187605,99.32998324958125,63.98659966499163,35.34338358458962
114B,11,4B,0,602,5,597,369,228,inf,0.8305647840531563,99.16943521594685,61.29568106312292,37.87375415282392
114C,11,4C,0,591,6,585,285,300,inf,1.015228426395939,98.98477157360406,48.223350253807105,50.76142131979695
114D,11,4D,0,540,6,534,316,218,inf,1.1111111111111112,98.88888888888889,58.51851851851851,40.370370370370374
114E,11,4E,0,612,6,606,341,265,inf,0.9803921568627451,99.01960784313727,55.71895424836602,43.30065359477124
114F,11,4F,0,590,4,586,450,136,inf,0.6779661016949152,99.32203389830508,76.27118644067797,23.050847457627118
114G,11,4G,0,588,6,582,400,182,inf,1.0204081632653061,98.9795918367347,68.02721088435374,30.952380952380953
114H,11,4H,0,829,6,823,575,248,inf,0.7237635705669482,99.27623642943306,69.36067551266586,29.91556091676719
114I,11,4I,0,726,5,721,526,195,inf,0.6887052341597797,99.31129476584022,72.45179063360881,26.859504132231404
114K,11,4K,0,574,3,571,353,218,inf,0.5226480836236934,99.4773519163763,61.49825783972126,37.97909407665505
114L,11,4L,0,525,6,519,373,146,inf,1.1428571428571428,98.85714285714286,71.04761904761905,27.80952380952381
114M,11,4M,0,660,5,655,468,187,inf,0.7575757575757576,99.24242424242425,70.9090909090909,28.333333333333332
114N,11,4N,0,650,9,641,476,165,inf,1.3846153846153846,98.61538461538461,73.23076923076923,25.384615384615383
114P,11,4P,0,576,11,565,403,162,inf,1.9097222222222223,98.09027777777779,69.96527777777779,28.125
114Q,11,4Q,0,472,1,471,355,116,inf,0.211864406779661,99.78813559322035,75.21186440677965,24.576271186440678
114R,11,4R,0,527,8,519,362,157,inf,1.5180265654648957,98.4819734345351,68.69070208728652,29.79127134724858
114S,11,4S,0,630,8,622,465,157,inf,1.2698412698412698,98.73015873015873,73.80952380952381,24.92063492063492
114T,11,4T,0,677,7,670,472,198,inf,1.03397341211226,98.96602658788774,69.71935007385525,29.246676514032494
115A,11,5A,0,549,3,546,391,155,inf,0.546448087431694,99.4535519125683,71.22040072859745,28.233151183970858
115B,11,5B,0,693,6,687,461,226,inf,0.8658008658008658,99.13419913419914,66.52236652236653,32.61183261183261
115C,11,5C,0,528,9,519,354,165,inf,1.7045454545454544,98.29545454545455,67.04545454545455,31.25
115D,11,5D,0,657,14,643,428,215,inf,2.13089802130898,97.86910197869102,65.14459665144597,32.724505327245055
115E,11,5E,0,514,3,511,363,148,inf,0.5836575875486382,99.41634241245137,70.62256809338521,28.793774319066145
115F,11,5F,0,595,6,589,474,115,inf,1.0084033613445378,98.99159663865547,79.66386554621849,19.327731092436977
115G,11,5G,0,618,3,615,465,150,inf,0.48543689320388345,99.51456310679612,75.24271844660194,24.271844660194176
115H,11,5H,0,686,12,674,470,204,inf,1.749271137026239,98.25072886297376,68.5131195335277,29.737609329446062
115I,11,5I,0,556,5,551,410,141,inf,0.8992805755395683,99.10071942446042,73.7410071942446,25.359712230215827
115K,11,5K,0,615,12,603,414,189,inf,1.951219512195122,98.04878048780488,67.31707317073172,30.73170731707317
115L,11,5L,0,684,8,676,448,228,inf,1.1695906432748537,98.83040935672514,65.49707602339181,33.33333333333333
115M,11,5M,0,674,4,670,522,148,inf,0.5934718100890208,99.40652818991099,77.44807121661721,21.958456973293767
115N,11,5N,0,792,7,785,537,248,inf,0.8838383838383838,99.11616161616162,67.8030303030303,31.313131313131315
115P,11,5P,0,628,9,619,467,152,inf,1.4331210191082804,98.56687898089172,74.36305732484077,24.203821656050955
115Q,11,5Q,0,712,12,700,488,212,inf,1.6853932584269662,98.31460674157303,68.53932584269663,29.775280898876407
115R,11,5R,0,641,13,628,419,209,inf,2.02808112324493,97.97191887675507,65.36661466458659,32.605304212168484
115S,11,5S,0,594,9,585,401,184,inf,1.5151515151515151,98.48484848484848,67.50841750841751,30.976430976430976
116A,11,6A,0,690,9,681,458,223,inf,1.3043478260869565,98.69565217391305,66.3768115942029,32.31884057971015
116B,11,6B,0,709,18,691,476,215,inf,2.538787023977433,97.46121297602257,67.13681241184767,30.32440056417489
116C,11,6C,0,613,7,606,311,295,inf,1.1419249592169658,98.85807504078304,50.73409461663948,48.12398042414356
116D,11,6D,0,613,4,609,406,203,inf,0.6525285481239804,99.34747145187602,66.23164763458401,33.115823817292004
116E,11,6E,0,702,7,695,398,297,inf,0.9971509971509971,99.002849002849,56.69515669515669,42.30769230769231
116F,11,6F,0,620,7,613,342,271,inf,1.129032258064516,98.87096774193549,55.16129032258065,43.70967741935484
116G,11,6G,0,635,5,630,380,250,inf,0.7874015748031495,99.21259842519686,59.84251968503938,39.37007874015748
116H,11,6H,0,559,4,555,353,202,inf,0.7155635062611807,99.28443649373881,63.1484794275492,36.135957066189626
116I,11,6I,0,716,8,708,421,287,inf,1.1173184357541899,98.88268156424581,58.798882681564244,40.08379888268156
116K,11,6K,0,695,13,682,435,247,inf,1.870503597122302,98.1294964028777,62.589928057553955,35.539568345323744
116L,11,6L,0,624,5,619,395,224,inf,0.8012820512820512,99.19871794871796,63.30128205128205,35.8974358974359
116M,11,6M,0,758,8,750,449,301,inf,1.0554089709762533,98.94459102902374,59.23482849604221,39.70976253298153
116N,11,6N,0,598,7,591,290,301,inf,1.1705685618729096,98.82943143812709,48.49498327759198,50.33444816053512
116P,11,6P,0,643,6,637,391,246,inf,0.9331259720062209,99.06687402799378,60.80870917573873,38.25816485225506
116Q,11,6Q,0,723,11,712,433,279,inf,1.5214384508990317,98.47856154910097,59.88934993084371,38.589211618257266
116R,11,6R,0,663,6,657,424,233,inf,0.904977375565611,99.09502262443439,63.95173453996983,35.14328808446455
116S,11,6S,0,661,10,651,308,343,inf,1.5128593040847202,98.48714069591527,46.59606656580938,51.8910741301059
12101,12,101,1145,421,30,391,187,204,36.76855895196506,7.1258907363420425,92.87410926365796,44.418052256532064,48.45605700712589
12102,12,102,863,334,21,313,208,105,38.70220162224797,6.287425149700598,93.7125748502994,62.27544910179641,31.437125748502993
12103,12,103,803,309,23,286,192,94,38.48069738480697,7.443365695792881,92.55663430420712,62.13592233009708,30.42071197411003
12104,12,104,846,361,13,348,233,115,42.671394799054376,3.6011080332409975,96.39889196675901,64.54293628808865,31.855955678670362
12105,12,105,974,326,11,315,234,81,33.47022587268994,3.374233128834356,96.62576687116564,71.77914110429448,24.846625766871167
12106,12,106,1137,440,23,417,282,135,38.698328935795956,5.227272727272727,94.77272727272728,64.0909090909091,30.681818181818183
12107,12,107,862,377,9,368,186,182,43.735498839907194,2.3872679045092835,97.61273209549071,49.3368700265252,48.275862068965516
12108,12,108,1167,497,28,469,285,184,42.58783204798629,5.633802816901409,94.36619718309859,57.3440643863179,37.02213279678068
12109,12,109,888,292,11,281,175,106,32.88288288288289,3.767123287671233,96.23287671232876,59.93150684931506,36.3013698630137
12110,12,110,912,304,11,293,173,120,33.33333333333333,3.618421052631579,96.38157894736842,56.9078947368421,39.473684210526315
12111,12,111,1147,450,25,425,278,147,39.23278116826504,5.555555555555555,94.44444444444444,61.77777777777778,32.666666666666664
12112,12,112,1199,436,11,425,225,200,36.36363636363637,2.522935779816514,97.47706422018348,51.60550458715596,45.87155963302752
12113,12,113,947,412,14,398,241,157,43.50580781414995,3.3980582524271843,96.60194174757282,58.495145631067956,38.10679611650485
12114,12,114,1422,480,30,450,330,120,33.755274261603375,6.25,93.75,68.75,25.0
12115,12,115,1016,393,20,373,263,110,38.681102362204726,5.089058524173027,94.91094147582697,66.92111959287533,27.989821882951656
12116,12,116,1034,430,17,413,283,130,41.58607350096712,3.953488372093023,96.04651162790697,65.81395348837209,30.23255813953488
12117,12,117,1093,367,15,352,236,116,33.57731015553522,4.087193460490464,95.91280653950953,64.30517711171662,31.607629427792915
12118,12,118,1142,361,19,342,222,120,31.61120840630473,5.263157894736842,94.73684210526315,61.495844875346265,33.2409972299169
12119,12,119,1282,462,2,460,290,170,36.037441497659906,0.4329004329004329,99.56709956709958,62.77056277056276,36.79653679653679
12120,12,120,1287,530,29,501,312,189,41.18104118104118,5.471698113207547,94.52830188679245,58.867924528301884,35.660377358490564
12121,12,121,1125,427,9,418,281,137,37.955555555555556,2.107728337236534,97.89227166276346,65.807962529274,32.08430913348946
12122,12,122,1155,436,21,415,289,126,37.74891774891775,4.81651376146789,95.18348623853211,66.28440366972477,28.899082568807337
12123,12,123,1205,408,16,392,246,146,33.85892116182573,3.9215686274509802,96.07843137254902,60.29411764705882,35.78431372549019
12124,12,124,1152,447,18,429,292,137,38.80208333333333,4.026845637583892,95.9731543624161,65.32438478747203,30.648769574944073
12125,12,125,1202,475,24,451,309,142,39.51747088186356,5.052631578947368,94.94736842105263,65.05263157894737,29.894736842105264
12126,12,126,1329,534,27,507,350,157,40.18058690744921,5.056179775280898,94.9438202247191,65.54307116104869,29.40074906367041
12201,12,201,1072,464,41,423,243,180,43.28358208955223,8.836206896551724,91.16379310344827,52.370689655172406,38.793103448275865
12202,12,202,1150,405,8,397,242,155,35.21739130434783,1.9753086419753085,98.0246913580247,59.75308641975309,38.2716049382716
12203,12,203,1164,507,11,496,171,325,43.55670103092783,2.1696252465483234,97.83037475345168,33.72781065088758,64.1025641025641
12204,12,204,955,377,19,358,154,204,39.47643979057592,5.039787798408488,94.9602122015915,40.84880636604775,54.11140583554377
12205,12,205,759,344,8,336,174,162,45.3227931488801,2.3255813953488373,97.67441860465115,50.58139534883721,47.093023255813954
12206,12,206,1282,394,2,392,189,203,30.733229329173167,0.5076142131979695,99.49238578680203,47.96954314720812,51.52284263959391
12207,12,207,1323,504,27,477,317,160,38.095238095238095,5.357142857142857,94.64285714285714,62.89682539682539,31.746031746031743
12208,12,208,1221,486,29,457,301,156,39.80343980343981,5.967078189300412,94.03292181069959,61.934156378600825,32.098765432098766
12209,12,209,1228,442,27,415,252,163,35.99348534201955,6.108597285067873,93.89140271493213,57.01357466063348,36.87782805429865
12210,12,210,1216,387,19,368,201,167,31.825657894736842,4.909560723514212,95.09043927648578,51.93798449612403,43.15245478036176
12211,12,211,1333,537,28,509,248,261,40.28507126781695,5.21415270018622,94.78584729981378,46.18249534450652,48.60335195530726
12212,12,212,1262,479,48,431,243,188,37.955625990491285,10.020876826722338,89.97912317327767,50.73068893528184,39.24843423799583
12213,12,213,1132,463,26,437,250,187,40.90106007067138,5.615550755939525,94.38444924406048,53.99568034557235,40.38876889848812
12214,12,214,1261,492,22,470,276,194,39.016653449643144,4.471544715447155,95.52845528455285,56.09756097560976,39.43089430894309
12215,12,215,1345,527,23,504,274,230,39.182156133829,4.364326375711575,95.63567362428842,51.992409867172675,43.643263757115754
12216,12,216,924,353,30,323,208,115,38.20346320346321,8.498583569405099,91.5014164305949,58.92351274787535,32.577903682719544
12217,12,217,1201,471,23,448,269,179,39.217318900915906,4.8832271762208075,95.1167728237792,57.11252653927813,38.004246284501065
12218,12,218,1006,294,13,281,197,84,29.22465208747515,4.421768707482993,95.578231292517,67.00680272108843,28.57142857142857
12219,12,219,1015,402,16,386,225,161,39.60591133004926,3.9800995024875623,96.01990049751244,55.970149253731336,40.049751243781095
12220,12,220,1196,452,8,444,317,127,37.79264214046823,1.7699115044247788,98.23008849557522,70.13274336283186,28.097345132743364
12221,12,221,1275,445,37,408,238,170,34.90196078431372,8.314606741573034,91.68539325842696,53.48314606741573,38.20224719101123
12222,12,222,1306,522,13,509,356,153,39.96937212863706,2.490421455938697,97.5095785440613,68.19923371647509,29.310344827586203
12223,12,223,564,290,13,277,106,171,51.41843971631206,4.482758620689655,95.51724137931035,36.55172413793103,58.9655172413793
12224,12,224,330,152,8,144,84,60,46.06060606060606,5.263157894736842,94.73684210526315,55.26315789473685,39.473684210526315
12225,12,225,1158,432,24,408,221,187,37.30569948186528,5.555555555555555,94.44444444444444,51.157407407407405,43.28703703703704
12226,12,226,965,376,39,337,189,148,38.96373056994818,10.372340425531915,89.62765957446808,50.26595744680851,39.361702127659576
12301,12,301,1313,603,23,580,158,422,45.925361766945926,3.814262023217247,96.18573797678275,26.202321724709783,69.98341625207297
12302,12,302,1232,527,25,502,180,322,42.77597402597403,4.743833017077799,95.2561669829222,34.15559772296015,61.10056925996204
12303,12,303,1230,535,15,520,196,324,43.49593495934959,2.803738317757009,97.19626168224299,36.63551401869159,60.5607476635514
12304,12,304,1032,404,15,389,136,253,39.14728682170542,3.7128712871287126,96.28712871287128,33.663366336633665,62.62376237623762
12305,12,305,1247,533,43,490,169,321,42.74258219727346,8.067542213883677,91.93245778611632,31.70731707317073,60.22514071294559
12306,12,306,1375,587,14,573,206,367,42.69090909090909,2.385008517887564,97.61499148211243,35.09369676320272,62.521294718909715
12307,12,307,1357,601,25,576,192,384,44.28887251289609,4.159733777038269,95.84026622296173,31.94675540765391,63.89351081530782
12308,12,308,1264,498,14,484,168,316,39.39873417721519,2.8112449799196786,97.18875502008032,33.734939759036145,63.45381526104418
12309,12,309,1288,522,26,496,224,272,40.52795031055901,4.980842911877394,95.01915708812261,42.911877394636015,52.10727969348659
12310,12,310,1181,496,9,487,172,315,41.99830651989839,1.8145161290322582,98.18548387096774,34.67741935483871,63.50806451612904
12311,12,311,1210,495,25,470,166,304,40.909090909090914,5.05050505050505,94.94949494949495,33.535353535353536,61.41414141414141
12312,12,312,1334,540,17,523,182,341,40.479760119940025,3.148148148148148,96.85185185185186,33.7037037037037,63.14814814814815
12313,12,313,1256,518,23,495,188,307,41.24203821656051,4.440154440154441,95.55984555984556,36.293436293436294,59.26640926640927
12314,12,314,1210,513,28,485,251,234,42.396694214876035,5.458089668615984,94.54191033138402,48.927875243664715,45.614035087719294
12315,12,315,1187,480,16,464,145,319,40.438079191238415,3.3333333333333335,96.66666666666667,30.208333333333332,66.45833333333333
12316,12,316,1315,528,14,514,274,240,40.152091254752854,2.6515151515151514,97.34848484848484,51.89393939393939,45.45454545454545
12317,12,317,1270,480,45,435,226,209,37.79527559055118,9.375,90.625,47.083333333333336,43.541666666666664
12318,12,318,1193,550,16,534,164,370,46.102263202011734,2.909090909090909,97.0909090909091,29.818181818181817,67.27272727272727
12319,12,319,1357,518,49,469,266,203,38.17243920412675,9.45945945945946,90.54054054054053,51.35135135135135,39.189189189189186
12320,12,320,1137,421,30,391,258,133,37.02726473175022,7.1258907363420425,92.87410926365796,61.282660332541575,31.59144893111639
12321,12,321,1275,561,31,530,302,228,44.0,5.525846702317291,94.4741532976827,53.83244206773619,40.64171122994652
12322,12,322,1363,573,42,531,313,218,42.03961848862803,7.329842931937172,92.67015706806284,54.62478184991274,38.045375218150085
12323,12,323,1072,443,21,422,138,284,41.32462686567165,4.740406320541761,95.25959367945825,31.15124153498871,64.10835214446952
12324,12,324,250,127,5,122,50,72,50.8,3.937007874015748,96.06299212598425,39.37007874015748,56.69291338582677
12325,12,325,1221,519,29,490,216,274,42.50614250614251,5.5876685934489405,94.41233140655106,41.61849710982659,52.79383429672448
12401,12,401,1454,647,18,629,235,394,44.49793672627235,2.7820710973724885,97.21792890262752,36.321483771251934,60.89644513137558
12402,12,402,1223,479,12,467,238,229,39.16598528209321,2.5052192066805845,97.4947807933194,49.68684759916493,47.80793319415449
12403,12,403,1147,404,16,388,174,214,35.222319093286835,3.9603960396039604,96.03960396039604,43.06930693069307,52.97029702970298
12404,12,404,1184,420,22,398,279,119,35.47297297297297,5.238095238095238,94.76190476190476,66.42857142857143,28.333333333333332
12405,12,405,1318,495,46,449,289,160,37.55690440060698,9.292929292929292,90.7070707070707,58.38383838383838,32.323232323232325
12406,12,406,1325,516,20,496,266,230,38.943396226415096,3.875968992248062,96.12403100775194,51.55038759689923,44.57364341085272
12407,12,407,1152,565,20,545,228,317,49.04513888888889,3.5398230088495577,96.46017699115043,40.35398230088496,56.10619469026549
12408,12,408,1396,658,24,634,281,353,47.134670487106014,3.64741641337386,96.35258358662614,42.70516717325228,53.64741641337386
12409,12,409,1153,467,15,452,193,259,40.503035559410236,3.2119914346895073,96.78800856531049,41.32762312633833,55.46038543897216
12410,12,410,1027,506,35,471,241,230,49.269717624148,6.91699604743083,93.08300395256917,47.62845849802372,45.45454545454545
12411,12,411,887,418,19,399,182,217,47.12514092446449,4.545454545454546,95.45454545454545,43.54066985645933,51.91387559808612
12412,12,412,1363,619,26,593,299,294,45.41452677916361,4.20032310177706,95.79967689822294,48.30371567043619,47.49596122778675
12413,12,413,1331,525,17,508,213,295,39.44402704733283,3.2380952380952377,96.76190476190476,40.57142857142857,56.19047619047619
12414,12,414,1420,593,17,576,297,279,41.76056338028169,2.866779089376054,97.13322091062395,50.084317032040474,47.048903878583474
12415,12,415,1347,530,27,503,292,211,39.346696362286565,5.09433962264151,94.90566037735849,55.094339622641506,39.81132075471698
12416,12,416,1346,583,10,573,343,230,43.31352154531947,1.7152658662092626,98.28473413379074,58.83361921097771,39.451114922813034
12417,12,417,1382,500,27,473,189,284,36.1794500723589,5.4,94.6,37.8,56.8
12418,12,418,1369,548,27,521,296,225,40.02921840759679,4.927007299270073,95.07299270072993,54.01459854014598,41.058394160583944
12419,12,419,1440,539,28,511,226,285,37.43055555555556,5.194805194805195,94.8051948051948,41.929499072356215,52.875695732838594
12420,12,420,1302,527,0,527,300,227,40.476190476190474,0.0,100.0,56.92599620493358,43.07400379506641
12421,12,421,1117,553,22,531,235,296,49.5076096687556,3.9783001808318263,96.02169981916818,42.495479204339965,53.52622061482821
12422,12,422,1164,565,26,539,259,280,48.539518900343644,4.601769911504425,95.39823008849557,45.84070796460177,49.557522123893804
12423,12,423,1291,563,23,540,313,227,43.609604957397366,4.085257548845471,95.91474245115454,55.59502664298401,40.319715808170514
12424,12,424,1295,463,26,437,178,259,35.75289575289575,5.615550755939525,94.38444924406048,38.44492440604751,55.93952483801296
12425,12,425,994,480,31,449,207,242,48.2897384305835,6.458333333333334,93.54166666666667,43.125,50.416666666666664
12426,12,426,953,332,16,316,176,140,34.83735571878279,4.819277108433735,95.18072289156626,53.01204819277109,42.168674698795186
12427,12,427,1241,424,13,411,240,171,34.16599516518936,3.0660377358490565,96.93396226415094,56.60377358490566,40.33018867924528
12501,12,501,1192,539,25,514,203,311,45.218120805369125,4.638218923933209,95.36178107606679,37.66233766233766,57.69944341372912
12502,12,502,1269,514,23,491,189,302,40.5043341213554,4.474708171206226,95.52529182879378,36.77042801556421,58.754863813229576
12503,12,503,1344,582,23,559,223,336,43.30357142857143,3.951890034364261,96.04810996563575,38.31615120274915,57.73195876288659
12504,12,504,1231,464,19,445,287,158,37.692932575142166,4.094827586206897,95.90517241379311,61.853448275862064,34.05172413793103
12505,12,505,842,355,16,339,160,179,42.16152019002376,4.507042253521127,95.49295774647887,45.07042253521127,50.42253521126761
12506,12,506,855,391,15,376,199,177,45.73099415204678,3.8363171355498724,96.16368286445012,50.89514066496164,45.26854219948849
12507,12,507,804,315,12,303,214,89,39.17910447761194,3.8095238095238098,96.19047619047619,67.93650793650794,28.253968253968253
12508,12,508,626,260,23,237,165,72,41.533546325878596,8.846153846153847,91.15384615384615,63.46153846153846,27.692307692307693
12509,12,509,958,389,35,354,235,119,40.60542797494781,8.997429305912597,91.00257069408741,60.411311053984576,30.59125964010283
12510,12,510,736,271,13,258,165,93,36.82065217391305,4.797047970479705,95.20295202952029,60.88560885608856,34.31734317343174
12511,12,511,1140,410,20,390,263,127,35.96491228070175,4.878048780487805,95.1219512195122,64.14634146341463,30.975609756097562
12512,12,512,958,425,35,390,241,149,44.363256784968684,8.235294117647058,91.76470588235294,56.705882352941174,35.05882352941177
12513,12,513,1177,422,17,405,256,149,35.853865760407814,4.028436018957346,95.97156398104265,60.66350710900474,35.308056872037916
12514,12,514,1220,393,31,362,252,110,32.213114754098356,7.888040712468193,92.1119592875318,64.12213740458014,27.989821882951656
12515,12,515,822,326,30,296,177,119,39.65936739659367,9.202453987730062,90.79754601226993,54.29447852760736,36.50306748466258
12516,12,516,1233,503,26,477,310,167,40.794809407948094,5.168986083499006,94.83101391650099,61.63021868787276,33.20079522862823
12517,12,517,920,641,337,304,221,83,69.67391304347827,52.574102964118566,47.425897035881434,34.477379095163805,12.948517940717629
12518,12,518,1141,452,41,411,218,193,39.61437335670465,9.070796460176991,90.929203539823,48.23008849557522,42.69911504424779
12519,12,519,1076,436,31,405,247,158,40.520446096654275,7.110091743119266,92.88990825688074,56.65137614678899,36.23853211009174
12520,12,520,981,280,27,253,168,85,28.54230377166157,9.642857142857144,90.35714285714286,60.0,30.357142857142854
12521,12,521,1031,369,14,355,160,195,35.79049466537342,3.7940379403794036,96.2059620596206,43.360433604336045,52.84552845528455
12522,12,522,784,264,16,248,152,96,33.6734693877551,6.0606060606060606,93.93939393939394,57.57575757575758,36.36363636363637
12523,12,523,1158,498,31,467,311,156,43.005181347150256,6.2248995983935735,93.77510040160642,62.44979919678715,31.32530120481928
12524,12,524,1104,432,22,410,269,141,39.130434782608695,5.092592592592593,94.9074074074074,62.268518518518526,32.63888888888889
12525,12,525,781,322,15,307,123,184,41.2291933418694,4.658385093167702,95.34161490683229,38.19875776397515,57.14285714285714
12526,12,526,1243,510,29,481,280,201,41.02976669348351,5.686274509803922,94.31372549019608,54.90196078431373,39.411764705882355
12601,12,601,266,154,8,146,95,51,57.89473684210527,5.194805194805195,94.8051948051948,61.68831168831169,33.116883116883116
12602,12,602,1313,688,29,659,182,477,52.399086062452405,4.215116279069767,95.78488372093024,26.453488372093027,69.3313953488372
12603,12,603,1172,538,15,523,189,334,45.90443686006826,2.7881040892193307,97.21189591078067,35.130111524163574,62.0817843866171
12604,12,604,1035,456,9,447,117,330,44.05797101449275,1.9736842105263157,98.02631578947368,25.657894736842106,72.36842105263158
12605,12,605,902,406,16,390,125,265,45.01108647450111,3.9408866995073892,96.05911330049261,30.78817733990148,65.27093596059113
12606,12,606,1232,540,19,521,144,377,43.83116883116883,3.5185185185185186,96.48148148148148,26.666666666666668,69.81481481481482
12607,12,607,1009,467,19,448,137,311,46.28344895936571,4.068522483940043,95.93147751605996,29.336188436830835,66.59528907922912
12608,12,608,722,293,16,277,73,204,40.581717451523545,5.460750853242321,94.53924914675767,24.914675767918087,69.6245733788396
12609,12,609,1270,534,23,511,147,364,42.04724409448819,4.307116104868914,95.69288389513109,27.52808988764045,68.16479400749064
12610,12,610,988,433,31,402,144,258,43.825910931174086,7.159353348729793,92.8406466512702,33.25635103926097,59.58429561200924
12611,12,611,827,381,9,372,106,266,46.07013301088271,2.3622047244094486,97.63779527559055,27.821522309711288,69.81627296587926
12612,12,612,1244,480,14,466,133,333,38.58520900321543,2.9166666666666665,97.08333333333333,27.708333333333336,69.375
12613,12,613,1081,448,18,430,146,284,41.443108233117485,4.017857142857143,95.98214285714286,32.589285714285715,63.39285714285714
12614,12,614,1261,506,16,490,202,288,40.1268834258525,3.1620553359683794,96.83794466403161,39.920948616600796,56.916996047430835
12615,12,615,1300,548,16,532,186,346,42.15384615384615,2.9197080291970803,97.08029197080292,33.941605839416056,63.138686131386855
12616,12,616,1221,516,30,486,147,339,42.26044226044226,5.813953488372093,94.18604651162791,28.488372093023255,65.69767441860465
12617,12,617,1220,500,16,484,219,265,40.98360655737705,3.2,96.8,43.8,53.0
12618,12,618,1255,541,13,528,211,317,43.10756972111554,2.4029574861367835,97.59704251386322,39.00184842883549,58.59519408502772
12619,12,619,1291,641,32,609,195,414,49.65143299767622,4.99219968798752,95.00780031201248,30.42121684867395,64.58658346333853
12620,12,620,1005,460,20,440,155,285,45.77114427860697,4.3478260869565215,95.65217391304348,33.69565217391305,61.95652173913043
12621,12,621,944,429,18,411,166,245,45.44491525423729,4.195804195804196,95.8041958041958,38.6946386946387,57.10955710955711
12622,12,622,1078,475,42,433,119,314,44.063079777365495,8.842105263157894,91.15789473684211,25.05263157894737,66.10526315789474
12623,12,623,892,391,7,384,124,260,43.83408071748879,1.7902813299232736,98.20971867007673,31.713554987212277,66.49616368286445
12624,12,624,1155,543,22,521,229,292,47.01298701298701,4.051565377532229,95.94843462246777,42.173112338858196,53.77532228360957
12625,12,625,1120,531,32,499,193,306,47.410714285714285,6.0263653483992465,93.97363465160076,36.346516007532955,57.6271186440678
12626,12,626,1211,514,18,496,152,344,42.44426094137077,3.501945525291829,96.49805447470817,29.571984435797667,66.9260700389105
121A,12,1A,0,584,9,575,326,249,inf,1.5410958904109588,98.45890410958904,55.821917808219176,42.63698630136986
121B,12,1B,0,397,8,389,240,149,inf,2.0151133501259446,97.98488664987406,60.45340050377834,37.531486146095716
121C,12,1C,0,459,10,449,277,172,inf,2.178649237472767,97.82135076252723,60.348583877995644,37.47276688453159
121D,12,1D,0,445,6,439,243,196,inf,1.348314606741573,98.65168539325843,54.606741573033716,44.04494382022472
121E,12,1E,0,397,6,391,231,160,inf,1.5113350125944585,98.48866498740554,58.18639798488665,40.302267002518896
121F,12,1F,0,589,8,581,373,208,inf,1.3582342954159592,98.64176570458405,63.3276740237691,35.31409168081494
121G,12,1G,0,688,14,674,366,308,inf,2.0348837209302326,97.96511627906976,53.19767441860465,44.76744186046512
121H,12,1H,0,461,10,451,295,156,inf,2.1691973969631237,97.83080260303689,63.99132321041214,33.839479392624725
121I,12,1I,0,506,13,493,312,181,inf,2.5691699604743086,97.4308300395257,61.6600790513834,35.77075098814229
121J,12,1J,0,648,7,641,398,243,inf,1.0802469135802468,98.91975308641975,61.419753086419746,37.5
121K,12,1K,0,540,1,539,330,209,inf,0.1851851851851852,99.81481481481481,61.111111111111114,38.7037037037037
121L,12,1L,0,642,8,634,411,223,inf,1.2461059190031152,98.75389408099689,64.01869158878505,34.73520249221183
121M,12,1M,0,562,6,556,403,153,inf,1.0676156583629894,98.93238434163702,71.70818505338077,27.22419928825623
122A,12,2A,0,592,6,586,311,275,inf,1.0135135135135136,98.98648648648648,52.53378378378378,46.4527027027027
122B,12,2B,0,791,24,767,434,333,inf,3.034134007585335,96.96586599241466,54.86725663716814,42.09860935524652
122C,12,2C,0,490,54,436,163,273,inf,11.020408163265307,88.9795918367347,33.265306122448976,55.714285714285715
122D,12,2D,0,565,11,554,270,284,inf,1.9469026548672566,98.05309734513274,47.78761061946903,50.26548672566372
122E,12,2E,0,642,13,629,355,274,inf,2.0249221183800623,97.97507788161994,55.295950155763244,42.679127725856695
122F,12,2F,0,670,16,654,337,317,inf,2.3880597014925375,97.61194029850746,50.29850746268657,47.3134328358209
122G,12,2G,0,740,16,724,358,366,inf,2.1621621621621623,97.83783783783784,48.37837837837838,49.45945945945946
122H,12,2H,0,617,7,610,344,266,inf,1.1345218800648298,98.86547811993516,55.753646677471636,43.11183144246353
122I,12,2I,0,612,8,604,297,307,inf,1.3071895424836601,98.69281045751634,48.529411764705884,50.16339869281046
122J,12,2J,0,415,6,409,241,168,inf,1.4457831325301205,98.55421686746988,58.07228915662651,40.48192771084337
122K,12,2K,0,643,10,633,330,303,inf,1.5552099533437014,98.4447900466563,51.32192846034215,47.12286158631415
122L,12,2L,0,487,6,481,257,224,inf,1.2320328542094456,98.76796714579056,52.772073921971256,45.9958932238193
122M,12,2M,0,480,8,472,252,220,inf,1.6666666666666667,98.33333333333333,52.5,45.83333333333333
123A,12,3A,0,507,7,500,163,337,inf,1.3806706114398422,98.61932938856016,32.149901380670606,66.46942800788955
123B,12,3B,0,916,14,902,356,546,inf,1.5283842794759825,98.47161572052401,38.864628820960704,59.60698689956332
123C,12,3C,0,566,7,559,209,350,inf,1.2367491166077738,98.76325088339223,36.92579505300353,61.83745583038869
123D,12,3D,0,834,9,825,329,496,inf,1.079136690647482,98.92086330935251,39.4484412470024,59.47242206235012
123E,12,3E,0,1122,15,1107,358,749,inf,1.3368983957219251,98.66310160427807,31.907308377896616,66.75579322638147
123F,12,3F,0,1114,16,1098,366,732,inf,1.436265709156194,98.56373429084381,32.85457809694793,65.70915619389586
123G,12,3G,0,486,5,481,156,325,inf,1.02880658436214,98.97119341563786,32.098765432098766,66.8724279835391
123H,12,3H,0,948,13,935,312,623,inf,1.3713080168776373,98.62869198312237,32.91139240506329,65.71729957805907
123I,12,3I,0,939,11,928,324,604,inf,1.1714589989350372,98.82854100106496,34.504792332268366,64.32374866879658
123J,12,3J,0,877,5,872,441,431,inf,0.5701254275940707,99.42987457240594,50.28506271379703,49.1448118586089
123K,12,3K,0,745,14,731,391,340,inf,1.8791946308724832,98.12080536912752,52.48322147651007,45.63758389261745
123L,12,3L,0,356,9,347,190,157,inf,2.528089887640449,97.47191011235955,53.37078651685393,44.10112359550562
123M,12,3M,0,617,13,604,364,240,inf,2.106969205834684,97.89303079416531,58.995137763371154,38.897893030794165
123N,12,3N,0,444,5,439,198,241,inf,1.1261261261261262,98.87387387387388,44.5945945945946,54.27927927927928
123P,12,3P,0,497,6,491,181,310,inf,1.2072434607645874,98.79275653923541,36.41851106639839,62.37424547283702
124A,12,4A,0,909,28,881,346,535,inf,3.08030803080308,96.91969196919692,38.06380638063806,58.855885588558856
124B,12,4B,0,725,15,710,298,412,inf,2.0689655172413794,97.93103448275862,41.10344827586207,56.827586206896555
124C,12,4C,0,511,10,501,336,165,inf,1.9569471624266144,98.04305283757338,65.75342465753424,32.28962818003914
124D,12,4D,0,878,11,867,414,453,inf,1.2528473804100226,98.74715261958997,47.15261958997722,51.594533029612755
124E,12,4E,0,952,12,940,389,551,inf,1.2605042016806722,98.73949579831933,40.86134453781513,57.878151260504204
124F,12,4F,0,943,63,880,401,479,inf,6.680805938494168,93.31919406150583,42.52386002120891,50.79533404029692
124G,12,4G,0,702,11,691,286,405,inf,1.566951566951567,98.43304843304843,40.74074074074074,57.692307692307686
124H,12,4H,0,812,14,798,398,400,inf,1.7241379310344827,98.27586206896551,49.01477832512315,49.26108374384236
124I,12,4I,0,735,12,723,377,346,inf,1.6326530612244898,98.36734693877551,51.29251700680272,47.074829931972786
124J,12,4J,0,525,12,513,188,325,inf,2.2857142857142856,97.71428571428571,35.80952380952381,61.904761904761905
124K,12,4K,0,706,14,692,326,366,inf,1.9830028328611897,98.01699716713881,46.1756373937677,51.84135977337111
124L,12,4L,0,580,11,569,273,296,inf,1.896551724137931,98.10344827586206,47.06896551724138,51.03448275862069
124M,12,4M,0,729,14,715,341,374,inf,1.9204389574759946,98.079561042524,46.776406035665296,51.30315500685872
124N,12,4N,0,818,11,807,449,358,inf,1.3447432762836184,98.65525672371638,54.88997555012225,43.76528117359413
125A,12,5A,0,907,11,896,384,512,inf,1.2127894156560088,98.78721058434398,42.33737596471885,56.449834619625136
125B,12,5B,0,639,10,629,250,379,inf,1.5649452269170578,98.43505477308294,39.123630672926446,59.31142410015649
125C,12,5C,0,617,16,601,297,304,inf,2.593192868719611,97.40680713128039,48.13614262560778,49.270664505672606
125D,12,5D,0,428,12,416,246,170,inf,2.803738317757009,97.19626168224299,57.476635514018696,39.719626168224295
125E,12,5E,0,430,13,417,229,188,inf,3.0232558139534884,96.97674418604652,53.25581395348837,43.72093023255814
125F,12,5F,0,483,6,477,264,213,inf,1.2422360248447204,98.75776397515527,54.6583850931677,44.099378881987576
125G,12,5G,0,557,14,543,297,246,inf,2.5134649910233393,97.48653500897666,53.3213644524237,44.165170556552965
125H,12,5H,0,626,21,605,296,309,inf,3.3546325878594248,96.64536741214057,47.284345047923324,49.36102236421725
125I,12,5I,0,760,14,746,361,385,inf,1.8421052631578945,98.15789473684211,47.5,50.6578947368421
125J,12,5J,0,431,5,426,262,164,inf,1.160092807424594,98.83990719257541,60.78886310904872,38.05104408352668
126A,12,6A,0,529,13,516,175,341,inf,2.4574669187145557,97.54253308128544,33.0812854442344,64.46124763705104
126B,12,6B,0,415,3,412,156,256,inf,0.7228915662650602,99.27710843373494,37.59036144578313,61.686746987951814
126C,12,6C,0,541,13,528,141,387,inf,2.4029574861367835,97.59704251386322,26.062846580406656,71.53419593345656
126D,12,6D,0,368,0,368,109,259,inf,0.0,100.0,29.6195652173913,70.38043478260869
126E,12,6E,0,434,4,430,108,322,inf,0.9216589861751152,99.07834101382488,24.88479262672811,74.19354838709677
126F,12,6F,0,364,1,363,116,247,inf,0.27472527472527475,99.72527472527473,31.868131868131865,67.85714285714286
126G,12,6G,0,638,7,631,176,455,inf,1.09717868338558,98.90282131661442,27.586206896551722,71.31661442006269
126H,12,6H,0,563,8,555,167,388,inf,1.4209591474245116,98.57904085257549,29.66252220248668,68.9165186500888
126I,12,6I,0,526,6,520,165,355,inf,1.1406844106463878,98.85931558935361,31.368821292775667,67.49049429657795
126J,12,6J,0,874,4,870,286,584,inf,0.4576659038901602,99.54233409610984,32.723112128146454,66.81922196796339
126K,12,6K,0,474,7,467,184,283,inf,1.4767932489451476,98.52320675105484,38.81856540084388,59.70464135021098
126L,12,6L,0,500,7,493,163,330,inf,1.4000000000000001,98.6,32.6,66.0
126M,12,6M,0,545,3,542,171,371,inf,0.5504587155963303,99.44954128440368,31.376146788990827,68.07339449541284
126N,12,6N,0,495,7,488,207,281,inf,1.4141414141414141,98.58585858585859,41.81818181818181,56.76767676767677
126P,12,6P,0,510,8,502,203,299,inf,1.5686274509803921,98.4313725490196,39.80392156862745,58.62745098039216
126Q,12,6Q,0,449,6,443,186,257,inf,1.3363028953229399,98.66369710467706,41.42538975501114,57.23830734966593
126R,12,6R,0,407,5,402,138,264,inf,1.2285012285012284,98.77149877149877,33.90663390663391,64.86486486486487
126S,12,6S,0,761,12,749,264,485,inf,1.5768725361366622,98.42312746386334,34.69119579500657,63.73193166885677
126T,12,6T,0,449,7,442,127,315,inf,1.55902004454343,98.44097995545657,28.28507795100223,70.15590200445433
126U,12,6U,0,399,4,395,171,224,inf,1.0025062656641603,98.99749373433583,42.857142857142854,56.14035087719298
126V,12,6V,0,373,4,369,175,194,inf,1.0723860589812333,98.92761394101876,46.91689008042895,52.01072386058981
126W,12,6W,0,520,2,518,181,337,inf,0.38461538461538464,99.61538461538461,34.80769230769231,64.8076923076923
